,x,y,labels
0,4.0529437,6.2577834,5
1,15.745515,7.0153484,0
2,1.2394716,14.583251,4
3,-4.31581,1.2445534,1
4,-0.7479854,11.168003,9
5,4.1144123,-0.5097235,2
6,-0.9667094,-4.1628857,1
7,5.6785297,4.088637,3
8,-1.7143214,-3.8841336,1
9,-1.8816998,14.8607645,4
10,6.2271366,4.634699,3
11,2.71964,4.6306353,5
12,6.087362,6.1814427,3
13,11.397077,4.292452,6
14,-0.91738075,-3.168961,1
15,-4.5465026,9.000734,7
16,3.4764438,-1.6126462,2
17,-0.22924253,5.3900914,8
18,10.341382,3.6462348,6
19,-2.109127,9.949136,9
20,1.6602893,14.40719,4
21,16.046446,7.1232467,0
22,-1.7035428,10.328861,9
23,-4.3186383,1.3145785,1
24,-1.9174511,-2.588471,1
25,2.093773,-0.15891068,2
26,-0.6591528,13.312575,4
27,5.976173,4.829166,3
28,-3.8326998,9.072373,2
29,-4.049088,8.329793,7
30,6.339212,6.5799155,3
31,-0.5332377,5.1324506,8
32,10.528004,4.540733,6
33,-2.318383,9.594276,9
34,15.316838,5.914055,0
35,3.1217687,4.697268,5
36,10.520999,3.6250355,6
37,15.512074,6.144582,0
38,-3.7700653,11.357921,7
39,10.961196,4.192611,6
40,-2.6893091,-2.6885345,1
41,0.34087238,5.90069,8
42,-3.5532887,11.020348,7
43,-2.1211877,10.240703,9
44,5.021555,5.5124006,3
45,-0.79058987,10.824474,9
46,0.7182589,6.9812613,8
47,3.100555,5.686186,5
48,5.124024,5.8440075,9
49,5.8244762,4.5329704,3
50,6.8117228,5.4760423,3
51,15.310484,7.7302337,0
52,-5.122697,10.893695,7
53,-1.9126064,13.7053995,4
54,-0.80818003,10.884563,9
55,-0.20408529,6.294896,8
56,14.536845,8.119277,0
57,-1.5979589,10.148493,9
58,0.7704745,14.026392,4
59,-3.7451806,1.274602,1
60,1.6989397,14.655211,4
61,-2.1439996,14.346411,4
62,10.48203,3.1633294,6
63,15.785073,7.214139,0
64,0.29343638,14.996098,4
65,2.590908,4.611915,5
66,10.932279,3.3576107,6
67,-2.755988,-0.5696359,1
68,14.7158,8.8651705,0
69,14.49515,6.4366765,0
70,-1.1650444,-2.72141,1
71,-4.5794826,8.688741,7
72,-1.2835764,-2.460798,1
73,10.956445,3.8004668,6
74,5.6609645,5.551705,3
75,15.304673,6.4301724,0
76,1.7297971,-0.16049644,2
77,-3.8626657,0.40865257,1
78,-3.1658878,0.47844627,1
79,-4.158834,8.433087,7
80,14.083487,6.8663683,9
81,15.281785,6.3398547,0
82,3.7579374,-1.8203706,2
83,11.418339,4.0022426,6
84,-4.262017,10.917215,7
85,0.38858914,5.7100763,8
86,5.9093738,6.6836786,3
87,-1.0881943,9.926129,9
88,14.499673,8.036041,0
89,-1.4250606,15.201018,4
90,11.384099,4.0440254,6
91,-5.01799,9.119858,7
92,0.6438524,13.943414,4
93,10.910426,3.802225,6
94,-0.15715882,6.215715,8
95,15.119628,6.3457594,0
96,-3.9677901,10.246338,7
97,-0.16092044,5.880836,8
98,5.645806,5.4741135,3
99,-3.9913542,0.28761193,1
100,3.1362517,6.640244,5
101,-5.3093476,10.158788,7
102,-1.1404376,-2.9158237,1
103,-4.6499453,9.7538595,7
104,-0.5779086,-4.25127,1
105,-3.0442066,0.30292606,1
106,10.575147,4.2364926,6
107,6.412049,3.999617,3
108,14.890868,8.879574,0
109,3.313781,0.56118923,2
110,1.2556365,12.429961,9
111,5.543954,4.6211762,3
112,-2.6590705,-2.9311652,1
113,-3.10523,1.0170232,1
114,15.880017,8.3696375,0
115,-1.4385782,14.743148,4
116,0.058504894,11.430537,9
117,2.6112754,-0.018465467,2
118,14.714404,7.222895,0
119,16.191332,7.0873294,0
120,-4.363963,9.758987,2
121,15.344184,8.559696,0
122,2.6174018,-0.6100145,2
123,-4.7957664,8.694646,7
124,-1.871344,-1.6919689,1
125,0.52172935,5.880619,8
126,10.29422,4.0441103,6
127,-2.0032504,15.118543,4
128,-2.0166063,-2.746965,1
129,10.969882,2.9827678,6
130,5.55694,4.8583403,3
131,-1.9846004,14.952293,4
132,5.170662,5.847835,5
133,-1.661328,10.986438,9
134,-0.18968713,-4.5290766,1
135,6.042784,3.7688146,3
136,5.646215,6.0425973,3
137,-0.019624554,5.5660906,8
138,5.2636857,6.8213263,5
139,-1.7403871,14.3193655,4
140,-3.247024,9.6862,7
141,-4.1444063,8.356009,7
142,-1.0213444,13.955712,4
143,3.1656878,0.23764756,2
144,1.4094651,7.2488775,8
145,2.7883182,4.966958,5
146,-0.21962251,5.8161926,8
147,10.634458,3.9157202,6
148,-2.885953,9.760587,7
149,5.9248805,5.464173,3
150,-0.92635626,13.108159,4
151,11.22326,3.8955755,6
152,-1.9195347,-1.4787302,1
153,-1.9768083,10.14231,9
154,-4.3719482,11.275918,9
155,11.169605,3.394081,6
156,16.095701,8.231999,0
157,6.080597,3.716334,3
158,-5.1428537,12.317019,7
159,3.0837452,-0.09563417,2
160,1.0251638,7.2408347,8
161,2.3260381,-0.14940603,2
162,-0.09084566,11.908416,9
163,-2.0839646,14.34086,4
164,1.3508872,14.51938,4
165,11.062511,3.6918848,6
166,-1.3797725,14.1558275,4
167,-1.0769737,10.157894,9
168,-3.4202642,9.697623,7
169,14.97995,6.1959434,0
170,0.314726,12.021766,9
171,2.8761067,-0.11992138,2
172,-4.6651864,11.231781,9
173,2.8614957,4.471966,5
174,-2.9785492,-2.4642928,1
175,3.0856621,4.8297095,5
176,-0.33341238,12.162714,9
177,-3.7789764,-0.23269172,1
178,4.7045903,-1.4785731,2
179,5.612855,4.117735,3
180,1.6343772,-0.93931013,2
181,5.4701657,3.906841,3
182,5.5580983,7.055495,5
183,-0.9387569,10.634379,9
184,-0.7672812,-3.8019326,1
185,-5.169772,9.318071,7
186,10.724311,5.3364415,6
187,2.3424373,0.108658805,2
188,0.64650947,7.3127384,8
189,3.0165346,0.27115896,2
190,2.6046944,-0.20855384,2
191,2.6965957,4.8811097,5
192,14.754974,6.6718435,0
193,-5.089107,9.157486,7
194,0.50085616,14.370775,4
195,-1.9108332,9.8892355,9
196,-5.081142,11.99897,7
197,-0.25321102,5.2820926,8
198,6.4375463,5.6898513,3
199,3.5383744,-0.016566701,2
200,-0.90735084,-3.945817,1
201,-4.3221254,1.3843938,1
202,0.031928055,5.5024405,8
203,5.5143375,3.9479291,3
204,10.377318,4.3499007,6
205,-3.3324988,1.4670262,1
206,15.168486,8.377462,0
207,5.715365,3.629407,3
208,-2.6686847,-1.7828768,1
209,14.912049,8.657437,0
210,14.3804,7.2157907,0
211,-2.5707998,-1.6311485,1
212,-1.8047359,-3.5247228,7
213,3.9724605,-0.8526563,2
214,-5.0188236,11.655396,7
215,6.5728626,4.179608,3
216,14.143478,6.747354,0
217,-0.33435947,13.932582,4
218,10.897973,5.0816894,6
219,4.006992,5.8215666,5
220,1.8527013,-0.72020036,2
221,11.656417,4.8175554,6
222,1.5800533,14.56099,4
223,-4.7256274,9.541509,7
224,-3.8096256,9.290453,1
225,0.18090865,5.393572,8
226,0.35920164,12.289811,9
227,-1.393169,11.054688,9
228,5.2511845,6.4301395,3
229,14.735075,8.636642,0
230,-4.131248,8.926356,7
231,-2.1199028,-1.4750243,1
232,14.147842,6.15229,0
233,4.165942,-0.9282314,2
234,14.707607,6.74602,0
235,6.387826,3.9328074,3
236,3.29327,6.1590075,5
237,-0.21680272,14.373737,4
238,11.099295,4.813605,6
239,3.6482985,5.337939,5
240,0.7137449,6.054892,8
241,11.624274,5.596135,6
242,6.7494226,4.4555283,3
243,-4.818088,9.853294,7
244,4.8258357,7.44642,5
245,0.036446974,5.465397,8
246,14.594996,8.70008,0
247,-1.4814963,11.0119505,9
248,-0.63294506,-4.225622,1
249,14.905681,8.830597,0
250,6.385905,6.532348,3
251,-2.6439533,-1.6585706,1
252,2.452742,-0.03369915,2
253,4.7309837,-1.2034453,2
254,6.8290515,5.5357857,3
255,6.2354436,3.7840333,3
256,10.310511,2.264966,6
257,-1.1747239,14.619251,4
258,-3.6263082,9.889336,7
259,3.6907637,5.061212,5
260,16.21576,8.630207,0
261,11.384238,4.016628,6
262,11.0609045,2.5839884,2
263,-4.879067,9.763201,7
264,1.725687,12.850389,9
265,-0.1009743,5.6673627,8
266,4.8274174,7.3619876,5
267,-1.1920496,11.370183,9
268,3.1848762,0.40935957,2
269,-2.4689724,-0.36119476,1
270,-1.8765093,-1.3950264,1
271,-1.1992949,13.912301,4
272,-0.4333029,14.733553,4
273,3.643253,5.2936683,5
274,10.51361,2.484466,6
275,-1.0502158,14.503926,4
276,-3.14447,-1.9347147,1
277,4.425123,-1.2792763,2
278,5.3426876,6.2307725,5
279,5.5538654,4.0970407,3
280,-1.1328673,11.055293,9
281,6.5278134,4.0279956,3
282,1.3991089,12.509435,9
283,14.982494,8.300077,0
284,5.661178,7.4160013,5
285,-1.4531974,11.204858,9
286,11.234377,3.929292,6
287,3.383051,4.7144537,5
288,-4.1435347,10.994528,7
289,-1.1631422,14.078877,4
290,-3.0641024,-0.9072065,1
291,6.28908,3.9863167,3
292,-0.85707843,12.906778,4
293,15.090753,7.5129337,0
294,1.790423,14.587308,4
295,-0.07738516,5.3087487,8
296,14.584138,7.3134227,0
297,-1.1626968,14.688424,4
298,5.963108,6.1541543,3
299,11.466081,4.9726477,6
300,0.4292124,6.254885,8
301,-4.5076494,9.423055,7
302,11.086595,3.2622313,6
303,15.534667,7.0500054,0
304,-3.9875927,11.771303,9
305,-4.3240952,8.823175,7
306,5.857909,7.4611244,5
307,-4.0675426,9.265139,7
308,4.4313564,-1.0440319,2
309,-2.7974646,0.21100129,1
310,-2.7146,-2.9197607,1
311,11.538059,4.212255,6
312,0.7911333,7.036749,8
313,-1.4393495,10.9241905,9
314,0.51324624,14.557984,4
315,-3.4777048,0.6687933,1
316,5.696063,7.4222584,5
317,4.668587,-1.1566763,2
318,3.25053,0.15682425,2
319,-1.5940214,9.875598,9
320,14.54922,6.7210755,0
321,6.35559,3.8761473,3
322,1.4078891,12.071107,9
323,11.620334,5.1576014,6
324,-3.8838406,10.749982,7
325,4.5039043,-0.98391944,2
326,14.803451,6.8635426,0
327,6.34212,3.7687082,3
328,3.8620534,6.787999,5
329,-1.0775492,14.614376,4
330,6.8719344,5.4760256,3
331,10.897188,3.9132428,6
332,4.551509,7.253213,5
333,1.1971759,6.634455,8
334,1.0053749,12.127312,9
335,3.6291635,4.9898133,5
336,-0.832533,13.716889,4
337,-4.73405,9.213351,7
338,-0.44153967,14.391462,4
339,4.461534,-0.9562586,2
340,-0.35449892,11.919891,7
341,6.316191,3.8416283,3
342,-1.0263964,13.128841,4
343,-0.14260516,5.1790843,8
344,0.7250178,12.120946,9
345,-3.5058455,0.74394524,1
346,5.0643306,4.6783714,9
347,4.6100464,-1.2458668,2
348,0.6826789,6.481712,8
349,-4.7699137,9.461743,7
350,0.37993988,11.884572,9
351,-3.6147084,0.9713067,1
352,2.267917,7.0434036,8
353,-3.77094,9.086466,7
354,-0.37893882,13.016762,4
355,-3.386575,1.3456895,1
356,5.3844786,5.133856,3
357,-3.349148,0.5677772,1
358,-0.5982153,-3.9102993,1
359,15.315949,7.401988,0
360,1.8614606,-0.09770935,2
361,5.620404,3.950542,3
362,-0.30810642,11.629992,9
363,-1.7437416,14.086509,4
364,-0.55489826,11.429485,9
365,3.8201482,-0.94144136,2
366,-1.3768821,-2.2670946,1
367,11.563428,4.4220233,6
368,0.4873622,5.605091,8
369,-0.84486115,14.377382,4
370,-3.0980947,10.427677,7
371,-5.1246634,10.110667,7
372,-0.41634068,13.743044,4
373,-1.2551802,14.522642,4
374,0.74098253,12.213124,9
375,4.582434,-0.9279086,2
376,1.2991885,6.933566,5
377,-4.807025,9.27434,7
378,3.2264597,-1.2709761,2
379,-1.8825698,14.213769,4
380,1.1219738,14.773277,4
381,4.144982,-0.8532655,2
382,-1.3141723,-3.0251637,1
383,-0.9014419,10.346099,9
384,-3.9940958,11.530384,7
385,4.4367886,-0.7012574,2
386,2.1503658,7.565029,8
387,-4.3056927,9.145388,7
388,10.062611,3.4282324,6
389,-1.4542557,10.506707,9
390,2.0867705,-0.49434522,2
391,4.679001,-0.7636843,2
392,5.8211327,5.770788,3
393,-0.47636047,5.410208,8
394,-0.89501196,-3.7501376,1
395,11.413088,4.0587716,6
396,4.4265065,6.503508,5
397,-3.386638,1.2809587,1
398,-1.868383,-3.8487961,1
399,16.013926,7.1031027,0
400,2.6646447,-1.2883081,2
401,10.754872,3.5211668,6
402,-0.51558274,14.553306,4
403,3.7999966,5.2566338,5
404,6.089814,5.8069115,8
405,6.423882,3.950057,3
406,-0.9000972,-4.0204268,1
407,3.8526983,5.2937703,5
408,-2.7746887,-2.4595299,1
409,-1.5439852,9.8985615,9
410,2.4854825,-0.21313404,2
411,-4.21881,8.797503,7
412,-1.5588876,13.128473,4
413,-1.330378,14.514277,4
414,-0.21966872,13.055633,4
415,-0.77360857,5.4280553,8
416,-3.0861495,-0.26382175,1
417,2.8998742,4.532618,5
418,2.7169945,4.4994626,8
419,-1.3913366,10.364812,9
420,3.9317348,6.511392,5
421,11.323532,3.8550885,6
422,-3.5621934,10.292368,7
423,-1.7240652,10.032392,9
424,1.0172241,12.714428,9
425,5.9711804,3.5695257,3
426,-5.403366,11.123471,7
427,15.765615,7.3119235,0
428,0.6500231,12.36751,9
429,15.077204,8.382722,0
430,10.301827,3.511228,6
431,11.116772,4.166256,6
432,3.8008616,-1.6256372,2
433,6.496969,3.9611964,3
434,1.632125,12.45439,9
435,15.476782,8.473077,0
436,-4.5168757,11.07466,7
437,3.2907429,4.6299057,5
438,0.37442204,14.063675,4
439,-0.3623627,5.1318097,8
440,14.693759,8.5614805,0
441,-1.5810682,10.87552,9
442,-0.5209327,14.015188,4
443,-3.3834822,1.1645541,1
444,1.7952862,-1.4276273,2
445,-0.12286666,5.4404035,8
446,-4.9197917,11.89033,7
447,-3.3388894,1.262728,1
448,4.1377683,-0.76446104,2
449,11.286898,3.9012697,6
450,-2.291968,-2.387456,1
451,14.720896,6.339575,0
452,7.0675035,5.354516,3
453,16.262693,7.6962028,0
454,-2.5248976,-3.4179416,1
455,-3.9191644,0.5522325,1
456,0.26690915,5.9963493,8
457,4.466617,-1.2286314,2
458,14.701726,7.987905,0
459,5.002724,5.034209,3
460,0.8970683,11.814219,9
461,-0.8211929,15.016289,4
462,15.76321,8.598073,0
463,2.8641875,4.7925396,5
464,14.716341,8.777735,0
465,11.595832,3.6297777,6
466,-3.5745988,-0.51507586,1
467,-4.6707354,8.7955885,7
468,2.9435751,12.218376,7
469,-0.6800219,6.1554317,8
470,-1.0246642,-3.6412373,1
471,-1.8545636,9.654823,9
472,-1.6732488,-1.3604668,2
473,16.491446,7.436996,0
474,3.9253647,6.4886227,5
475,-4.0623083,1.6945789,1
476,3.803581,-0.03527411,2
477,4.4016347,-1.3946388,2
478,-3.4062576,10.758935,7
479,5.812129,4.823524,3
480,3.6380026,6.983377,5
481,-1.5232791,15.252785,4
482,-0.9319278,11.47984,9
483,-4.1915903,8.417022,7
484,-2.0756097,-3.6841462,1
485,-0.73158014,5.8554497,8
486,6.0937886,6.4535494,3
487,-2.2976322,8.996774,9
488,11.021568,6.083348,6
489,16.527794,8.00455,0
490,6.9312067,5.3924007,3
491,-4.1159096,2.513866,1
492,-3.9655242,0.27518234,1
493,4.489306,-0.674253,2
494,14.099546,7.7613516,6
495,6.7510376,4.905084,3
496,4.902092,6.602729,5
497,-3.7030687,8.108958,7
498,10.201947,3.7675736,6
499,0.119520515,5.529029,8
500,-3.8412588,10.784419,3
501,-2.3556519,8.878686,9
502,3.650749,6.8729997,5
503,-0.38207453,5.143234,8
504,5.145789,7.484594,5
505,-4.993705,9.455049,7
506,11.857791,5.985202,6
507,-4.0382595,1.633783,1
508,-4.197475,1.7746812,1
509,5.369224,3.8157384,3
510,-3.2563255,-0.35200524,1
511,-3.7488353,8.11377,7
512,3.5422084,6.691395,5
513,2.9017816,4.955378,5
514,5.462727,6.0325165,5
515,4.728702,-0.85683763,2
516,4.2524605,7.6886315,5
517,-0.00080051913,5.90272,8
518,-3.7214108,9.976757,7
519,16.545813,7.325057,0
520,0.24939805,11.78704,9
521,-5.084174,9.219906,7
522,-4.759274,10.359383,7
523,2.7848341,4.5733876,5
524,14.770413,8.3166,0
525,-1.6155407,9.497396,9
526,14.7381935,8.575394,0
527,16.555328,6.629591,0
528,2.0667434,7.764383,8
529,-2.0703194,9.205271,9
530,2.9811556,-0.6535871,2
531,-1.9856468,15.2476845,4
532,1.3046976,7.4144726,8
533,-4.0946436,2.8011727,1
534,10.894003,5.6106563,6
535,-4.105092,2.4668977,1
536,10.78572,4.687885,6
537,3.3163948,4.9312544,5
538,-3.330121,-0.1053201,1
539,0.21563098,6.39657,8
540,4.9376183,4.8446236,3
541,-1.5983894,14.849952,4
542,14.8050165,6.164949,0
543,3.3793812,5.402034,5
544,6.66006,5.260029,5
545,0.27543715,5.7264004,8
546,6.84868,5.45531,3
547,10.879724,3.4544365,6
548,4.1978426,-1.7771806,2
549,5.8444743,3.8458378,3
550,0.51251256,11.954294,9
551,4.404619,-1.5682627,2
552,-2.1828663,-2.4579341,1
553,-4.0582824,1.3322625,1
554,5.0755577,7.622175,5
555,4.510837,-1.221801,2
556,-2.0416293,-2.7702587,1
557,5.96189,3.8594835,3
558,3.0274742,0.49962717,2
559,-0.27011952,5.2262993,8
560,-3.1690636,9.172771,7
561,6.1045103,3.5452447,3
562,-5.119503,11.269375,7
563,4.6649375,-1.1414777,2
564,-0.18151893,14.552115,4
565,11.479168,3.4429536,6
566,-0.24007523,11.944112,9
567,-4.015923,8.427141,7
568,3.3437471,-1.6393015,2
569,-1.9043516,14.94224,4
570,3.461184,-0.5620813,2
571,-0.13027664,5.722434,8
572,-2.3775568,-2.8926442,1
573,-4.2435575,1.083229,1
574,5.0821476,4.6793942,3
575,-0.50252736,5.3115196,8
576,0.08188041,13.071252,4
577,16.434961,7.2814894,0
578,9.972092,3.4671118,6
579,2.7874799,5.5440483,5
580,0.012336333,11.8535795,9
581,5.9200907,3.6649797,3
582,14.095009,6.823932,0
583,-2.2891014,9.082535,9
584,3.401353,-1.7599838,2
585,-1.4191381,15.350508,4
586,-3.5651066,8.559544,7
587,-4.0991387,2.2372909,1
588,1.2862494,-0.553863,2
589,-1.544253,9.514418,9
590,-0.9891837,12.702626,4
591,4.543435,-1.0774516,2
592,10.891803,5.8995852,6
593,-4.080886,1.9546492,1
594,1.8076698,6.7704983,8
595,-2.0788307,9.344818,9
596,14.367658,8.163547,0
597,11.2427635,2.965789,6
598,11.341821,3.8433063,6
599,-4.0576477,8.336402,7
600,-1.3748479,11.691523,9
601,-1.933084,9.179046,9
602,2.1163375,6.84019,8
603,16.334911,6.5614166,0
604,-3.53761,-1.3340983,1
605,-2.1473567,15.181072,4
606,1.7111496,14.336848,4
607,11.260919,3.2357128,6
608,-4.7652617,12.0351095,7
609,-4.3021936,1.2650348,1
610,3.2406137,7.090178,5
611,-3.3734639,8.346405,7
612,14.291353,7.261874,0
613,5.598114,4.2142467,3
614,3.077943,4.46855,5
615,-0.60780925,6.121438,8
616,0.66511446,14.251005,4
617,-4.158024,8.448714,7
618,-1.0404518,-3.553531,1
619,4.4618907,-0.6473936,2
620,5.3620486,7.5269403,5
621,-1.5581532,10.067073,9
622,5.2254624,7.657667,5
623,11.284111,2.8917491,6
624,-4.0264225,10.111798,7
625,3.6839674,6.658225,5
626,-0.6032395,10.1280575,9
627,2.7805834,5.7107415,8
628,1.9248141,7.198947,8
629,5.5998483,3.8773766,3
630,9.876323,3.4094765,6
631,-2.0262082,9.032183,9
632,-5.42366,10.966407,7
633,16.24532,6.3960834,0
634,-3.1814983,10.084706,7
635,4.2530475,-0.42984706,5
636,-3.9193683,9.81637,7
637,-4.077826,1.8125459,1
638,-1.5587208,-3.974266,1
639,15.774932,6.752818,0
640,-5.3452935,11.89262,7
641,-2.281931,9.136126,9
642,4.0483923,-1.0347631,2
643,6.034013,4.131761,3
644,-3.884304,0.13076848,7
645,5.7328744,4.693435,3
646,1.6883339,-0.41614586,2
647,-2.0997398,15.223889,4
648,-2.4904268,-0.7990711,1
649,11.305426,2.7861505,6
650,2.3472211,0.14269572,2
651,-4.280862,8.340215,7
652,4.3414726,6.339041,5
653,3.3445933,5.703036,5
654,-4.0787907,10.574332,7
655,-1.8463725,15.238784,4
656,15.323676,6.28289,0
657,3.9245467,-0.7461134,2
658,11.627909,5.8723636,6
659,5.4965687,3.763815,3
660,10.0757265,3.8584037,6
661,-2.257784,15.022066,4
662,14.666798,6.9706755,0
663,-1.8053757,15.321714,4
664,2.997952,0.2602051,2
665,11.397271,2.8475218,6
666,14.955289,6.0443745,0
667,16.741257,6.8244076,0
668,14.104479,7.4709153,0
669,15.942382,6.7482486,0
670,6.6053753,6.929842,3
671,-4.1745906,1.1544895,1
672,10.597407,3.104543,6
673,4.271007,-0.7813162,2
674,-2.07261,-0.9820408,2
675,6.6285744,4.380116,3
676,-2.9014313,-1.6643131,1
677,-0.8314163,15.202644,4
678,-2.3077888,-3.4408085,1
679,4.7382836,6.3849816,5
680,-1.191104,14.713724,4
681,11.749065,4.153139,6
682,1.2350541,13.505665,4
683,-4.4048147,8.66387,7
684,3.4970932,-1.3591719,2
685,-0.32504436,5.302386,8
686,-4.9824033,11.9232435,7
687,-0.51813966,10.763368,9
688,2.262202,-0.40256974,2
689,15.950018,6.8096137,0
690,4.5228467,7.277741,5
691,-4.010604,1.1411693,1
692,0.38945347,14.261069,4
693,3.8813074,-0.21381825,2
694,1.1288918,7.37002,8
695,6.3332615,3.826257,3
696,1.8720782,-0.48885453,2
697,-0.943062,15.26663,4
698,-3.3632848,0.565568,1
699,5.068688,6.5591636,5
700,-1.2643958,14.750796,4
701,11.776692,4.179021,6
702,14.512606,6.88695,0
703,-4.948284,9.217491,7
704,1.8052969,12.104894,9
705,-0.5377518,5.1222544,8
706,1.3606896,13.911818,4
707,-1.236254,10.471735,9
708,1.2442787,7.204457,8
709,16.014051,7.421524,0
710,-1.6950048,-3.2850711,1
711,-4.223204,1.5192403,1
712,16.019295,6.0353966,0
713,4.44384,-0.76964784,2
714,2.7092283,-0.29756358,2
715,6.3435645,3.835205,3
716,3.9912407,-1.3927789,2
717,-1.1016688,15.277054,4
718,0.3792827,13.1247835,4
719,4.8947244,7.30014,5
720,-1.4247149,-3.7280958,8
721,11.495184,3.3299515,6
722,4.9360695,7.7072625,5
723,-4.536397,8.54925,7
724,-4.9087715,11.393733,7
725,-0.43742773,5.1617146,8
726,1.4627017,7.4338837,8
727,-0.7681011,10.57404,9
728,-3.2722538,9.243213,7
729,-0.86929005,15.272006,4
730,-3.8838084,10.72291,7
731,6.364859,3.8320758,3
732,2.1887553,-0.1727135,2
733,16.083447,7.3054304,0
734,1.0648748,7.335156,8
735,11.451497,3.1301231,6
736,1.6867892,6.949983,8
737,11.355708,2.8335464,6
738,-0.9801856,-4.4484143,1
739,11.652505,3.703946,6
740,1.1153895,6.1421556,8
741,-0.6379609,10.668041,9
742,0.08619192,14.995959,4
743,16.33369,7.159201,0
744,-0.6909842,11.908361,9
745,16.487143,6.799776,0
746,-0.96964675,12.854029,4
747,-3.8774517,1.7384263,1
748,4.8930135,7.2770605,5
749,-1.7034324,15.289116,4
750,-3.8955317,11.296464,7
751,4.3949924,6.3428297,5
752,5.995414,5.765075,3
753,-4.4251223,8.482259,7
754,-1.4851265,13.009652,4
755,-1.0041733,9.894136,9
756,0.7501663,7.2893906,8
757,4.321113,6.025255,5
758,0.78630686,6.818996,8
759,11.648533,3.2939162,6
760,5.66771,6.5109787,3
761,-0.23473516,5.7715945,8
762,10.643004,5.2772717,6
763,0.0069806525,10.758567,9
764,1.8317647,12.750466,9
765,-2.9417632,0.78022397,1
766,0.6616474,6.5271688,8
767,6.6066184,4.533615,3
768,4.802084,7.0145206,5
769,-0.29319993,5.701319,8
770,11.942976,6.5748043,6
771,4.181555,6.1753697,5
772,-0.5217504,10.312518,9
773,-4.4080315,9.739094,7
774,4.484651,-1.4483123,2
775,3.8509524,5.300538,5
776,14.313217,5.999816,0
777,-0.08535983,5.826193,8
778,4.494103,6.683272,5
779,-3.4194756,1.5458125,1
780,-0.86685723,-3.4028795,1
781,16.27646,7.1320367,0
782,0.24833907,11.3572855,9
783,-3.3559897,1.485579,1
784,0.8969741,5.7760334,8
785,11.374267,2.964348,6
786,-3.993264,11.666354,7
787,16.193024,7.5228014,0
788,0.31396863,12.197293,9
789,6.631178,4.3101363,3
790,15.485054,8.259677,0
791,-0.22973773,5.597176,8
792,1.9890072,7.4433036,8
793,-0.8155537,10.318981,9
794,11.068812,2.6973095,6
795,-3.608598,8.561898,7
796,0.38502884,6.01778,8
797,-1.3038472,14.607406,4
798,-4.197643,11.138191,7
799,4.5750003,6.21987,5
800,0.04799416,11.651401,9
801,3.924217,-0.25474593,2
802,10.837587,4.668376,6
803,-3.8528214,8.454694,7
804,1.2981787,14.605563,4
805,4.552476,6.2058797,5
806,-0.014676835,11.5055,9
807,3.7554965,-0.27565533,2
808,5.1147475,5.4234033,3
809,-2.9649155,0.70975536,1
810,10.578392,4.9610324,6
811,6.349291,3.863267,3
812,0.33471823,12.095463,9
813,3.977461,-0.13815187,2
814,2.369284,-0.23359755,2
815,4.959159,6.649381,5
816,10.870248,3.7373004,6
817,-0.005650788,5.3109202,8
818,14.94352,7.093223,0
819,-4.5320745,9.435318,7
820,-4.7842507,12.11243,7
821,-3.927185,2.2373168,1
822,-1.9563514,10.503065,9
823,-0.33176646,5.7978034,8
824,-3.8019254,11.5457325,7
825,16.359497,6.6785355,0
826,2.202252,12.623569,9
827,-1.2060176,10.110117,9
828,1.7232065,14.621175,4
829,11.337332,3.0514748,6
830,1.988175,-0.1321138,2
831,-0.13795713,5.6664047,8
832,5.013851,6.129885,5
833,-2.9952114,0.8081489,1
834,-0.4248309,13.793373,4
835,-3.0800817,0.9723618,1
836,4.777819,7.1879005,5
837,4.661129,6.276558,5
838,-2.9821157,-2.4129024,1
839,-4.1825123,8.867398,7
840,5.8668504,4.9184327,3
841,11.377664,3.335049,6
842,1.0121515,14.066593,4
843,6.110199,3.6186173,3
844,4.4396257,-1.5640231,2
845,4.503321,6.1621,5
846,10.206757,4.193484,6
847,-0.9637375,15.181475,4
848,1.588722,14.291245,4
849,15.959501,6.2186027,0
850,-1.0451074,14.335884,4
851,-0.74482745,15.239187,4
852,10.355152,3.0815325,6
853,-4.265433,8.828362,7
854,0.7571873,11.511594,2
855,-0.87764335,15.260659,4
856,5.2451763,4.79186,3
857,6.6296906,3.8842497,3
858,0.008097262,6.369464,8
859,16.303753,6.7604046,0
860,15.687964,6.83692,0
861,6.4120097,3.921885,3
862,2.6938403,-1.0584278,2
863,3.6565433,0.17778096,2
864,-3.0591996,9.953737,9
865,-0.25516027,5.3521085,8
866,2.5143418,-1.4166551,2
867,6.4359937,3.8683474,3
868,-4.255679,10.464381,7
869,15.964541,6.393034,0
870,-0.4859868,-4.362905,1
871,-3.343157,1.2002887,1
872,14.545253,8.441402,0
873,4.2732143,-1.5802879,2
874,6.8586693,5.31089,3
875,6.1816278,6.2679634,3
876,1.18639,7.2970634,8
877,0.06702931,14.699174,4
878,5.0106993,4.725641,3
879,2.6304774,4.4325957,5
880,-4.3913236,9.031557,7
881,11.098407,3.757867,6
882,1.358029,14.5937395,4
883,-5.280814,10.214013,7
884,-3.586636,-0.9451877,7
885,-0.48355603,5.6677775,8
886,5.3760543,7.546079,5
887,-0.5724291,10.211635,9
888,-3.7894902,10.33155,7
889,16.668295,6.9270716,0
890,5.729659,5.3967247,3
891,-3.411602,1.2766722,1
892,-1.3742462,-2.5966258,6
893,4.520452,-1.263858,2
894,-1.6052504,13.732167,4
895,5.9970155,5.305123,3
896,-1.5295221,15.334476,4
897,-1.0298296,15.221453,4
898,-3.7049382,10.607031,7
899,3.126768,4.45132,5
900,-1.2906855,11.771438,9
901,11.374469,3.3197837,6
902,15.488785,7.052909,9
903,16.41069,6.4611487,0
904,-4.578251,11.441857,7
905,-3.934664,1.8209431,1
906,0.5473076,13.7712555,4
907,4.63766,-1.2974498,2
908,-5.3113365,11.937585,7
909,6.3732677,4.228623,3
910,11.624479,5.1372285,6
911,-4.5757666,8.572322,7
912,3.6367722,6.7174487,5
913,-0.82027376,5.2281156,8
914,0.6498207,14.585123,4
915,2.852835,4.561954,5
916,4.9646688,7.059611,5
917,4.6688147,-0.7447324,2
918,-3.3770528,8.692892,7
919,-3.5665264,1.566536,1
920,-2.192222,-1.6721473,1
921,2.8284888,4.6877513,5
922,9.839772,3.1104202,6
923,-0.47051048,5.8040996,8
924,5.729159,7.579913,5
925,-0.3718358,6.146612,8
926,1.1593757,14.322451,4
927,15.86407,6.496292,0
928,-4.5513177,9.471297,7
929,-0.18904656,10.390433,9
930,-0.82651746,10.083006,9
931,4.7807565,-0.7682364,2
932,1.0444452,12.327236,9
933,-4.8926563,9.072701,7
934,-4.960868,9.790881,7
935,-0.723387,4.8859534,8
936,-3.427019,11.213722,7
937,-1.7071549,15.321716,4
938,1.7357928,-0.34142724,2
939,10.87457,2.3726223,6
940,1.3749638,12.009485,9
941,-3.7529776,1.4206213,1
942,-5.376668,10.059684,7
943,15.892436,5.9428496,0
944,11.681731,5.2661495,6
945,-1.6419426,14.417678,4
946,2.129684,-0.62411475,2
947,2.5959044,4.539438,5
948,-3.3871765,8.748215,7
949,16.022198,6.671987,0
950,-3.653066,10.230458,7
951,-3.9094543,1.7535161,1
952,14.483899,6.443417,0
953,5.517611,4.6661677,3
954,-4.3323636,9.146479,7
955,10.9858675,2.6706955,6
956,4.872878,6.699951,5
957,15.790972,6.0124917,0
958,10.41607,3.9240344,6
959,-3.5862293,1.7859994,1
960,4.1414165,7.390844,5
961,-3.6187491,1.4693066,1
962,-4.8754096,10.500216,7
963,-0.21801694,5.353714,8
964,3.6222906,5.6553183,5
965,16.318665,6.698195,0
966,6.5278344,6.745938,3
967,-0.9728745,15.281166,4
968,-3.2812498,10.946727,7
969,-5.0091844,9.650387,7
970,5.3908286,7.3808746,5
971,-4.7875814,8.712362,7
972,0.19637534,6.8682485,8
973,11.144497,2.7044313,6
974,1.5314777,7.775733,9
975,6.834039,4.5902014,3
976,0.40289664,6.7476506,8
977,11.126059,2.4890194,6
978,-0.576862,-3.9639359,1
979,15.941707,6.1047955,0
980,-1.184789,11.838819,9
981,-4.7466154,8.611728,7
982,-1.6227705,-3.034636,1
983,5.5084743,4.622629,3
984,14.4538355,8.5571375,0
985,3.1558504,4.7050776,5
986,11.516231,5.9762583,6
987,-1.3874701,15.18149,4
988,-0.08919709,14.507529,4
989,4.831477,-1.0344723,2
990,1.2103385,14.33288,4
991,-0.8729431,15.234699,4
992,6.948555,5.516259,3
993,-3.7014015,1.45842,1
994,-5.1706314,10.909952,7
995,-5.06841,9.083249,7
996,9.941389,3.7652276,6
997,16.384716,6.4654045,0
998,6.868987,5.7728863,3
999,11.006871,2.363712,6
1000,14.649823,6.4183908,0
1001,-4.753487,8.742096,7
1002,-2.1619868,-3.8321242,1
1003,-3.8482099,2.089424,1
1004,0.49556705,13.177971,4
1005,-0.7565209,10.026721,9
1006,0.03019918,13.733177,4
1007,5.200668,4.7030425,3
1008,-0.5151436,14.747956,4
1009,-0.7040097,4.953663,8
1010,4.2626176,-1.3271494,2
1011,4.780353,-0.7705233,2
1012,-2.8602312,-1.4559724,1
1013,-0.8479063,5.165077,8
1014,-4.8090158,11.790219,7
1015,16.401407,6.872603,0
1016,1.2192415,6.3628154,8
1017,-3.7673023,1.1041445,1
1018,14.257397,7.3737164,0
1019,-5.2322116,10.088238,7
1020,10.195087,3.1422865,6
1021,6.418108,4.526984,3
1022,-3.6681063,10.056663,7
1023,-4.8810697,9.052452,7
1024,4.419072,7.9208736,5
1025,0.002185632,5.3904066,8
1026,0.6045352,6.613273,8
1027,-1.8487456,10.176737,9
1028,14.962993,8.868865,0
1029,16.452822,7.0297937,0
1030,4.144669,-0.36606985,4
1031,-4.2822366,1.0456581,1
1032,5.5610933,5.16347,5
1033,4.562249,-0.7683176,2
1034,3.7998722,-1.6367226,2
1035,-0.22252369,5.741901,3
1036,-1.8957417,9.280522,9
1037,-1.8152764,14.678381,4
1038,1.1328197,11.910264,9
1039,3.8846812,5.291561,5
1040,15.133351,8.390635,0
1041,10.915842,2.6104617,6
1042,-3.6302407,11.423847,7
1043,-5.174205,9.288668,7
1044,-3.4554026,-1.3800503,1
1045,1.3309814,5.9238024,8
1046,14.369185,8.057729,0
1047,-3.147629,10.153858,2
1048,3.7973506,-1.3881899,2
1049,16.173819,7.7248507,0
1050,0.7018002,14.252305,4
1051,-3.9705012,1.4873463,1
1052,-1.5036249,-3.0757835,1
1053,4.6002746,-0.61467195,2
1054,-5.1829853,10.616337,7
1055,4.067928,5.172637,3
1056,-0.14323628,11.835213,9
1057,-3.9462163,8.286637,7
1058,1.6313832,-0.012731958,2
1059,0.52854997,5.5470266,8
1060,-2.625006,-3.0166023,1
1061,-1.5522064,9.980116,9
1062,4.084425,6.6429815,5
1063,0.5191453,6.939245,8
1064,1.7166895,7.208122,8
1065,-3.444695,-0.2082585,1
1066,-1.9529384,9.386284,9
1067,0.92003495,6.026697,8
1068,5.6037035,5.233273,3
1069,-4.018946,2.5071194,1
1070,10.057379,2.4596658,6
1071,3.9049356,5.403916,5
1072,-4.6486883,11.100992,7
1073,-1.657925,14.794098,4
1074,1.8308066,-0.66014236,2
1075,2.3599727,4.351938,7
1076,14.172697,7.0837545,0
1077,4.476231,5.7405944,3
1078,15.44283,8.1286745,0
1079,-2.812925,-0.20871039,4
1080,-2.9584339,-0.45687658,1
1081,-3.9617898,0.13285442,1
1082,-4.318536,8.752589,7
1083,0.27209353,10.711872,9
1084,-1.6751021,-2.1613088,1
1085,-3.9531822,1.2940515,1
1086,1.2994452,7.02688,8
1087,4.3488493,6.147956,5
1088,-2.7806354,9.865708,7
1089,3.2344918,4.548585,5
1090,15.4805765,7.773119,0
1091,11.3126545,3.53679,6
1092,10.752945,4.2472982,6
1093,16.102236,7.61887,0
1094,-0.24330974,12.817687,4
1095,-4.1399207,0.5893609,1
1096,2.848598,-0.1317272,2
1097,7.054319,4.5954685,3
1098,-0.48378026,13.226695,4
1099,-2.06211,14.763962,4
1100,9.853304,3.069537,6
1101,0.26373482,6.0508237,8
1102,15.409071,8.566784,0
1103,-0.76117545,10.204097,9
1104,4.966173,6.9122477,5
1105,0.7842155,6.560585,8
1106,-3.1804771,9.2081375,7
1107,16.022305,6.9035726,0
1108,6.309216,6.5219274,3
1109,3.8183815,5.235815,5
1110,0.15850267,13.26757,4
1111,10.54547,2.2593188,5
1112,-0.13467585,11.703127,9
1113,10.741593,2.7352412,6
1114,-4.8624883,10.505483,7
1115,-3.7243636,1.954059,1
1116,0.9485979,11.846216,9
1117,10.632024,2.4906218,6
1118,-2.0005524,-1.2548652,1
1119,6.0555267,3.5416028,3
1120,-1.2244376,-3.850037,8
1121,5.850053,3.2421825,3
1122,-0.95131403,11.119411,9
1123,-4.0185595,2.5297139,1
1124,4.6471567,-1.4669977,2
1125,-4.906936,8.953335,7
1126,-3.396151,9.170722,7
1127,16.784752,7.2569156,7
1128,14.223342,7.384147,0
1129,4.2356553,-0.59607184,2
1130,5.697902,5.357447,3
1131,-3.876934,1.703838,1
1132,-1.8419893,-1.4496676,1
1133,-1.9225038,14.795718,4
1134,3.673227,-1.613923,2
1135,3.6612914,4.8870234,5
1136,10.512261,3.2282155,6
1137,15.800572,6.5698485,0
1138,-2.25552,11.021465,9
1139,11.135154,2.9979515,6
1140,3.6158917,0.39097908,2
1141,2.0693648,6.864072,8
1142,-0.27226448,11.0340185,9
1143,1.6240898,-0.042241517,2
1144,5.3520417,5.235723,3
1145,6.316596,4.3988442,3
1146,10.6128435,3.574087,6
1147,-0.4076939,10.313726,9
1148,-1.5683208,12.946143,1
1149,-0.8627305,13.099432,4
1150,6.5354443,5.5449934,3
1151,5.9128075,4.583476,3
1152,14.754971,7.4218097,0
1153,-4.273324,8.402947,7
1154,-3.9346826,9.677315,7
1155,-4.0852985,1.759568,1
1156,-3.939899,10.792748,7
1157,-4.864188,8.98694,7
1158,5.900316,6.274849,3
1159,11.180892,2.7196522,6
1160,1.8029073,14.472453,4
1161,-1.0027418,10.258573,9
1162,6.026648,7.4330273,5
1163,-1.8601649,14.969138,4
1164,0.18402153,13.530464,4
1165,4.096618,-0.2902741,2
1166,-3.5051868,11.393227,7
1167,-1.3768861,9.921774,9
1168,14.592514,6.102655,0
1169,-1.3050548,10.549898,9
1170,2.3542573,7.0947485,8
1171,-1.8649104,14.948089,4
1172,1.1046821,13.946838,4
1173,-1.5265634,9.85884,9
1174,-2.6049023,-1.9956484,1
1175,3.688763,-0.77748966,2
1176,0.30449936,15.032783,4
1177,-0.2995038,10.630859,9
1178,5.6913953,4.5289702,3
1179,15.850095,6.467014,0
1180,-1.0348111,13.341233,4
1181,-2.9631011,0.2404587,1
1182,10.283583,2.8461156,6
1183,3.6565402,-0.5193679,2
1184,11.359384,3.3379216,6
1185,6.5739512,4.019609,3
1186,-4.797742,11.666732,7
1187,-0.3593636,14.835421,4
1188,2.7542818,-0.95384496,2
1189,11.497353,4.8038683,6
1190,12.021006,6.5093713,6
1191,-4.6873813,10.081993,7
1192,-0.9612527,-3.8548915,1
1193,-0.2210996,6.149289,8
1194,2.070786,12.7694025,9
1195,15.831528,6.104307,0
1196,1.7848132,14.479356,4
1197,-2.6423423,-0.090057954,1
1198,0.9630795,13.590737,4
1199,3.2372825,-0.58894026,2
1200,-2.9110458,-2.009492,1
1201,0.69837284,6.374414,3
1202,11.241671,3.371158,6
1203,-0.92974216,14.205588,4
1204,10.468471,4.0520663,6
1205,-4.4060006,8.707142,7
1206,5.253749,7.650351,5
1207,0.48867875,6.191295,8
1208,-5.0964556,11.019853,7
1209,16.23611,7.102819,0
1210,4.672294,7.17941,5
1211,-3.5899525,0.58619344,1
1212,1.0224994,13.841876,4
1213,3.2479665,0.22439857,2
1214,-0.02812613,5.7694273,8
1215,-0.9368535,15.176072,4
1216,-4.644535,11.227011,7
1217,-4.398079,9.4082575,7
1218,6.21075,5.097014,3
1219,-0.6400052,5.6921253,8
1220,0.61177385,14.13054,4
1221,-0.4688525,10.553343,9
1222,6.9468307,4.8555,5
1223,0.047094133,6.882324,8
1224,11.039793,4.695011,6
1225,-4.667479,10.61239,7
1226,5.466993,5.282477,3
1227,-1.7767475,13.808961,4
1228,10.236205,2.8581579,6
1229,-3.784234,9.6889715,7
1230,-2.374187,-2.299985,1
1231,-4.704504,10.618893,7
1232,0.07425052,13.503118,4
1233,6.4767733,3.9589446,3
1234,6.4363894,4.7358246,3
1235,-1.5851501,10.219435,9
1236,1.7292285,6.5278325,8
1237,0.6780798,6.3695054,8
1238,-2.1622002,-3.6989317,1
1239,-0.29251248,10.345256,8
1240,9.907626,3.0205219,6
1241,6.5472436,4.061528,3
1242,-2.7613063,-3.166665,1
1243,-1.9782821,-2.4603257,1
1244,-0.066426754,11.218457,3
1245,3.1317763,5.37047,5
1246,2.730759,-0.37926883,2
1247,0.50971854,6.8681083,8
1248,-0.60734725,14.829544,4
1249,3.1011558,-0.077379294,2
1250,-1.7395334,10.530271,9
1251,-4.286126,10.525542,7
1252,-2.1406755,-2.9974833,1
1253,0.126308,14.098769,4
1254,1.73891,6.812521,8
1255,3.175239,-0.1968458,2
1256,-0.1847408,11.95233,9
1257,10.508544,3.7503867,6
1258,0.4378095,14.781691,4
1259,-2.9065347,0.030825576,1
1260,5.010118,5.8813257,3
1261,-0.46937808,13.726472,4
1262,2.7176008,-0.020611145,2
1263,3.5254812,5.698946,5
1264,3.5351686,-1.6594586,2
1265,3.1684065,5.4139986,5
1266,11.518137,5.170158,6
1267,0.24650532,6.1489496,8
1268,15.229976,6.015556,0
1269,11.638882,4.2743645,6
1270,1.5122563,-0.77834034,2
1271,-0.7643325,14.226927,4
1272,0.38575178,10.979491,9
1273,-0.32234296,14.152854,4
1274,-1.536868,9.603297,9
1275,-0.7676915,14.223622,4
1276,6.2663283,7.4590282,5
1277,-2.9014833,0.17605682,1
1278,5.1612096,6.706277,5
1279,0.24297933,6.8490233,8
1280,-1.2979599,14.223969,4
1281,-3.6949925,9.998637,7
1282,1.3446448,6.9018335,9
1283,2.8606653,4.6260214,5
1284,-1.9641614,10.415354,9
1285,2.9314418,4.7521186,5
1286,-0.35419717,11.667465,9
1287,-2.8962312,0.13857529,1
1288,3.7347426,7.0869055,5
1289,0.7571435,5.9276743,8
1290,6.06504,6.3807397,3
1291,-0.647899,10.448942,9
1292,-1.5408225,10.400306,9
1293,-2.248482,-1.6306455,1
1294,0.41148484,5.9103923,8
1295,6.39416,3.6811805,3
1296,0.8257353,6.541096,8
1297,11.677312,4.1630225,6
1298,3.8743718,6.780314,5
1299,3.8352804,-0.15259628,2
1300,-3.7619643,9.829055,7
1301,2.7492445,-0.82366246,2
1302,-4.6131144,8.482499,7
1303,11.252115,3.6113493,6
1304,15.651004,6.240974,0
1305,-0.1236338,10.954491,9
1306,-5.3012877,10.685748,7
1307,-1.3399194,10.328246,9
1308,0.93212855,14.048465,4
1309,11.114794,3.4247859,6
1310,15.431195,8.142824,0
1311,2.5338001,4.616938,5
1312,6.819875,4.779788,3
1313,3.028582,5.293243,5
1314,-5.0499682,12.290609,7
1315,6.1891527,3.9704196,3
1316,-1.6040357,10.138791,9
1317,6.0334587,4.0434117,3
1318,10.221828,4.286295,6
1319,-0.35353616,6.5238585,8
1320,5.484653,5.1682706,3
1321,-3.770462,-0.08462825,1
1322,-4.6713767,11.851032,7
1323,11.289844,3.3274887,6
1324,4.664087,6.4558024,5
1325,2.9023466,4.6557713,5
1326,-3.642354,11.080138,7
1327,11.578752,3.5636024,6
1328,2.9305568,6.697679,5
1329,-0.6249515,5.9565477,8
1330,2.027314,0.14584942,2
1331,-2.8810463,0.56362695,1
1332,-4.7114143,9.579275,7
1333,-0.6129401,10.46594,9
1334,1.8292363,-0.8011008,2
1335,-3.8847396,8.747106,7
1336,5.7060947,6.2863517,3
1337,10.925354,3.3036602,6
1338,-3.8574016,11.517453,7
1339,-0.36672574,5.8744073,8
1340,4.5150127,7.6841416,5
1341,-3.0139813,0.69472843,3
1342,-3.1713822,10.624224,7
1343,-5.0019608,10.604153,7
1344,1.3593981,7.4409275,8
1345,-1.0427436,14.515169,4
1346,16.582628,6.939627,0
1347,-3.913592,9.328696,7
1348,5.057032,4.683829,3
1349,15.663039,6.007739,0
1350,9.9410095,3.3451297,6
1351,6.4566374,3.8068423,3
1352,6.956341,5.593496,9
1353,-4.424746,9.288575,7
1354,-1.5629694,-3.8473601,1
1355,-1.120675,10.4893055,9
1356,5.712202,7.5214043,5
1357,6.3459783,4.2232842,3
1358,11.201671,2.720159,6
1359,15.857233,6.1518655,0
1360,0.9917776,11.469922,9
1361,3.7216313,-0.016626924,2
1362,1.0333681,7.1577067,8
1363,16.224463,8.045034,0
1364,5.557135,5.528114,9
1365,-3.2895348,0.83156806,1
1366,11.550223,6.0806303,6
1367,15.955825,7.5099134,0
1368,15.408222,7.7519197,0
1369,-2.8625674,0.4931059,1
1370,0.79021996,12.354964,9
1371,15.970584,7.0781465,0
1372,15.081682,7.3955154,0
1373,-0.94677347,14.063105,4
1374,3.004537,0.47565883,2
1375,-3.3234284,-0.17994678,1
1376,2.1613595,12.495758,7
1377,15.466454,5.8769064,0
1378,5.457167,5.6640778,3
1379,-0.758373,14.43975,4
1380,1.8301541,14.35076,4
1381,-4.4015436,9.593827,7
1382,4.0200534,7.3395553,5
1383,-1.0045369,10.68743,9
1384,0.5807242,5.863551,8
1385,3.4545925,-0.9868089,2
1386,15.039827,8.230218,0
1387,15.520274,5.8936434,0
1388,0.62647426,6.3570495,8
1389,10.862956,3.1999822,6
1390,2.2754319,0.089576684,2
1391,3.7079809,-0.8876315,2
1392,-4.2112117,9.57974,7
1393,11.1858425,3.5757062,6
1394,-1.730173,-3.4590857,1
1395,3.2500496,-0.85808676,2
1396,-0.6787151,11.735404,9
1397,3.069984,-0.680313,2
1398,10.4374485,2.6268363,6
1399,-0.083777286,11.396936,9
1400,-4.0798044,10.493287,7
1401,0.46409658,11.518758,9
1402,3.0009763,6.5634346,5
1403,16.473518,7.1127276,0
1404,10.555491,3.1832016,8
1405,-3.680891,1.2523649,1
1406,3.7706332,6.96291,5
1407,4.69359,-0.72799593,2
1408,0.581457,14.62447,4
1409,6.6800475,4.9500575,3
1410,-0.90829647,10.885239,9
1411,-2.1946888,14.381441,4
1412,-3.721116,11.083677,7
1413,3.2855055,5.0704036,5
1414,11.648067,6.060216,6
1415,10.857005,2.8426733,6
1416,-5.2115173,12.333782,7
1417,-5.076408,9.816702,7
1418,10.708159,4.5829954,6
1419,-0.015574651,5.238754,8
1420,5.872918,7.5412154,5
1421,-2.1163828,9.772692,9
1422,-3.9571002,9.84468,7
1423,16.771273,6.8964496,0
1424,11.4126,5.817828,6
1425,-4.1312275,1.4086746,1
1426,-0.49507967,12.164886,9
1427,4.6751475,-0.5847362,2
1428,6.4623404,6.2181716,3
1429,5.803981,4.1051803,3
1430,2.9262369,5.746823,5
1431,-1.1112138,15.114729,4
1432,5.799607,5.639581,3
1433,2.8598301,4.4177356,5
1434,0.7809311,6.920251,8
1435,10.973072,2.4456694,6
1436,5.164248,4.6488304,3
1437,-4.9844666,9.235762,7
1438,1.8445003,-0.74203956,2
1439,-0.67687297,5.4026012,8
1440,1.7013437,14.587464,4
1441,-2.2478402,9.675152,9
1442,2.9703562,5.448617,5
1443,16.52341,6.848938,0
1444,3.3202512,-1.8849599,2
1445,-3.803866,-0.27074245,1
1446,0.78803587,13.664808,4
1447,4.456334,-0.42049423,2
1448,11.5767355,6.3784833,4
1449,6.3530164,4.463636,3
1450,-1.3314612,-2.930017,1
1451,-4.5271816,8.545209,7
1452,-0.8622011,-4.4435983,1
1453,-0.7879911,5.391366,8
1454,13.999696,6.9695807,0
1455,-2.3705883,8.901633,9
1456,11.149507,3.7999866,6
1457,-0.4403444,5.650863,8
1458,-2.2152877,-1.2822528,1
1459,-1.7259285,9.456795,9
1460,1.7145191,14.513042,4
1461,-2.0087292,14.274263,4
1462,1.2612267,11.9490795,9
1463,-4.164617,0.49587238,1
1464,0.72983325,6.072628,8
1465,-1.9946494,9.292898,9
1466,11.603997,6.179728,6
1467,3.2849622,4.7949142,5
1468,3.4646573,6.3793764,5
1469,6.3197975,3.6626382,3
1470,5.678776,4.787826,3
1471,16.28275,6.900277,0
1472,-0.8516855,-3.6822631,1
1473,-3.756932,1.3013179,4
1474,5.906576,5.718948,3
1475,-0.64482963,5.55039,8
1476,5.505798,4.34272,3
1477,-4.0519094,2.1212406,4
1478,4.433459,-1.4645243,2
1479,16.407034,7.159957,0
1480,-5.2535872,10.077548,7
1481,2.4919887,4.545722,5
1482,4.0616465,6.6496663,5
1483,-3.7153273,0.82794225,1
1484,0.4810071,6.5572796,8
1485,3.2127671,5.0562854,5
1486,6.5454316,4.9953914,3
1487,-1.605229,15.142422,4
1488,11.242807,5.657556,6
1489,16.603355,7.401618,0
1490,4.272868,7.2477226,5
1491,-3.707535,9.108993,7
1492,2.4689682,-1.2676812,2
1493,10.893871,3.7437222,6
1494,11.388032,6.2645826,6
1495,16.016665,7.046535,0
1496,-3.5809877,-0.58980274,1
1497,-3.8127024,1.2971705,1
1498,0.48229814,13.418194,4
1499,-4.374791,8.804993,7
1500,-1.5429258,11.504423,9
1501,16.56315,7.3488483,0
1502,14.464041,7.59464,0
1503,10.896007,2.6754444,6
1504,11.125711,5.9360223,6
1505,-0.7973094,5.4756827,8
1506,9.893551,3.4280307,6
1507,-1.6386095,9.619078,9
1508,0.5855969,14.110801,4
1509,3.5926125,5.1427517,5
1510,3.0878532,-1.3723599,2
1511,-2.1206725,14.303607,4
1512,-2.0673995,-1.9190753,0
1513,-4.6195574,8.696351,7
1514,-0.096597634,10.962315,5
1515,10.934711,2.4619246,6
1516,4.212043,6.447253,5
1517,16.331072,7.0057836,0
1518,2.3030016,12.921077,9
1519,-0.59191734,5.1395464,8
1520,10.397375,4.940259,6
1521,-4.2826686,0.8665219,1
1522,2.6475267,12.469864,9
1523,-4.30134,8.591582,7
1524,3.54829,6.7221417,5
1525,-4.4618087,8.813167,7
1526,5.511045,7.768951,5
1527,-3.919274,1.7455242,1
1528,-1.9023187,-3.285635,1
1529,6.006495,3.7358184,3
1530,15.03252,8.221543,0
1531,3.7674212,0.28859717,2
1532,14.548365,8.19662,0
1533,6.028346,3.6232128,3
1534,1.5522555,7.6792645,8
1535,-3.9657,2.6067605,1
1536,11.033665,4.611982,6
1537,-2.085004,14.417011,4
1538,11.386806,5.9183517,6
1539,4.570966,-0.49098012,2
1540,10.421197,4.6604085,6
1541,-2.2181773,14.386427,4
1542,0.10430546,6.4744663,8
1543,-0.29570332,5.7909694,8
1544,-0.94625705,-4.0688577,1
1545,-3.7497778,0.8375451,4
1546,0.9062886,14.259753,4
1547,-3.6719542,8.912582,7
1548,-1.4386909,-3.853421,1
1549,4.741068,-0.43943098,2
1550,2.4220035,-0.17132276,2
1551,6.4217896,3.7898712,3
1552,0.1358674,12.392313,9
1553,10.226806,2.8867223,6
1554,-1.9561303,-3.835928,4
1555,-1.7540113,10.072357,9
1556,4.2849417,7.086271,5
1557,10.782888,2.3989363,6
1558,3.5826793,-1.5981461,2
1559,6.722942,4.0732913,3
1560,1.3305234,12.14198,9
1561,4.683253,-0.58548164,2
1562,10.921765,5.2582407,6
1563,4.6431184,-0.57737476,2
1564,-3.7945209,11.033334,7
1565,-1.9028434,15.08344,4
1566,5.59024,4.6540127,3
1567,11.213095,3.0400703,6
1568,0.33365628,13.820086,4
1569,-1.9554169,9.269232,9
1570,-3.4791067,9.387869,7
1571,16.642431,7.25798,0
1572,1.3784869,-0.42949894,2
1573,3.8117766,0.20218435,2
1574,0.16818991,10.766468,9
1575,3.163536,4.820497,5
1576,0.88961303,13.518289,4
1577,3.6483731,5.350309,5
1578,14.416575,6.6952467,0
1579,-3.9392345,1.2324346,1
1580,0.027610153,13.0115795,4
1581,5.9907885,5.392197,3
1582,10.54448,4.737382,6
1583,6.897232,5.056272,3
1584,4.485264,-1.2221788,2
1585,-2.1653166,9.834893,9
1586,-3.2335303,10.0944,7
1587,3.6767604,5.0019045,5
1588,5.3270164,5.6227016,3
1589,-4.622101,8.5395,7
1590,15.1100445,8.585916,0
1591,-1.5100608,9.660448,9
1592,4.253232,6.513882,5
1593,-0.78736806,5.2702274,8
1594,6.2459745,4.655838,3
1595,4.635483,-0.55856603,2
1596,14.438922,8.370078,0
1597,-4.117998,1.9599123,1
1598,0.19509062,5.353467,8
1599,6.090209,3.7404807,3
1600,14.214943,6.0860853,0
1601,-3.9077308,1.8592209,1
1602,1.7646816,-0.6113087,2
1603,6.3186293,3.857025,3
1604,1.2717243,12.275987,4
1605,15.462957,6.7381663,0
1606,14.652501,7.118193,0
1607,-3.2972112,-2.095597,1
1608,-5.037981,12.195734,7
1609,2.0264707,0.22801422,2
1610,-2.047579,9.241091,9
1611,7.0048323,4.709791,3
1612,-1.7985603,10.998423,9
1613,-0.43643257,14.139376,4
1614,-3.0851345,9.208303,2
1615,3.2700644,6.0675898,5
1616,1.234317,7.2093854,8
1617,10.436004,3.6070628,6
1618,-3.1442137,10.1415615,7
1619,-4.7544556,10.093124,7
1620,2.0881276,12.589523,9
1621,-0.3199516,5.7899985,8
1622,1.740389,12.195691,9
1623,-0.92447233,10.850018,9
1624,3.9275792,-1.0213035,2
1625,15.679914,7.4971156,0
1626,14.867134,7.775212,0
1627,-4.0887003,-0.108529,1
1628,0.46910405,13.759709,4
1629,2.845228,-0.7691602,2
1630,0.34851527,14.178044,4
1631,6.831316,5.2915134,3
1632,1.2351903,12.346389,9
1633,-0.36857277,14.203504,4
1634,5.846796,4.537461,3
1635,2.829394,5.2605658,5
1636,-4.278855,10.620728,7
1637,10.9704895,3.8160164,6
1638,3.0239272,5.5173197,5
1639,-4.127081,9.881257,7
1640,-2.3084836,-2.9098425,1
1641,-0.23630059,6.4000225,8
1642,10.965151,3.167996,6
1643,-0.8927953,10.763954,9
1644,5.1913676,5.7536063,3
1645,15.574039,7.9808035,0
1646,1.1742373,14.61418,4
1647,-3.1411107,-0.15201275,1
1648,2.2851655,-1.0235244,2
1649,2.8722272,-0.8061328,2
1650,4.1261287,7.2574067,5
1651,6.961069,4.503568,3
1652,-5.327819,11.887618,7
1653,-0.30186287,14.5658455,4
1654,-1.7757816,-3.9838052,1
1655,-5.070411,10.205698,7
1656,-3.1705077,10.287397,7
1657,0.2715384,5.729745,8
1658,-3.132701,-1.1767293,1
1659,-1.3922038,10.591912,9
1660,1.9568585,-0.71122026,2
1661,7.0078483,4.437802,3
1662,3.9838707,0.7580536,2
1663,-0.47288737,13.921239,4
1664,15.929636,8.36712,0
1665,-3.1097453,0.42646858,1
1666,0.9174988,7.1455436,8
1667,-1.422801,13.921938,4
1668,5.402173,4.4923854,3
1669,10.850965,3.8079824,6
1670,5.25558,7.3407617,5
1671,10.226245,3.262784,6
1672,1.5244254,14.341712,4
1673,-4.702535,10.257473,7
1674,15.012862,7.271215,9
1675,5.7470293,4.7757654,3
1676,-0.48236603,-4.326536,1
1677,6.0012856,4.784585,3
1678,16.26284,7.746739,0
1679,4.237708,-1.1828246,2
1680,-3.8805823,-0.57493764,1
1681,-3.917939,-0.42473093,1
1682,14.522543,7.440078,0
1683,-0.07514813,10.693854,9
1684,1.0137811,11.84538,9
1685,0.009198244,14.92232,4
1686,9.938121,2.892429,6
1687,-4.599832,9.95504,7
1688,11.357094,6.3215766,6
1689,6.6035595,4.5266414,3
1690,3.216693,5.7666607,5
1691,3.2444618,5.8965654,5
1692,0.6585643,13.985269,4
1693,-0.69083154,14.248173,4
1694,10.329581,4.710246,6
1695,0.059841067,11.040931,9
1696,-0.8066168,-4.243453,1
1697,-3.428561,-0.9160862,1
1698,6.091535,5.676637,3
1699,-2.4464798,-0.9223108,1
1700,-2.0711188,-3.7984583,1
1701,15.39149,7.596015,0
1702,3.322079,6.5249386,5
1703,-3.7508566,-0.6033214,1
1704,-0.90487945,12.896881,4
1705,-0.7530743,13.898004,4
1706,10.87394,4.065464,6
1707,10.987974,3.6362345,6
1708,10.868529,4.665294,6
1709,15.131048,7.1615596,0
1710,-1.474207,-3.96339,1
1711,2.3512707,-0.14551137,2
1712,15.419574,6.5238323,0
1713,-0.2052564,6.292944,8
1714,1.8084928,-1.1480175,2
1715,4.0187883,-0.9995641,2
1716,-1.1211711,-3.483114,1
1717,-3.041175,-0.30522138,1
1718,6.2537713,5.1019397,3
1719,-5.192571,10.7575245,7
1720,0.5847816,11.938643,9
1721,3.0757415,6.6489024,5
1722,5.4864054,4.1085134,3
1723,15.339377,8.127229,0
1724,4.7441564,-1.3728771,2
1725,15.27184,8.628167,0
1726,10.979744,4.381346,6
1727,2.120057,-0.0867649,2
1728,-1.7023622,10.489297,9
1729,15.332332,8.71799,0
1730,-3.950088,10.566671,7
1731,11.165623,3.810153,6
1732,1.3395103,12.200029,9
1733,-0.25194934,11.393649,9
1734,-3.1976216,-0.8867054,1
1735,2.3156643,-0.8625594,2
1736,-0.97650665,11.885081,9
1737,6.5850053,4.9168735,3
1738,-0.13495003,14.089702,4
1739,-4.621235,10.305175,7
1740,1.6845112,12.345707,9
1741,10.421965,2.750718,6
1742,14.435645,7.729756,0
1743,-0.012240757,11.462475,9
1744,0.9293582,13.0816345,4
1745,-0.2846492,5.908666,8
1746,-4.1671324,10.600946,7
1747,-4.601719,9.895549,7
1748,1.0557263,11.708436,9
1749,-0.2010755,5.9333076,8
1750,10.28618,2.4144254,6
1751,-0.13805203,11.069523,9
1752,4.878455,7.2925396,5
1753,1.7872692,-0.607219,2
1754,3.7903473,-0.3300664,2
1755,1.8179207,-0.31191173,2
1756,5.6070676,5.4389777,3
1757,0.3436854,11.091198,9
1758,-3.5053232,2.1437922,8
1759,-0.82253397,5.9049115,8
1760,1.3251172,6.545168,8
1761,11.191188,3.0814414,6
1762,-0.3031899,13.849791,4
1763,-1.6099135,14.309427,4
1764,1.0141984,14.404098,4
1765,-1.5967196,14.134386,4
1766,3.758684,-1.9558707,2
1767,-1.514644,14.400658,4
1768,11.51608,5.268744,6
1769,15.217841,7.9996257,0
1770,-3.8882613,10.093821,7
1771,15.327035,8.329278,0
1772,-3.8654044,11.438037,7
1773,0.38637727,5.9204035,8
1774,4.0406966,-1.9405048,2
1775,15.751802,7.938555,0
1776,-0.80953664,5.0587134,8
1777,-0.1688893,5.943269,8
1778,6.7823963,5.995081,3
1779,10.620138,3.204729,6
1780,0.63331413,6.649699,8
1781,11.3492775,3.7462766,6
1782,11.2809105,6.1265697,6
1783,0.16490768,5.591335,8
1784,10.548571,2.3914711,6
1785,2.8101323,5.135227,5
1786,-0.6597144,-3.8878264,1
1787,-2.8082318,-0.12069052,1
1788,0.508212,6.9511056,8
1789,-4.8865438,9.798798,7
1790,2.1705368,7.341065,8
1791,6.532227,3.9664843,3
1792,10.39369,4.9104404,6
1793,-0.29108158,6.152582,8
1794,1.1341074,11.94124,9
1795,2.6970677,5.4382215,5
1796,14.558544,6.6891665,0
1797,16.184328,8.119719,0
1798,14.833646,8.430011,0
1799,6.4774218,3.9987497,3
1800,3.6034858,-1.7055413,2
1801,10.5541,2.7624383,6
1802,10.754701,5.3748746,6
1803,-4.789927,9.538415,7
1804,-0.44617635,6.045574,8
1805,6.405128,3.999947,3
1806,2.9181488,6.5636363,5
1807,-3.3016365,-0.54118514,1
1808,0.06016264,13.3148775,4
1809,6.0008698,5.3358765,3
1810,2.7954144,5.0607414,5
1811,-0.7476563,10.690004,9
1812,-0.99823374,-3.9037654,4
1813,3.038755,5.383888,5
1814,11.132122,2.2757897,4
1815,-3.7223573,1.4437807,1
1816,-2.1150005,-3.30584,1
1817,2.8444467,6.0344577,5
1818,-1.9042976,14.173969,4
1819,15.814502,8.014926,0
1820,1.6467195,12.370074,9
1821,-3.355292,8.939587,7
1822,-1.2666779,-2.7403538,1
1823,2.7036972,-0.88396025,2
1824,4.7910423,7.3232255,5
1825,-5.127588,10.48897,7
1826,1.7715896,12.685754,9
1827,-0.96991843,14.73883,4
1828,16.24294,8.3826885,0
1829,5.8791285,3.809669,3
1830,10.850804,4.577686,6
1831,-3.5818357,0.3287642,1
1832,-3.3159883,10.18502,7
1833,-4.7974563,9.308193,7
1834,3.4643538,6.7927365,5
1835,10.450678,2.72797,6
1836,5.4938507,5.2919765,3
1837,15.422171,7.2694116,0
1838,-0.75439656,-3.860065,1
1839,-2.3103347,-2.1349149,1
1840,1.2971494,14.116118,4
1841,3.2110531,0.22421016,2
1842,0.80650204,13.554799,4
1843,6.076049,4.674761,3
1844,11.652867,4.416066,6
1845,-0.20698653,14.960673,4
1846,-3.1561887,9.036856,7
1847,4.1200757,6.9930115,5
1848,-4.169045,10.286558,7
1849,11.148013,4.826048,6
1850,-0.32837734,12.222481,9
1851,-5.356149,11.697366,7
1852,3.4299905,0.48648518,2
1853,0.5239683,6.4282093,8
1854,-0.9632938,11.482185,4
1855,1.091009,12.19148,9
1856,0.18808599,5.8697424,8
1857,15.419103,7.7981997,0
1858,-4.829531,11.658492,7
1859,-2.3784883,-1.4332006,1
1860,-3.6883848,1.9953728,1
1861,3.212789,0.32303697,2
1862,5.7538867,5.288046,3
1863,5.645783,6.051765,3
1864,4.016431,6.489817,5
1865,-0.21016009,14.331615,4
1866,10.070633,4.254639,6
1867,2.6139953,5.5517106,5
1868,15.202325,7.884118,0
1869,10.950197,4.2156744,6
1870,6.3263803,5.086075,3
1871,-5.2482696,10.863463,7
1872,5.8568916,4.703946,3
1873,-0.5486723,5.8262587,8
1874,2.0421898,-0.0039610383,2
1875,-2.5949032,9.40755,9
1876,15.440983,8.921795,0
1877,14.794338,6.585421,0
1878,0.15090586,12.0317545,9
1879,-3.0160007,-1.6986116,1
1880,2.2094245,-0.16745906,2
1881,3.4778893,0.26569396,2
1882,0.56121284,11.734591,9
1883,6.295437,5.3594704,3
1884,1.1440551,11.967062,9
1885,-0.22167186,14.63925,4
1886,11.146668,5.727134,6
1887,5.0350122,7.153499,5
1888,3.9817798,0.7583233,2
1889,10.433784,2.4850562,6
1890,10.451593,2.9091005,6
1891,-4.4053297,9.416365,7
1892,11.138804,5.846845,6
1893,-0.521454,5.6168513,8
1894,2.8945282,-0.92770934,2
1895,-1.8032418,10.330964,9
1896,3.9154413,-1.1886295,2
1897,15.365486,7.050949,0
1898,10.15895,3.8538547,6
1899,-3.8178208,10.426755,7
1900,1.8009801,-0.5987983,2
1901,-0.27624887,6.2811823,8
1902,9.912851,3.105227,6
1903,-0.80111706,11.321238,9
1904,14.339418,5.9526563,0
1905,-0.9266826,10.877992,9
1906,10.154155,2.379,6
1907,15.392847,6.7308645,0
1908,6.839052,5.0277443,3
1909,-3.4980185,0.51168543,1
1910,-2.4451933,-2.6279647,1
1911,-0.36664918,14.267931,4
1912,1.7240269,12.627287,9
1913,5.0596657,6.527567,5
1914,1.2170911,6.18369,8
1915,-3.3731806,1.314356,1
1916,16.207731,8.729044,0
1917,10.469254,2.600037,6
1918,11.101611,5.952573,6
1919,-4.156658,9.836122,7
1920,2.449574,-1.1024657,2
1921,6.7663856,4.5856376,3
1922,0.41739088,14.252276,4
1923,4.779437,-1.1950871,2
1924,5.631545,4.2387576,3
1925,-0.054659184,11.099594,9
1926,14.7608185,8.198681,0
1927,15.485067,6.961041,0
1928,-0.80012745,12.965723,4
1929,4.9628882,6.5081725,5
1930,16.264635,8.040629,0
1931,10.452338,2.3230436,6
1932,1.0111177,14.061134,4
1933,-4.54663,9.1466675,7
1934,0.3487478,13.753125,4
1935,6.912807,4.190714,3
1936,-2.7945337,-2.7676964,1
1937,-1.7033777,11.09333,9
1938,5.527332,4.330031,3
1939,-0.9616207,11.608046,9
1940,0.9375254,12.702523,9
1941,6.8956323,4.793277,3
1942,-1.3017265,-2.6441352,1
1943,0.55506945,6.278217,8
1944,-4.190851,9.422836,7
1945,-2.501879,-2.5466073,1
1946,-4.8975515,12.12197,7
1947,2.5411289,0.102948435,2
1948,1.289832,7.631864,8
1949,-0.63628924,11.4781065,9
1950,0.8308285,11.872864,9
1951,10.2072525,3.2213173,6
1952,4.1148453,-1.7800313,2
1953,-4.6107936,10.532219,7
1954,2.9338431,-0.62395066,2
1955,4.6095514,6.4854207,5
1956,16.667307,7.189824,0
1957,10.663669,4.242849,6
1958,-3.836676,11.445018,7
1959,5.6402445,5.089483,3
1960,0.912054,11.889147,9
1961,5.386998,7.6543894,5
1962,1.0516148,12.446244,9
1963,15.791658,7.225047,0
1964,1.7630816,6.7490788,8
1965,3.6814947,6.199128,5
1966,1.6023579,6.949188,8
1967,-0.8713103,14.495726,4
1968,-4.1063433,11.878359,9
1969,15.079635,6.657447,0
1970,2.8543286,5.2659388,5
1971,6.727069,4.119629,3
1972,3.3277154,-1.589283,2
1973,-0.36381957,13.778185,4
1974,2.4295473,7.501168,8
1975,-3.8763194,10.491313,7
1976,0.21147925,14.988503,4
1977,-3.1786,-1.1416522,1
1978,4.2331986,6.6540504,5
1979,0.36615685,14.581087,4
1980,11.486468,5.200681,6
1981,7.030094,4.7694654,3
1982,-4.508528,11.592998,7
1983,-5.0712724,10.72368,7
1984,1.3396139,12.455833,9
1985,10.3027525,3.706197,6
1986,10.969052,3.475507,6
1987,3.1823611,0.38707373,2
1988,2.252525,0.17009388,2
1989,-2.4802582,-1.5148618,1
1990,10.368917,4.73114,6
1991,3.6653786,6.1505785,5
1992,-1.4221134,13.368233,4
1993,4.793992,6.6296973,5
1994,5.500061,5.7943964,3
1995,16.174698,8.228525,0
1996,4.1973553,7.163762,5
1997,5.24363,7.1871567,5
1998,2.7553437,-1.2301028,2
1999,15.708125,7.4389844,0
2000,3.511546,7.3112707,5
2001,-0.029007092,6.1649246,8
2002,1.0035095,7.6078763,8
2003,-1.0881789,14.365392,4
2004,4.288152,-1.026538,2
2005,11.388646,3.9150906,6
2006,-1.3782129,10.817224,9
2007,-4.9589925,10.90354,7
2008,-1.3097482,-2.895308,1
2009,15.9997425,7.5763516,0
2010,2.7335513,-0.72388965,2
2011,6.12866,5.040596,3
2012,-1.9094385,-4.031523,1
2013,0.5466427,6.5609508,8
2014,-4.9624133,11.886964,7
2015,-1.7401487,-2.2334473,1
2016,0.6426936,7.4919877,8
2017,2.6250203,-0.6083954,2
2018,-3.1569188,9.282935,7
2019,2.7196476,0.2829033,2
2020,10.591023,4.9700727,6
2021,6.283868,5.183416,3
2022,3.260318,-0.41993013,2
2023,6.3212433,4.1749144,3
2024,-4.137774,11.47318,7
2025,10.499277,3.1972775,6
2026,1.3988575,6.473021,8
2027,-5.0407624,11.21531,7
2028,3.7127593,6.6736135,5
2029,6.6291738,4.701942,3
2030,-0.51008683,-4.1562786,8
2031,0.2197476,13.803807,4
2032,1.7481105,14.409204,4
2033,-0.6948183,10.799679,9
2034,0.5442457,14.028921,4
2035,11.19758,5.0655565,6
2036,1.4762996,14.41256,4
2037,4.5698385,6.4806333,5
2038,4.4411893,6.729575,5
2039,-3.1860125,0.11560756,1
2040,-0.50337803,-4.2751164,1
2041,-0.4751642,11.261091,9
2042,5.4629865,4.513932,3
2043,-0.116348624,5.743443,8
2044,-2.2904637,-1.8384062,6
2045,-3.2657738,0.75279987,1
2046,-1.0919728,14.213456,4
2047,-4.1340404,0.3475069,1
2048,-3.858331,9.350271,7
2049,2.8678598,5.422709,5
2050,-0.26714706,12.734149,4
2051,16.345257,8.058149,0
2052,0.38082308,14.097003,4
2053,4.5317607,-1.2555681,2
2054,-4.071229,10.302916,7
2055,-4.120059,10.315693,7
2056,5.7559013,7.340728,5
2057,1.0825815,6.174268,8
2058,14.570912,7.600086,0
2059,10.50049,3.549987,6
2060,1.2620167,12.486279,9
2061,10.415486,2.4953096,6
2062,10.265567,3.9351494,6
2063,0.6493902,6.684999,8
2064,-3.4019394,11.395896,7
2065,3.8036966,-1.6693923,2
2066,14.754423,5.883714,0
2067,0.4188908,6.164122,8
2068,5.7146454,7.5473685,8
2069,-0.074225836,14.1511965,4
2070,-0.028315632,5.2673554,8
2071,-0.892585,14.91154,4
2072,0.742095,13.359244,4
2073,2.8166125,0.22749281,2
2074,5.6748857,6.3265452,3
2075,2.7620158,-0.38389862,2
2076,6.5449834,4.624446,3
2077,0.26988497,6.1398883,8
2078,1.5698096,-0.09361689,2
2079,16.010168,7.752878,0
2080,5.2235265,6.8418164,5
2081,15.215519,7.1073613,0
2082,15.267334,6.750861,0
2083,-3.2584765,-0.70456105,1
2084,15.360355,7.7255406,0
2085,3.4611404,-1.359331,2
2086,-2.5280447,-0.47981176,1
2087,5.652752,5.229463,3
2088,5.808801,5.063144,3
2089,-1.02967,14.473636,4
2090,-4.839218,11.376063,7
2091,4.1503634,6.698932,5
2092,6.0794206,6.5980253,3
2093,11.319512,4.4927745,6
2094,-1.280102,-3.1752787,1
2095,-4.896197,11.512416,7
2096,10.694232,4.1660028,6
2097,0.68367773,6.991177,8
2098,-3.6964908,9.904818,3
2099,-1.1795195,11.275806,9
2100,15.26246,7.692883,0
2101,14.925064,6.7806044,0
2102,-3.8216658,11.519691,7
2103,-1.9872308,-1.2151065,1
2104,3.3399873,-0.7644426,2
2105,3.8516624,-1.4977305,2
2106,-0.10764001,14.555306,4
2107,5.5434155,5.1716394,3
2108,-3.4709997,9.519752,7
2109,-0.45720583,14.710864,4
2110,-3.9213502,0.5878251,1
2111,4.313682,5.9799843,5
2112,14.225102,7.365701,0
2113,11.4496765,5.0275025,6
2114,6.4657025,5.1638417,3
2115,-4.7602944,11.2426605,7
2116,-0.8984961,10.7185,9
2117,0.791643,6.4535103,8
2118,-5.4366126,11.50555,7
2119,-0.9472898,10.668776,9
2120,3.467561,6.472945,5
2121,15.544877,7.265879,0
2122,-3.2618074,-0.61872274,1
2123,-2.8068283,0.26214048,1
2124,1.4529058,6.795562,8
2125,3.4079306,-1.280216,2
2126,11.719307,6.1570363,6
2127,5.1188064,5.0996633,3
2128,5.3129034,5.849522,3
2129,-0.88308084,15.257354,4
2130,5.4412518,5.5971656,3
2131,3.9791255,6.1648803,5
2132,6.0337763,3.7801301,3
2133,-5.154305,11.181636,7
2134,-2.740283,-2.7088234,1
2135,-0.39326853,6.403551,8
2136,-2.8020039,-2.276177,1
2137,-0.38077626,10.517526,9
2138,10.032212,3.3566604,6
2139,0.8501262,7.3941007,8
2140,-1.3887252,10.722857,9
2141,-0.9501428,11.982357,9
2142,-3.9861887,9.29241,7
2143,5.5151844,7.2430453,5
2144,15.0849,6.4666114,0
2145,-4.4469776,11.644608,7
2146,6.2098293,5.9112706,3
2147,15.451205,8.534898,0
2148,10.94913,5.685663,6
2149,6.7726865,4.960228,3
2150,0.25789264,7.2198205,8
2151,-2.87088,-1.7525145,1
2152,11.1236515,4.6207576,6
2153,11.168733,4.280436,6
2154,-2.432598,-2.3093104,1
2155,0.93821025,7.1493864,8
2156,11.237685,4.474169,6
2157,-0.3905858,14.223506,4
2158,10.659568,5.232122,6
2159,-2.3632286,-0.6727901,1
2160,15.996899,7.185507,0
2161,-4.869313,10.808307,7
2162,-1.8509797,-3.618839,1
2163,11.193025,3.6018028,6
2164,0.31464204,14.899728,4
2165,3.5946298,6.4087253,5
2166,-4.107513,0.4898126,1
2167,11.36599,4.465015,6
2168,-3.1680245,10.2728405,7
2169,-1.5333146,14.663291,4
2170,2.143902,7.5542703,8
2171,4.102359,-1.5981585,2
2172,5.4083996,6.8267336,5
2173,-4.679986,10.749426,7
2174,5.5279937,4.290719,3
2175,-0.08493257,5.9805675,8
2176,0.99057716,13.833296,4
2177,-3.437073,-0.6082552,1
2178,10.935239,5.1805515,6
2179,5.591133,4.633761,3
2180,6.164496,4.2462716,3
2181,-0.023919282,14.269228,4
2182,4.0596333,7.4990177,5
2183,5.8422885,5.1736956,3
2184,1.88456,0.18043545,2
2185,-1.0221251,13.987865,4
2186,4.8832626,7.0862823,5
2187,-4.10629,11.143549,7
2188,-1.2993847,-2.3635607,1
2189,3.720744,-1.40598,2
2190,0.4833432,14.130889,4
2191,15.2429905,7.587153,0
2192,14.524075,5.8383636,0
2193,3.9913723,6.9383335,5
2194,0.46577653,7.5622654,8
2195,15.248534,8.633677,0
2196,10.952143,4.968098,6
2197,-2.520766,-2.0468144,1
2198,-3.1810198,-2.3942177,1
2199,0.31643918,11.572864,9
2200,5.8568206,6.014498,3
2201,3.0682652,-0.8096897,2
2202,-1.3478669,-3.1116793,1
2203,6.664967,5.3545117,3
2204,1.4460653,14.3106365,4
2205,3.7475111,-1.4388417,2
2206,-0.90319556,13.316703,4
2207,6.1026497,6.0246973,3
2208,-1.4870026,13.51069,4
2209,5.2354174,6.935168,5
2210,1.250748,6.515862,8
2211,5.1132283,7.04134,5
2212,10.225614,3.6418529,6
2213,-5.2047234,11.634024,7
2214,11.319993,4.242911,6
2215,0.5121746,6.9016876,8
2216,-0.20090763,11.696635,9
2217,-1.3261334,13.733443,4
2218,14.515131,6.7299185,0
2219,-0.35291842,11.406877,9
2220,9.772973,3.633486,4
2221,-0.20574015,11.717793,9
2222,-0.37020522,13.766337,4
2223,-4.0284595,11.369356,7
2224,-1.2004564,14.155824,4
2225,-1.4347683,-2.9822414,1
2226,10.078941,3.618816,6
2227,-2.8326972,-2.064942,1
2228,5.954771,6.0058017,3
2229,-4.868144,11.0607195,7
2230,5.925366,5.366147,3
2231,-3.6152804,8.817732,8
2232,6.330642,5.139772,3
2233,5.9614825,4.596075,3
2234,3.3300967,0.34667838,2
2235,-0.436992,13.963412,4
2236,1.0640109,14.817868,4
2237,0.72166586,7.333695,8
2238,-4.4672,8.94498,7
2239,11.388955,4.9752407,6
2240,0.59990984,13.98452,4
2241,6.475733,5.468947,3
2242,10.98096,4.4247937,6
2243,1.0750118,7.326225,8
2244,-4.6419573,11.982349,7
2245,15.106011,7.1142874,0
2246,-4.0590754,11.071002,7
2247,-0.70008147,10.2558975,9
2248,5.609397,7.453595,5
2249,10.829718,2.7593286,6
2250,3.0541105,6.2572246,5
2251,4.22236,-1.5133811,2
2252,4.816871,4.8735743,3
2253,15.121139,8.4595585,0
2254,-0.39219734,13.498893,4
2255,-1.900365,-3.3909712,1
2256,0.50374496,14.630533,4
2257,14.853784,8.618399,0
2258,5.624269,6.966489,5
2259,10.975037,5.5446563,6
2260,-1.6400754,-4.093109,1
2261,3.3122416,-0.7885293,2
2262,10.279854,4.684907,6
2263,5.7390532,4.8091583,3
2264,1.3888808,14.236755,4
2265,0.7226059,6.993124,8
2266,3.5186367,6.8724117,5
2267,-0.26244786,11.043277,9
2268,3.536427,7.115368,5
2269,14.848425,7.4752836,0
2270,2.9920301,-0.14104578,2
2271,-5.1026964,10.786474,7
2272,4.73065,6.045803,5
2273,3.752349,-1.3565987,2
2274,1.0327431,12.403575,9
2275,5.67455,4.6937065,3
2276,-0.66403276,13.398303,4
2277,-1.2206887,13.783248,4
2278,14.154512,6.226956,0
2279,3.6353397,5.8706717,5
2280,3.4451861,-1.7916346,2
2281,4.394788,7.5229273,5
2282,5.1366334,7.3095675,5
2283,3.6551976,-1.1504424,2
2284,1.7999152,12.782723,9
2285,1.2765783,7.3354297,8
2286,5.699108,4.7319403,3
2287,5.047153,7.4852986,5
2288,4.4506106,-0.68847966,2
2289,-0.040217876,14.350709,4
2290,-0.9364433,15.133692,4
2291,11.098069,4.6941247,6
2292,2.8634348,12.23114,7
2293,10.68927,4.4541445,6
2294,-1.0080588,13.298804,4
2295,10.970191,4.601153,6
2296,10.195269,4.071567,6
2297,-4.0865874,10.977788,7
2298,14.989781,8.392624,0
2299,0.29048368,11.37716,9
2300,10.599006,4.7365756,6
2301,-3.3164728,-0.94646907,1
2302,1.8807856,6.8635297,8
2303,1.4222196,6.7625437,8
2304,4.398871,7.8683696,5
2305,3.7734542,-1.5013407,2
2306,-0.76828647,-3.555866,1
2307,-1.9997174,-3.6774397,1
2308,2.8434298,6.207687,5
2309,3.6887307,-1.597468,2
2310,14.140934,7.7656894,0
2311,11.08495,4.842677,6
2312,1.7332783,12.631456,9
2313,3.9464514,6.7406564,5
2314,4.648867,-0.8016684,2
2315,5.543352,4.7030516,3
2316,-0.5796666,-4.0367646,1
2317,-0.541358,14.250568,4
2318,-1.0191082,-2.9331095,1
2319,-4.321852,11.497492,7
2320,10.698957,2.8081822,6
2321,-0.02088872,10.95822,9
2322,3.407006,0.016681965,2
2323,-0.619205,14.428299,4
2324,11.7797985,6.218972,6
2325,15.103077,8.2421875,0
2326,-2.0386138,-2.9262176,1
2327,14.527998,7.186868,0
2328,5.0248704,6.9001007,5
2329,5.3777857,7.2525754,5
2330,3.5696287,6.619693,5
2331,-0.5949165,11.07099,9
2332,2.6339228,-1.1273208,2
2333,15.86454,7.253335,0
2334,-0.21132195,13.339535,4
2335,-3.7022362,1.3162222,1
2336,-2.204475,-3.605718,1
2337,4.8120418,-1.0283483,2
2338,-0.090777256,12.985908,4
2339,5.567577,3.6810212,3
2340,14.467802,8.167334,0
2341,-1.4989696,15.160111,4
2342,1.5628818,-0.5728271,2
2343,3.0364912,4.8474126,5
2344,-4.4924016,11.888951,7
2345,11.599771,3.5196831,6
2346,2.6255896,-0.8604759,2
2347,-4.522403,8.621298,7
2348,-4.0395036,9.82212,7
2349,-0.7693258,4.990358,8
2350,6.886682,6.310684,3
2351,-1.665034,9.895164,9
2352,16.069899,8.824879,0
2353,16.166899,7.971438,0
2354,3.431489,-1.7062129,2
2355,-4.084355,1.99409,1
2356,-2.8338935,-1.2501639,1
2357,4.674211,-1.2322192,2
2358,-0.63336647,5.586691,8
2359,5.56992,3.715032,3
2360,1.6224526,14.324522,4
2361,-1.6723247,15.105031,4
2362,-1.519087,-3.4114237,1
2363,2.8929274,4.904231,5
2364,1.0737312,12.156673,9
2365,11.434885,2.8063781,6
2366,-1.6673565,-4.1411133,1
2367,-4.4308405,8.417985,7
2368,5.2427487,6.5721116,5
2369,-0.83981794,5.026903,8
2370,-0.5603951,11.136555,9
2371,-2.0469673,9.338614,9
2372,10.208267,2.7392483,6
2373,16.177427,7.7449484,0
2374,-2.38845,-0.78996384,1
2375,-4.099802,2.4406087,1
2376,-3.52062,11.27348,7
2377,4.786093,-0.73359376,2
2378,1.204942,6.944577,8
2379,5.726334,3.4892511,3
2380,-5.390737,10.816966,7
2381,-4.7351165,8.563279,7
2382,-0.32034424,5.221068,8
2383,-0.75461936,5.017475,8
2384,0.29367378,6.096405,8
2385,-1.5151404,9.549811,9
2386,-4.872457,11.621324,7
2387,10.900745,3.5100589,6
2388,0.27669638,5.573651,8
2389,3.671137,-0.9702345,2
2390,1.2868105,13.904493,4
2391,-4.3684707,9.301894,7
2392,-1.4657137,13.788517,4
2393,-3.3265834,1.2323118,1
2394,1.8105476,6.8426933,8
2395,4.1442533,6.032137,5
2396,15.054545,8.791546,0
2397,11.559627,3.844115,6
2398,0.23081347,11.999915,9
2399,4.0125203,-0.81709373,2
2400,0.92245615,7.117438,8
2401,2.9148774,5.0155063,5
2402,2.4534829,-1.2491481,2
2403,16.496258,7.5554824,0
2404,15.363553,7.224738,0
2405,2.9454012,5.005956,5
2406,-0.21126926,13.018129,4
2407,-1.4837782,15.253352,4
2408,6.5801225,4.0585732,3
2409,4.572532,-0.8743495,2
2410,2.2463958,-0.9008757,1
2411,16.057693,7.138482,0
2412,5.9381266,7.2141256,5
2413,-0.585095,5.3867807,8
2414,5.500017,7.4737687,5
2415,-4.034864,2.2155023,1
2416,-0.35196778,14.750283,4
2417,-4.456921,8.413277,7
2418,2.748414,-0.55556303,2
2419,-4.078653,2.7076995,1
2420,1.2743176,14.2218895,4
2421,-0.76630986,4.970632,8
2422,10.732316,2.7988985,6
2423,5.838437,3.2724266,3
2424,1.3897868,14.237629,4
2425,-0.976359,5.172209,8
2426,-3.1858256,9.222961,1
2427,-3.9867632,8.569959,7
2428,3.9232163,6.5377164,5
2429,-3.592128,1.3443409,1
2430,6.1046557,5.570114,3
2431,-4.1904707,9.261076,7
2432,-0.8085633,-4.151423,1
2433,-4.4929066,8.961486,7
2434,-0.90253115,11.882318,9
2435,15.884965,6.2926636,0
2436,14.601983,6.2836823,0
2437,-3.606327,1.3001397,1
2438,-0.5664291,12.032336,9
2439,-1.9621514,14.588686,4
2440,16.171509,6.6281614,0
2441,-1.7462962,14.817531,4
2442,0.9567694,6.969837,8
2443,-1.6542752,15.006873,4
2444,-2.253861,-1.896645,8
2445,3.4914255,5.3305974,5
2446,-1.9502605,-3.8551743,1
2447,-4.036526,8.597768,7
2448,-2.1502223,-1.6316705,1
2449,-2.1398394,14.90127,4
2450,2.8425317,0.49759418,2
2451,-1.6110132,14.984389,4
2452,0.28451046,14.431458,4
2453,-1.2221032,9.74541,9
2454,4.0086164,-1.9480957,2
2455,-4.538106,8.520429,7
2456,5.1912317,4.227415,3
2457,4.5927877,-0.6117582,2
2458,0.2689768,13.814961,4
2459,11.278923,3.1158457,6
2460,-0.11690653,10.814277,9
2461,2.6302166,4.8372784,5
2462,-3.340805,0.25589383,1
2463,6.1878433,3.9666007,3
2464,3.1775265,-1.1575665,2
2465,-1.7290815,9.569323,9
2466,0.12734224,12.966861,4
2467,-1.6275829,14.510593,4
2468,5.0520477,5.5764837,3
2469,5.595481,3.8118494,3
2470,10.414042,4.9384727,6
2471,-1.7240463,9.681683,9
2472,1.7025576,-0.57130647,2
2473,16.07627,7.8831396,0
2474,10.946391,3.3211923,6
2475,-0.5853185,5.960106,8
2476,1.3659633,6.7678895,8
2477,-4.523737,8.649344,7
2478,5.773313,7.5349617,5
2479,11.304714,2.7805474,6
2480,10.071885,4.0593324,6
2481,5.5301747,3.9010866,3
2482,1.6128238,6.9437,8
2483,15.792978,7.625653,0
2484,-1.9192885,15.28488,4
2485,-1.549369,14.951015,4
2486,10.533012,3.327765,6
2487,11.685175,3.8126454,6
2488,-3.830349,11.751525,7
2489,5.513314,3.7509277,3
2490,-0.22150557,12.885923,4
2491,-4.1171227,8.4023485,7
2492,-3.8697643,11.583734,7
2493,15.804941,6.8200154,0
2494,11.173313,6.090737,6
2495,-3.8485432,1.1771355,1
2496,11.019026,5.939186,6
2497,-3.4280286,1.64239,1
2498,10.964951,5.339985,6
2499,4.509554,-1.0341702,2
2500,14.952517,7.8433905,0
2501,-1.7140572,9.845015,9
2502,-3.7199879,11.432837,7
2503,5.595113,3.6306393,3
2504,10.969888,3.4856572,6
2505,-3.9071724,1.7608503,1
2506,5.6915903,5.962178,3
2507,-0.029844591,5.5600657,8
2508,2.8170455,0.009829956,2
2509,-1.6410588,9.669529,9
2510,4.0062714,-0.9670373,2
2511,-0.49254876,5.191936,8
2512,-3.449448,10.90873,7
2513,4.5280423,-0.67966306,2
2514,-1.0467693,11.6518345,9
2515,3.244094,5.3579984,5
2516,11.144106,2.892604,6
2517,4.6732717,-0.6458347,2
2518,3.7786155,-1.2798625,2
2519,11.369455,3.8227715,6
2520,1.3966448,13.8499155,4
2521,-1.4985393,9.588192,9
2522,-3.9088457,11.124935,7
2523,11.749827,3.908968,6
2524,5.839318,5.192039,3
2525,16.472286,7.6250696,0
2526,14.322201,7.7069626,0
2527,4.0958114,6.227353,5
2528,16.554365,7.059837,0
2529,5.51149,3.8567939,3
2530,-3.5422425,-0.52608436,1
2531,5.5012217,3.8177586,3
2532,15.019031,8.55858,0
2533,11.760628,4.4511595,6
2534,1.7628561,-0.27329493,2
2535,5.7940106,3.5570405,3
2536,5.686762,4.735394,3
2537,3.0520592,5.0736966,5
2538,15.235258,6.3220344,0
2539,16.168217,7.007124,0
2540,-5.408386,10.502918,7
2541,6.0912037,3.6981099,3
2542,-0.5182887,13.52579,4
2543,-4.4225497,8.509282,7
2544,4.24057,6.514083,5
2545,11.648818,4.025304,6
2546,-1.4338027,11.706448,4
2547,-3.9994009,2.2856805,1
2548,1.4876775,14.271233,4
2549,3.2550251,4.669401,5
2550,2.239686,-0.9537858,2
2551,2.7079928,4.8456225,5
2552,-3.7181895,-0.4479838,1
2553,-1.6605796,9.356409,9
2554,5.399702,6.947809,5
2555,-0.8352994,4.9657273,8
2556,9.839178,3.2959151,6
2557,16.71841,7.3742266,0
2558,-5.0990896,11.601576,7
2559,-2.0824552,9.203077,9
2560,-0.62989396,14.476962,4
2561,15.477795,6.6261954,0
2562,0.591181,12.161042,9
2563,-3.8338535,0.44602618,1
2564,4.9867244,4.5321283,3
2565,4.3918514,-1.0221916,2
2566,3.4208229,6.84347,5
2567,6.013483,5.4175034,3
2568,5.947794,4.822854,3
2569,-0.5651945,14.086632,4
2570,11.35161,5.2271,6
2571,5.212791,7.238376,5
2572,-2.1745417,-1.0603966,1
2573,11.369335,4.3099537,6
2574,-3.6781576,11.481778,7
2575,-5.1035337,10.074481,7
2576,-4.398572,8.6156435,7
2577,0.6950305,6.2357845,8
2578,-1.6010467,13.762101,4
2579,-0.96240306,10.847954,9
2580,5.2352257,4.352827,3
2581,15.65122,6.830239,0
2582,14.464976,6.3763547,0
2583,-3.6434858,1.0200577,1
2584,14.706672,6.346927,0
2585,4.2571354,-0.9444629,2
2586,14.0885,7.434988,0
2587,7.071733,4.849769,3
2588,12.0539465,6.493357,6
2589,-0.97286266,14.14444,4
2590,10.6202135,2.941615,6
2591,-4.511431,8.979289,7
2592,4.8617764,7.2206526,5
2593,-0.02780463,5.8661475,8
2594,-1.822084,-3.9531538,1
2595,-1.9872222,9.990266,9
2596,0.55222756,13.628522,4
2597,16.086397,7.2826624,0
2598,0.7796847,6.5656047,8
2599,-3.0539868,0.8068794,1
2600,-1.3495339,11.735695,9
2601,3.6947846,-0.6721925,2
2602,10.14003,4.1294403,6
2603,6.7967668,4.802715,3
2604,-4.289524,1.2656802,1
2605,4.7451873,7.3434544,5
2606,14.967689,8.43485,0
2607,11.302962,3.810078,6
2608,0.24394873,15.094399,4
2609,-3.8881855,8.420342,7
2610,-0.02740103,5.8103757,8
2611,0.4102058,5.356729,8
2612,-5.138822,11.940554,7
2613,-1.6733586,9.8999405,9
2614,11.210045,5.79978,6
2615,15.011008,5.988549,0
2616,-0.78908783,-3.4191809,1
2617,15.670085,6.697703,0
2618,-3.2279065,9.88394,7
2619,-2.8265002,0.08285592,1
2620,4.131694,7.265666,5
2621,16.049778,7.3019476,0
2622,1.8354568,7.619163,5
2623,-3.341127,-0.3241106,1
2624,14.992279,6.832325,0
2625,3.9728644,-0.4036735,2
2626,2.6386302,-1.068726,2
2627,7.033102,5.3447046,3
2628,1.0825864,6.685531,8
2629,15.886567,7.583479,0
2630,-2.1323516,-3.6778502,1
2631,10.764617,3.2075753,6
2632,6.711916,5.203626,3
2633,-0.2548395,10.314268,9
2634,-3.4064164,8.548189,7
2635,11.344269,3.9895122,6
2636,6.0403357,7.6803827,8
2637,11.04368,3.3123796,6
2638,10.72736,3.6785674,6
2639,2.777586,4.753029,5
2640,1.3541161,12.619316,9
2641,3.9507124,-1.136794,2
2642,14.75346,7.69917,0
2643,-0.9601025,10.694522,9
2644,10.1940565,3.7103455,6
2645,-3.3587751,0.14107062,1
2646,3.200719,5.6131954,5
2647,-1.712029,13.966159,4
2648,-4.8954535,10.442817,2
2649,-1.5173898,10.13789,9
2650,-5.3584223,11.377271,7
2651,3.6906135,5.458991,5
2652,5.8588204,6.10614,3
2653,-4.728672,9.203313,7
2654,-0.55434966,-4.033728,1
2655,3.584753,5.7055717,5
2656,10.263143,4.4275312,6
2657,11.745413,5.089274,6
2658,-3.5955815,10.615482,7
2659,-5.425816,11.419123,7
2660,6.7952533,6.3923283,3
2661,6.208641,4.038296,3
2662,10.879507,3.2114105,6
2663,-3.8368576,0.6874168,1
2664,3.461282,-0.5003167,2
2665,-0.37354302,14.63779,4
2666,-3.7360625,10.130767,7
2667,-3.0773687,0.7938136,1
2668,-0.2912715,5.715615,8
2669,5.6254244,4.3096256,3
2670,4.471348,-1.434756,2
2671,6.751473,4.709335,3
2672,1.7473756,7.1558595,8
2673,-3.6434412,9.215061,7
2674,4.491066,7.0996313,5
2675,6.6354046,4.181731,3
2676,2.45015,-0.92246544,7
2677,-1.3287681,10.261887,9
2678,1.3121103,6.9213324,8
2679,0.81480473,5.801445,8
2680,11.210028,5.742939,6
2681,1.2131697,6.2477894,8
2682,2.1322856,7.222704,8
2683,0.5574233,6.1341453,8
2684,3.532216,-0.6314476,2
2685,-0.010391804,5.7744107,8
2686,-0.8756702,14.041874,4
2687,0.7915874,5.901079,8
2688,-0.68326724,-3.984235,1
2689,-1.0185235,13.854782,4
2690,3.5049782,7.007944,5
2691,-4.506828,9.114573,7
2692,-3.0924633,-0.63418174,1
2693,3.143628,-0.20087574,2
2694,3.056441,-1.499507,2
2695,-3.3192532,0.86023456,1
2696,1.7385346,12.610031,9
2697,-0.26044247,10.625735,9
2698,5.4879103,6.962221,5
2699,-0.016151063,6.500478,8
2700,4.066596,-0.49091017,2
2701,-4.1272383,8.831382,7
2702,2.1309826,12.699371,9
2703,-1.4059477,9.825116,9
2704,-4.702911,11.324163,7
2705,6.579157,4.3674994,3
2706,-3.783011,11.642138,7
2707,6.1986814,3.5132234,3
2708,-1.8994507,-3.9349754,1
2709,15.782074,6.852732,0
2710,10.505121,4.1154237,6
2711,-4.085346,9.310532,7
2712,-0.26498392,12.083878,9
2713,2.473173,4.7217627,5
2714,1.3956306,-0.73114026,2
2715,-1.4255998,14.137946,4
2716,-2.0370007,-3.4716554,1
2717,-3.7851152,0.9897389,1
2718,14.281504,6.031702,0
2719,-3.6943426,0.68052286,1
2720,-3.449816,10.796583,3
2721,3.4255195,-1.1571847,2
2722,0.6015497,12.535003,9
2723,11.391031,4.0131946,6
2724,-1.1053829,13.736598,4
2725,-3.7971182,-0.12497449,1
2726,5.082483,4.4210997,3
2727,3.924157,6.5603995,5
2728,-4.04849,8.390283,9
2729,16.14517,8.628901,0
2730,-0.8336531,-3.2946742,1
2731,-0.8891055,-3.77481,1
2732,1.5989838,14.686987,4
2733,3.090076,-1.6567976,2
2734,5.739002,6.3450427,3
2735,5.9380116,6.371341,3
2736,15.044284,8.7457485,0
2737,1.4908644,14.681701,4
2738,2.191148,0.23276936,2
2739,3.0950713,6.8344984,5
2740,5.6384044,6.28712,3
2741,11.617902,6.0961733,6
2742,0.1195269,13.888255,4
2743,-5.3954196,11.905568,7
2744,4.83449,6.704868,5
2745,15.043742,8.828357,0
2746,15.101706,7.7787714,0
2747,-1.0922935,-4.3700624,1
2748,4.5356345,-1.6554,2
2749,3.7140808,-1.8304945,2
2750,-4.8458576,11.887902,7
2751,6.871123,6.30366,3
2752,-4.0600805,10.6733055,7
2753,0.23583017,14.179922,4
2754,-4.4303117,9.353258,7
2755,2.9177284,6.606689,5
2756,10.356408,3.0624678,6
2757,11.298333,4.32984,6
2758,5.068605,6.5033493,5
2759,-5.377717,11.318629,7
2760,6.095474,6.539497,3
2761,0.9582322,6.0284343,8
2762,-2.479656,-3.0072653,1
2763,0.5057729,11.3743305,9
2764,-0.22980997,12.266831,9
2765,16.142561,8.757102,0
2766,-3.4332778,10.872549,7
2767,-2.1021876,-2.4534013,1
2768,-0.12607902,5.5287395,8
2769,3.170613,-1.5672948,2
2770,14.768191,6.756689,0
2771,6.8255224,5.9223347,3
2772,-0.064009234,13.023963,4
2773,1.5917411,14.719585,4
2774,5.3906245,5.111141,3
2775,3.0193675,5.343166,5
2776,-1.0047858,-4.444834,1
2777,11.26829,4.903259,6
2778,-4.387702,10.770846,7
2779,-0.07606667,10.708258,9
2780,4.8657722,7.761288,5
2781,2.1475842,6.518817,8
2782,16.290524,8.382987,0
2783,3.5849974,-1.2641773,2
2784,-3.2388432,0.13867016,1
2785,11.3064,5.027736,6
2786,5.7135177,5.8973694,3
2787,1.0815258,12.061882,9
2788,6.649707,5.417016,3
2789,11.426174,4.378389,6
2790,3.2716653,-1.0710291,2
2791,-2.7173946,-0.5878974,1
2792,2.184779,-0.29948923,2
2793,-0.76722264,10.100881,9
2794,-2.6785638,-1.9023725,1
2795,-0.7182607,10.222169,9
2796,7.045731,5.814299,3
2797,-1.364667,10.3144245,9
2798,2.0526352,12.359972,9
2799,-0.8914668,15.277838,4
2800,-0.2047152,13.348384,4
2801,-0.9147425,15.213806,4
2802,1.804617,-0.97014666,2
2803,11.146004,3.3460686,3
2804,1.569007,12.27179,9
2805,1.8937885,7.343179,8
2806,14.685853,7.2838383,0
2807,-3.4561646,0.19222437,1
2808,0.95753056,13.734958,4
2809,-0.50037354,14.980429,4
2810,-0.031101601,6.8262167,8
2811,-4.019965,1.8395505,1
2812,2.906072,-1.2100114,2
2813,4.6635776,-1.0643796,2
2814,-5.1780887,9.788021,7
2815,1.1078292,11.856919,9
2816,6.8588076,4.663085,3
2817,16.864082,7.556998,0
2818,5.7999086,5.551022,3
2819,0.38324797,15.080071,4
2820,6.6179013,5.156374,3
2821,0.0047954107,11.006818,9
2822,11.066631,5.541001,6
2823,-4.205871,1.6525848,1
2824,1.9860423,-0.4799364,2
2825,-4.05303,11.353797,7
2826,14.366018,6.5780735,0
2827,-0.313242,14.621835,4
2828,11.049569,5.180672,6
2829,0.47621182,14.4805,4
2830,-1.0609872,-3.4961753,1
2831,-3.9880285,0.7122137,1
2832,-0.03987088,13.82202,4
2833,1.753319,6.357777,8
2834,5.801707,4.286586,3
2835,-5.286969,11.148531,7
2836,11.579464,5.294068,6
2837,11.732107,4.233821,6
2838,2.4398859,-1.2942526,2
2839,15.890913,8.492155,0
2840,2.9478364,-0.97897935,2
2841,-0.2478884,6.3810544,8
2842,-0.96073747,5.9590845,8
2843,-3.4326913,0.41446728,1
2844,-3.1581893,9.47735,7
2845,5.539433,7.718191,8
2846,3.3867207,-1.5270553,2
2847,4.6100965,-0.82415146,2
2848,-4.823444,9.583901,7
2849,11.468484,3.9303796,6
2850,11.381466,5.097444,6
2851,3.5977957,-0.8293987,2
2852,-3.4072125,10.9225025,7
2853,-3.6270742,2.0726528,1
2854,14.885944,7.515636,0
2855,4.62038,-1.4102247,2
2856,-0.46466509,14.244645,4
2857,2.870875,5.368561,5
2858,-1.6497451,-3.2351108,1
2859,-0.9164899,15.210275,4
2860,-1.399606,11.605855,9
2861,3.2465014,6.577514,5
2862,11.174049,5.754917,6
2863,11.570891,3.139966,6
2864,14.73439,7.503692,0
2865,-4.8715253,10.167209,7
2866,1.9494479,-0.6933295,2
2867,-5.2752204,9.970662,7
2868,4.0348167,6.7706122,5
2869,3.0441687,5.8887568,5
2870,-3.319387,-0.922665,1
2871,6.7076135,5.569107,3
2872,-2.3054557,-2.6694853,1
2873,16.389778,7.941336,0
2874,0.9253143,14.031387,4
2875,4.337006,-1.0613426,2
2876,-1.8921659,-2.445575,1
2877,4.5897045,-1.1935542,2
2878,-3.014217,-0.71777976,1
2879,4.697715,-0.83032215,2
2880,11.743181,6.576704,6
2881,-5.3360476,10.333164,7
2882,14.442377,8.232911,0
2883,7.047232,5.417102,3
2884,9.820519,3.164353,6
2885,3.263886,6.7631497,5
2886,6.9359875,5.2857213,3
2887,4.735258,-1.2767516,2
2888,-0.9862836,13.509725,4
2889,-3.0409858,-0.9480031,1
2890,14.377288,7.22122,0
2891,-0.19190115,15.083069,4
2892,4.5471134,-1.2976984,2
2893,-1.4963928,14.923073,4
2894,-2.653736,-1.5263257,1
2895,6.086116,5.803513,3
2896,0.06647376,13.592039,4
2897,16.242374,8.610324,0
2898,10.484978,3.4191282,6
2899,16.272133,8.570195,0
2900,3.4388318,6.594536,5
2901,3.0973904,5.262249,8
2902,-0.6322575,13.237476,4
2903,-3.6735125,9.677442,7
2904,14.290752,5.8377156,0
2905,5.357699,4.982578,3
2906,-2.9518478,-2.5534852,1
2907,-4.1805797,0.6387808,1
2908,1.9211124,-0.34080285,2
2909,-4.2616777,9.647338,7
2910,10.246967,3.927349,6
2911,-0.03247459,10.961002,9
2912,3.8165638,6.8394113,5
2913,11.336891,2.8574827,6
2914,15.100038,7.0599203,0
2915,6.9034963,4.6819506,3
2916,3.699518,7.099392,5
2917,5.196314,5.477922,3
2918,-0.4443753,-4.3534713,1
2919,16.339495,7.5158334,0
2920,-1.7440897,-2.529558,1
2921,4.691319,7.167122,5
2922,0.91140777,14.051846,4
2923,11.468689,3.097026,6
2924,-1.3792474,9.607225,9
2925,11.165966,2.949069,6
2926,5.1831956,5.154981,3
2927,3.7133818,6.577921,8
2928,10.928383,4.781196,5
2929,-4.4611535,9.004784,7
2930,10.877138,2.6409638,6
2931,5.4234996,5.3941064,3
2932,-3.9599168,-0.095658265,1
2933,5.0391407,6.5822644,5
2934,2.179997,12.325459,9
2935,15.842743,7.2906303,0
2936,2.2816956,-0.09479734,2
2937,-3.243521,-0.45849177,1
2938,-3.0578017,-2.290127,1
2939,4.1225066,-1.2996835,2
2940,1.6902806,7.022694,8
2941,6.297137,4.7850814,3
2942,5.5124245,7.808165,8
2943,-1.5109564,14.260272,4
2944,15.821057,6.9116445,0
2945,3.7552898,5.1180277,5
2946,3.2401617,6.7819657,5
2947,10.820274,2.8976338,6
2948,3.7291296,6.8304577,5
2949,-3.9993625,8.7333145,7
2950,-4.624237,11.28565,7
2951,0.7873485,6.8369384,8
2952,15.904473,8.862259,0
2953,-1.1226804,9.928529,9
2954,9.845458,2.995767,6
2955,15.340686,6.353702,0
2956,-1.9351555,10.6070795,9
2957,-2.7549045,-0.049003348,1
2958,1.5008981,6.223522,8
2959,4.0045743,-1.441531,2
2960,5.8230314,4.4889517,3
2961,5.5897875,4.6105843,3
2962,1.3378886,14.591867,4
2963,-1.6880734,14.871506,4
2964,6.4316516,5.348488,3
2965,3.4636192,4.887672,5
2966,5.2586803,6.8758836,5
2967,11.256301,3.728421,6
2968,4.419731,7.08255,5
2969,-4.169021,8.75715,7
2970,-1.44206,-2.2400074,1
2971,0.75613433,6.017247,8
2972,1.5742787,6.994683,8
2973,-1.4628571,10.044424,9
2974,14.254008,7.3941746,0
2975,16.003246,7.0823393,0
2976,2.735049,0.120765276,2
2977,-3.5104854,1.4683164,1
2978,10.810981,4.5915627,6
2979,3.7840035,-0.8187063,2
2980,-3.168863,9.538148,7
2981,5.561896,4.2459507,3
2982,-4.2891383,10.838591,7
2983,-1.4890437,15.163971,4
2984,-4.9845114,11.940795,7
2985,-4.3638735,8.823157,7
2986,-4.191416,8.404938,7
2987,0.77015275,5.968976,8
2988,-2.8734305,-1.4354016,1
2989,-1.8529598,10.171599,9
2990,-0.2275921,13.365549,4
2991,0.33736846,5.737043,8
2992,10.80102,4.9905205,6
2993,3.777611,7.0086956,5
2994,-3.9749854,0.351875,1
2995,-4.3057394,9.760767,7
2996,14.903409,7.4682093,0
2997,-1.7276525,9.711891,9
2998,-0.853499,-3.6831658,1
2999,3.8695703,5.3083076,5
3000,1.421798,11.712912,9
3001,15.382935,5.800619,0
3002,0.7002494,7.5025024,8
3003,-0.14119704,6.118798,8
3004,-1.7444569,-3.4236705,1
3005,5.531383,4.126682,3
3006,4.2464924,-1.7735801,2
3007,3.3465345,4.820141,5
3008,-4.3037453,9.456091,7
3009,-1.8406048,14.768297,4
3010,-3.6017227,11.428135,7
3011,0.633872,5.59484,8
3012,15.336744,8.328848,0
3013,5.688028,4.997513,3
3014,0.28403595,7.3868804,8
3015,16.327116,7.283983,0
3016,15.095325,8.574666,0
3017,3.9359963,-1.4683639,2
3018,0.5993578,13.753403,4
3019,-4.067855,2.6968584,1
3020,-0.5401461,11.298198,9
3021,16.005661,7.640335,0
3022,0.08654752,11.699096,9
3023,4.140242,-0.6814248,2
3024,14.845347,7.0399995,0
3025,3.4051716,5.471477,5
3026,1.7590239,7.7266207,8
3027,1.0058348,6.141141,8
3028,0.0030073978,5.458067,8
3029,0.7079126,6.9397206,8
3030,10.866609,4.6751266,9
3031,3.8487177,6.4727864,5
3032,2.0336902,6.6731544,8
3033,5.875469,5.4206896,3
3034,5.1680593,5.9859257,3
3035,16.160082,7.79846,0
3036,11.2666,4.3951106,6
3037,-1.369688,15.227114,4
3038,-0.5535225,13.626881,4
3039,-1.9204795,14.814885,4
3040,1.0766025,7.5212502,8
3041,-4.022505,1.3521019,1
3042,3.3476038,-1.188147,2
3043,11.480129,3.8872988,6
3044,0.25672573,12.348537,9
3045,-4.0152726,0.50514156,1
3046,10.286009,2.4277878,6
3047,5.7561255,5.0283995,3
3048,5.617683,4.772212,3
3049,15.768052,6.452708,0
3050,11.632212,5.2802877,6
3051,4.8404646,4.7232275,3
3052,0.8404028,13.3979025,4
3053,11.473687,3.7216387,6
3054,2.2336323,-0.08766273,2
3055,-1.5555184,9.823983,9
3056,1.191084,13.406976,4
3057,5.7051487,4.3260083,3
3058,11.24975,5.443894,6
3059,-4.6850934,9.067704,7
3060,-3.1280823,9.841579,7
3061,-1.6907452,15.258143,4
3062,5.322607,7.5300155,5
3063,-1.3614926,9.539265,9
3064,4.073678,-1.182783,2
3065,-3.9470963,8.329612,7
3066,0.6560424,7.653356,8
3067,16.427902,7.1015754,0
3068,-1.8390821,-1.6500825,1
3069,-1.6376671,9.623281,9
3070,-0.20224042,-4.5272455,1
3071,-1.9234309,14.47391,4
3072,9.701106,3.6854868,4
3073,-0.03932235,6.174508,8
3074,0.1616498,13.709078,4
3075,5.8065534,4.065734,3
3076,-0.5344126,10.205064,9
3077,4.3897915,-1.1841891,2
3078,4.1466694,-1.6179128,2
3079,-3.577331,8.476495,7
3080,-2.4064436,-1.8999193,1
3081,-4.019913,8.672259,7
3082,0.374394,5.31417,8
3083,-0.89270073,10.130328,9
3084,-0.23657261,11.380457,9
3085,3.304663,4.9164214,5
3086,1.2261608,6.2012553,8
3087,-4.0099506,8.473162,7
3088,-0.73002446,11.887303,4
3089,10.547188,2.6149292,6
3090,1.0975788,11.781999,9
3091,-1.9792435,14.688257,4
3092,1.2916443,13.747573,4
3093,-0.1454788,5.7151284,8
3094,1.8420132,8.020341,8
3095,-1.9319204,9.2957,9
3096,10.80346,5.1717305,6
3097,11.305196,3.2997205,6
3098,10.33799,4.3752837,6
3099,-1.423537,9.978093,9
3100,-0.3091736,13.752849,4
3101,-1.6337309,14.677617,4
3102,3.6224258,-1.6168321,2
3103,-3.9181361,1.5180389,1
3104,0.45924932,12.073321,9
3105,4.262867,-1.1492537,2
3106,14.91882,8.435684,0
3107,15.687765,6.2941856,0
3108,5.2729254,5.0903344,3
3109,11.305094,3.1019707,6
3110,0.34508,14.578081,4
3111,-4.2771525,1.4261028,1
3112,2.936489,-0.97348773,2
3113,-3.315373,1.2670356,1
3114,1.1515745,6.292096,8
3115,11.800532,4.0743713,6
3116,-4.2587934,11.04136,7
3117,-1.2560989,15.324511,4
3118,4.827877,7.0026307,5
3119,0.8594953,5.571497,8
3120,-2.459142,-3.417217,1
3121,-1.556233,9.828272,9
3122,-1.4647641,-3.9518218,1
3123,11.180666,2.864582,6
3124,5.6027813,5.4344425,3
3125,-1.8336433,15.36195,4
3126,5.0822725,7.366777,5
3127,11.213988,2.9250495,6
3128,14.356115,8.326514,0
3129,3.8665864,5.211884,5
3130,-2.1407275,-2.7885962,1
3131,16.499529,7.5325994,0
3132,-1.8543276,-1.5684357,1
3133,4.7610197,-0.91439146,2
3134,1.3503494,-0.35730195,2
3135,16.067698,7.1341743,0
3136,10.042521,2.3742204,6
3137,3.003041,6.3669095,5
3138,1.1149176,14.339228,4
3139,11.018545,3.815456,6
3140,-3.220614,10.091474,7
3141,3.696958,5.428516,5
3142,2.044369,-0.56902474,2
3143,15.495694,7.7976346,0
3144,0.8166489,6.0399313,8
3145,-3.9770947,-0.08131778,1
3146,-2.19768,9.167232,9
3147,4.271895,-0.55394924,2
3148,2.2079213,7.037156,8
3149,-2.9496403,-0.10789947,1
3150,5.083809,4.702526,3
3151,-4.5780635,8.839952,7
3152,1.3750509,6.886695,8
3153,0.45937765,6.160925,8
3154,1.1691858,7.634941,8
3155,-3.5404112,0.35477564,1
3156,3.9949114,-1.6683367,2
3157,-1.861063,14.820032,4
3158,0.67225677,7.228008,8
3159,5.8821883,4.169297,3
3160,14.894243,7.1055193,0
3161,4.2274375,-1.31277,2
3162,-4.0550222,11.265168,7
3163,0.52692866,6.487441,8
3164,1.4907562,12.279209,9
3165,4.1076965,-1.3359356,2
3166,3.1716194,-1.1530062,2
3167,-4.0212655,8.42611,7
3168,0.10302107,7.367134,8
3169,-1.8481404,9.411869,9
3170,3.9532948,6.8033357,5
3171,5.9702578,3.7373555,3
3172,10.721075,5.5105934,6
3173,-1.8364178,9.6473055,9
3174,5.248281,5.0987287,3
3175,15.394484,6.274346,0
3176,2.8831146,-0.5836191,2
3177,-2.384056,-0.54292595,1
3178,5.8154793,3.925868,3
3179,3.3482258,-1.297562,2
3180,4.547188,7.3353996,5
3181,6.841059,4.888033,3
3182,-1.6578987,13.969604,4
3183,-1.1642363,14.143606,4
3184,-1.6718025,15.410054,4
3185,3.4702098,5.747248,5
3186,1.8374555,12.682275,9
3187,10.650902,3.5762248,6
3188,4.0400977,6.6690383,5
3189,-3.75596,9.167118,7
3190,0.28521824,12.224939,9
3191,-0.14052248,5.577225,8
3192,5.044413,4.674132,3
3193,-2.114115,10.106463,9
3194,1.2913254,14.303442,4
3195,15.956321,6.6341724,0
3196,1.157111,7.1037164,8
3197,-3.637107,0.2287488,1
3198,15.995466,7.627884,0
3199,3.8658803,-1.3305942,2
3200,1.6208528,-0.105033085,2
3201,6.928468,4.3377986,3
3202,0.63305205,12.545215,9
3203,-1.1569225,14.567905,4
3204,14.35574,7.380767,5
3205,3.2091286,5.6717424,5
3206,-3.6365533,10.510271,7
3207,11.018127,3.2422087,6
3208,1.6576599,-0.57435966,2
3209,-3.9240978,9.365055,7
3210,-3.0864666,10.480688,7
3211,0.08150519,5.5224533,8
3212,-1.1329314,-2.6371994,1
3213,15.740202,6.3302116,0
3214,-4.0240707,9.355207,7
3215,6.7254314,4.36214,3
3216,6.1028886,7.426029,5
3217,-1.6283327,14.9043,4
3218,0.36372787,13.909105,4
3219,3.1121845,5.6326685,5
3220,6.9185634,4.22987,3
3221,10.6908,2.5004585,6
3222,0.8467319,14.248287,4
3223,-3.8249965,9.564518,7
3224,2.1994178,0.14025033,2
3225,-0.25170976,6.0679226,8
3226,-1.4088272,-2.1548452,1
3227,-2.0384195,9.760457,9
3228,-4.96317,10.599559,7
3229,9.947916,3.2309225,6
3230,-1.0307556,-2.8691905,1
3231,15.32275,5.97365,0
3232,0.24397981,11.41922,9
3233,6.464356,4.1459036,3
3234,-1.5424112,-4.061163,1
3235,-1.277079,14.0517435,4
3236,-4.0193706,10.2833395,7
3237,-2.8676698,-0.58547604,1
3238,1.2881876,11.753799,9
3239,-1.3756113,13.874605,4
3240,0.055794105,14.238573,4
3241,15.402085,5.9742794,0
3242,2.8119965,-1.2627873,2
3243,-0.5061768,5.6014123,8
3244,4.6005507,-1.6827475,2
3245,11.025299,3.8156378,6
3246,-4.805905,12.059338,7
3247,15.935887,6.1566553,0
3248,15.712342,6.971145,0
3249,-3.986096,9.248192,7
3250,-5.2620254,10.878768,7
3251,-0.01473066,5.0861874,8
3252,-3.3481083,11.267255,7
3253,-4.4567184,9.2240505,7
3254,2.5319152,7.015001,8
3255,-3.5530617,8.560311,7
3256,1.1946963,11.69281,9
3257,-1.7098829,9.9271755,9
3258,6.2734976,6.1087866,3
3259,15.680795,6.3865104,0
3260,-0.15542199,13.446416,4
3261,-1.6677676,14.385341,4
3262,14.3529,7.1864023,0
3263,-0.8070751,10.893209,9
3264,6.5539665,4.4290442,3
3265,-1.3623357,11.4407425,9
3266,4.8183546,7.811514,5
3267,-3.5155473,9.419238,7
3268,-3.521159,1.8028424,6
3269,15.294854,5.9850974,0
3270,-4.3679676,11.51366,7
3271,2.892875,5.6962757,5
3272,-0.73888326,-4.1166806,1
3273,0.01970535,5.2833643,8
3274,3.4372075,-1.2403312,2
3275,2.829742,5.77292,5
3276,-3.5921557,9.194866,7
3277,-1.3814781,10.925436,9
3278,0.9821765,13.717938,4
3279,0.19510952,6.099647,8
3280,0.013661862,13.673611,4
3281,0.045226246,6.0912,8
3282,-4.132951,11.14956,7
3283,-4.9315243,9.90404,7
3284,1.1455464,12.69313,9
3285,2.8669753,5.7258544,5
3286,15.768571,6.90155,0
3287,10.125034,3.0412169,6
3288,11.136748,4.2919827,6
3289,3.4144893,5.770293,5
3290,0.64701605,13.455137,4
3291,6.3142757,4.0984545,3
3292,-1.5568963,10.770956,9
3293,-0.20437467,5.9298806,8
3294,10.779262,4.2258124,6
3295,-2.54146,-0.39587906,1
3296,1.3035864,12.052317,9
3297,10.552336,2.3793733,6
3298,-4.398905,9.7763405,7
3299,-0.58559746,5.4661794,8
3300,4.563122,-0.43614632,2
3301,3.21997,5.6188254,5
3302,1.4096535,12.482172,9
3303,-1.5228428,9.913449,9
3304,2.3224115,-1.1419098,2
3305,4.0014,-1.0877216,2
3306,-0.95915633,-4.0639396,1
3307,3.4742641,-1.3279725,2
3308,-3.6943707,-0.018942447,2
3309,15.8029375,6.50196,0
3310,-1.1505516,12.073296,9
3311,-1.7103395,9.599035,9
3312,0.8192358,13.625892,4
3313,3.4351346,-0.9279818,2
3314,5.6176734,6.0085893,3
3315,-1.7589025,14.062497,4
3316,-0.532127,12.098067,9
3317,-4.054508,10.012584,7
3318,5.2526975,4.803269,3
3319,6.4140906,4.4042783,3
3320,5.3465633,5.6181955,3
3321,-2.2893753,-1.6533059,1
3322,1.2246923,11.889576,9
3323,6.305325,4.330829,3
3324,-4.7141294,10.139268,7
3325,11.069403,3.6610484,6
3326,2.5837567,5.1730366,5
3327,10.377212,2.4185202,6
3328,15.165942,8.674141,0
3329,3.7958412,-0.98078215,2
3330,11.567875,6.0572042,6
3331,-4.162332,1.1673485,1
3332,5.0675197,4.4138956,3
3333,3.8354132,-0.9955287,2
3334,0.4212327,13.521018,4
3335,10.757038,2.6031246,6
3336,6.3409386,6.367041,3
3337,15.566864,6.6366596,0
3338,1.3261495,6.994979,8
3339,3.9501834,-1.3239893,2
3340,-1.9383115,14.306978,4
3341,3.3240976,-0.35355946,2
3342,3.51378,-1.7760878,2
3343,-4.399162,9.138675,7
3344,-1.925208,-3.3064244,1
3345,-2.48435,-0.49506667,1
3346,2.0314589,12.375334,9
3347,6.3053174,3.9599671,3
3348,0.6415203,12.363334,9
3349,-4.0188575,8.660711,7
3350,-3.1625793,-1.0754122,4
3351,-1.7335873,14.71739,4
3352,0.8797582,13.736711,4
3353,-0.14564502,5.686891,8
3354,0.30913925,12.634391,8
3355,-2.2293434,10.057542,9
3356,2.7666929,4.7546487,5
3357,3.5696962,-1.3843211,2
3358,4.984093,5.1286407,3
3359,-2.0400205,10.276083,9
3360,-0.32011378,13.655526,4
3361,2.8448799,5.9603148,5
3362,3.4130878,-0.44661587,2
3363,10.659159,2.2778153,6
3364,9.8998575,2.9248312,6
3365,-0.53846055,5.2569323,8
3366,10.362448,2.4632933,6
3367,15.3797865,5.6712666,0
3368,-3.928444,11.456486,7
3369,15.614018,6.060163,0
3370,1.742671,14.670824,4
3371,-0.8207545,9.953328,9
3372,-3.666435,9.088209,7
3373,-3.0894601,0.5707754,1
3374,5.3364296,5.3648434,9
3375,-2.937725,0.5251532,1
3376,14.96131,8.614818,0
3377,15.577399,7.570755,0
3378,4.6369963,7.022276,5
3379,-3.8879056,1.3773897,1
3380,-2.870777,-2.7360356,1
3381,3.8278203,-0.45953512,2
3382,2.2269082,12.768379,9
3383,6.15815,3.955974,3
3384,3.3072479,6.6310983,5
3385,3.1997664,6.55076,5
3386,6.9139123,5.792933,3
3387,10.258387,3.2878006,6
3388,-0.40524033,13.508281,4
3389,-1.0646571,10.813186,9
3390,1.811754,-0.62673753,2
3391,15.546061,8.696127,0
3392,11.671097,4.004671,6
3393,-4.064818,2.4874961,1
3394,-2.3093045,-2.8955045,1
3395,4.704826,-1.3454875,2
3396,15.49034,7.029914,0
3397,6.2007833,3.8973274,3
3398,0.39015856,12.008879,9
3399,-1.8391153,14.940029,4
3400,6.834529,5.6191244,3
3401,2.796896,6.153041,5
3402,7.0336065,6.020181,3
3403,10.581332,2.524292,6
3404,5.842371,6.3104405,3
3405,-3.53725,8.393089,7
3406,-2.2504182,-2.8203645,1
3407,-0.22728252,5.123383,8
3408,-3.1498501,9.917876,7
3409,16.052586,8.382185,0
3410,14.786704,8.069305,0
3411,-3.9789023,1.7043201,1
3412,-2.5196075,-3.2422261,1
3413,4.1071987,-1.7597239,2
3414,0.70437175,12.278917,9
3415,5.2205124,4.3010745,3
3416,4.7169547,7.7104807,5
3417,-1.8748587,15.216969,4
3418,-2.8416994,-2.6504748,1
3419,2.7525136,5.892371,5
3420,0.3343207,7.033587,8
3421,10.954428,2.5699732,6
3422,6.2130146,4.8411407,3
3423,-4.5669975,8.732762,7
3424,7.052764,4.4151087,3
3425,-0.036542214,5.1362977,8
3426,-4.8265815,11.925315,7
3427,-3.6866498,0.9767859,1
3428,-3.8092616,9.805134,7
3429,14.7988405,7.0829754,0
3430,-2.633757,-1.7055436,1
3431,-3.4066105,0.2989697,1
3432,-1.3133398,-2.9265928,8
3433,3.320465,6.850974,5
3434,14.84694,6.0539265,0
3435,5.127945,4.581886,3
3436,1.6679088,14.350876,4
3437,-2.1845603,14.946043,4
3438,-0.0014337477,5.388196,8
3439,-1.4683144,15.064417,4
3440,-2.839702,-1.3303572,1
3441,14.831,5.8043423,0
3442,-5.228979,12.26543,7
3443,15.412606,7.7858515,0
3444,3.5145426,0.17360495,2
3445,10.69721,2.4077945,6
3446,0.65917766,6.567764,8
3447,-1.8394431,10.238182,9
3448,-4.1441946,9.982647,7
3449,10.949509,2.9495845,6
3450,0.66910774,13.693762,4
3451,10.40073,2.6867533,6
3452,6.7850184,5.196042,3
3453,2.648957,5.6884403,5
3454,10.213206,3.8588595,6
3455,-1.996703,14.345533,4
3456,-1.7333729,-3.376156,1
3457,-1.9165645,14.056633,4
3458,0.018819112,13.276835,4
3459,-1.1540079,14.631913,4
3460,6.414787,5.6728706,3
3461,14.642288,5.8029327,0
3462,4.9412675,4.897225,3
3463,-4.1000338,8.906456,7
3464,-1.3641223,-4.27289,1
3465,-1.0809734,10.358279,9
3466,5.743716,5.4197674,3
3467,3.392924,5.830219,5
3468,-3.5983706,-0.889818,1
3469,-3.8586056,8.946609,7
3470,4.6002154,-1.3504633,2
3471,6.3522315,4.393209,3
3472,6.744687,5.259596,3
3473,-3.7192721,1.37416,1
3474,10.24882,2.3432484,6
3475,-1.8028598,14.606241,4
3476,1.3194853,6.4544716,8
3477,-1.3273019,14.702118,4
3478,-2.539654,-2.1185813,1
3479,14.604768,5.9486914,0
3480,1.7517835,7.1308784,8
3481,-1.6022779,10.005092,9
3482,0.6869436,6.619796,8
3483,-0.77546465,10.874105,9
3484,-0.22911255,13.015508,4
3485,10.063808,3.3248746,6
3486,3.1701803,-1.1138712,2
3487,-4.123114,0.7830541,1
3488,-1.9588608,-1.2549762,1
3489,0.6626266,5.7480054,8
3490,16.47747,6.762431,0
3491,5.05069,4.4820085,3
3492,15.638404,8.862541,0
3493,0.13685769,5.3359294,8
3494,-3.209718,10.102064,7
3495,0.14727518,5.882287,8
3496,0.3400007,14.953105,4
3497,0.16145918,5.581761,8
3498,-4.0666413,11.551844,7
3499,0.3093809,5.6017594,8
3500,3.4199593,6.557377,5
3501,0.36181942,5.89316,8
3502,0.5798265,7.117752,8
3503,-2.014335,14.893197,4
3504,-0.44312334,12.720388,4
3505,-4.3699164,8.726925,7
3506,2.056912,12.9337845,9
3507,-4.431323,8.571493,7
3508,0.729915,12.644197,9
3509,-4.142603,2.1419387,1
3510,-3.7399538,1.2584016,9
3511,-2.0438573,9.737372,9
3512,5.843441,6.1191945,8
3513,-0.17091733,5.326644,8
3514,15.583325,8.540316,0
3515,-4.413725,8.619232,7
3516,14.444904,7.0207567,0
3517,-0.40074763,5.227734,8
3518,-3.9253635,11.509803,7
3519,-1.3280253,11.560014,9
3520,9.897436,3.788287,6
3521,5.988152,3.8519444,3
3522,-3.8936996,11.516113,7
3523,5.808558,4.3522635,3
3524,11.8217,3.6514447,6
3525,2.8334181,5.6070175,5
3526,0.9589022,7.685695,8
3527,3.0744221,5.2528343,5
3528,-0.0931612,11.002161,9
3529,16.053236,8.230288,0
3530,10.40101,4.636154,6
3531,-5.406412,10.343136,7
3532,-3.0480704,10.408856,1
3533,-1.3679992,10.188404,9
3534,16.353586,7.797278,0
3535,2.573479,5.385484,5
3536,3.8495471,-1.8942354,2
3537,10.565886,2.3369286,6
3538,-3.7972286,9.669936,7
3539,3.2992396,5.5332484,5
3540,-1.1453863,-4.061533,1
3541,15.781481,8.63669,0
3542,6.529961,4.8284445,3
3543,11.456207,3.4943705,6
3544,2.1028373,12.763662,9
3545,-4.1421432,2.404569,1
3546,-2.837268,-2.4831073,1
3547,-2.021058,14.991842,4
3548,-0.27640483,14.471926,4
3549,-4.1099,1.7272998,1
3550,6.768337,4.649054,3
3551,-4.1321106,0.2670414,1
3552,5.853441,6.419984,3
3553,3.3820186,-0.4094992,2
3554,2.0262637,7.2983656,8
3555,-0.49134052,5.128138,8
3556,-3.7535095,11.275781,7
3557,4.17442,-1.3404896,2
3558,5.1488204,6.7512407,5
3559,11.104476,3.5871897,6
3560,-1.4734066,-2.9627526,1
3561,-4.056048,1.717591,1
3562,14.447829,7.9905357,0
3563,2.536523,4.7735815,5
3564,3.162149,0.41702995,2
3565,15.750302,8.051578,0
3566,1.7201374,12.475162,9
3567,-2.7296546,0.048106596,1
3568,15.413522,6.447615,0
3569,4.6360364,-1.0786482,2
3570,-1.4365178,11.020497,8
3571,6.9611635,5.3267493,3
3572,11.61396,6.52062,6
3573,0.5951461,14.878674,4
3574,2.6237757,-0.9578476,2
3575,3.3642113,5.45624,5
3576,6.604651,5.4540653,3
3577,11.825687,5.9481006,6
3578,3.1134162,-1.1821923,2
3579,-5.4386377,11.251574,7
3580,4.2176104,7.910505,5
3581,1.1792092,6.1929607,8
3582,2.2509084,-0.43964803,2
3583,0.4388081,11.821518,9
3584,2.1972237,7.0745144,8
3585,15.559755,8.313618,0
3586,10.5068245,3.0044475,6
3587,-2.1640635,-1.9653052,1
3588,1.0059023,12.074682,9
3589,4.683343,-1.2640398,2
3590,14.916564,8.643981,0
3591,6.843585,5.797927,3
3592,-3.1490533,0.35346442,1
3593,-1.8956348,-1.5924498,1
3594,2.019339,12.831768,9
3595,3.220211,5.908418,5
3596,6.814882,6.135886,3
3597,11.539921,5.6011105,6
3598,-2.1984522,9.605995,9
3599,-5.432194,10.973784,7
3600,1.4974864,7.3091316,8
3601,1.639644,6.3190436,8
3602,-3.433936,-0.69758093,1
3603,16.178257,8.249841,0
3604,-2.689097,-2.855722,1
3605,-3.280443,0.5866228,1
3606,5.6214805,5.103702,3
3607,4.6669183,-1.3626263,2
3608,-0.045729924,13.6603985,4
3609,6.1175117,6.060991,3
3610,14.782034,6.6738114,0
3611,0.6966303,14.892207,4
3612,15.039979,7.5824633,0
3613,2.955818,5.366264,5
3614,5.69556,5.584941,3
3615,11.865024,6.1456356,6
3616,1.360492,7.184862,8
3617,-5.1930165,10.393777,7
3618,-4.9299493,11.751197,7
3619,1.0333824,6.097774,8
3620,-5.241873,12.027322,7
3621,-1.9854926,10.09015,9
3622,15.7751665,8.815556,0
3623,11.853725,5.5855947,6
3624,-0.48718727,14.562478,4
3625,0.20218855,14.489888,4
3626,-1.9894751,-3.544155,3
3627,4.6496644,-1.2865704,2
3628,-2.465722,-2.3069513,1
3629,11.763763,5.474681,6
3630,-0.7301679,5.204666,8
3631,-0.15945604,14.677373,4
3632,14.654901,8.738706,0
3633,-5.4445405,11.120976,7
3634,2.9208903,5.660372,5
3635,3.919495,6.357962,5
3636,1.1994133,12.731917,9
3637,3.6111526,5.8424177,5
3638,5.081655,7.0121093,5
3639,-0.824655,14.382986,4
3640,-3.8931277,8.599083,7
3641,-5.3265147,10.849262,7
3642,3.0237286,-1.3929642,2
3643,1.3231779,6.6098156,8
3644,1.1504803,4.5019245,1
3645,1.299403,11.768877,9
3646,11.714427,5.1083655,6
3647,4.6204677,-1.1834204,2
3648,3.9581823,6.4523582,5
3649,-0.84482145,11.890092,9
3650,10.499039,5.001423,6
3651,6.7809205,4.835346,3
3652,0.31481493,13.588834,4
3653,1.3837866,11.64286,9
3654,10.663144,3.4105175,6
3655,5.7341075,4.8450294,3
3656,5.536783,5.8054976,3
3657,1.0460751,6.9251633,8
3658,0.123446286,5.5289736,8
3659,4.5958734,-0.950312,2
3660,4.435,-1.4589926,2
3661,15.581889,8.394775,0
3662,-2.8978877,10.296999,9
3663,-0.3644131,11.738433,9
3664,0.17424093,6.6644144,8
3665,1.3191369,6.3661556,8
3666,-0.28189805,13.565968,4
3667,14.6091795,6.5465984,0
3668,-1.6551095,15.413915,4
3669,3.5547166,5.4452367,5
3670,5.6951776,5.816576,3
3671,11.795403,4.990925,6
3672,1.7424597,-0.7666063,2
3673,15.166459,7.108156,0
3674,5.2459116,5.516731,3
3675,-2.218729,-0.8260632,1
3676,3.338183,0.6620731,2
3677,15.174722,8.679157,0
3678,-0.21909851,12.017824,9
3679,4.5520782,-1.193525,2
3680,1.8642648,-0.5599963,2
3681,2.8073585,5.6386685,5
3682,0.97477114,14.4426155,5
3683,6.1142855,5.209504,3
3684,5.7008047,6.199977,3
3685,4.0664973,6.3734202,5
3686,0.86578363,13.764362,4
3687,6.9648476,4.7206097,3
3688,2.2380002,4.760176,8
3689,1.9953738,6.9479256,8
3690,0.19804788,7.2708344,8
3691,14.819744,7.519634,0
3692,-1.6327572,-3.0437734,7
3693,15.512401,8.607821,0
3694,1.1215171,14.743399,4
3695,4.0761676,6.336588,5
3696,-3.0153725,10.708579,9
3697,-1.0861027,14.034232,4
3698,14.846026,8.457533,0
3699,6.856643,5.0271072,3
3700,11.517117,4.9309006,6
3701,0.7257781,14.670547,4
3702,14.924113,7.2191267,0
3703,-3.2631505,-0.80498964,1
3704,2.1328154,12.645104,9
3705,3.4414275,6.1468754,5
3706,10.876509,5.5184774,6
3707,6.192775,3.94022,3
3708,-0.097820885,14.065724,4
3709,16.153763,7.548718,0
3710,1.6944212,-0.68623614,2
3711,2.041855,6.9824047,8
3712,2.6941988,-1.2076755,2
3713,6.192615,4.132639,3
3714,-2.88052,-2.5154455,1
3715,15.845638,8.005188,0
3716,-0.05244262,13.256537,4
3717,12.07004,6.300975,6
3718,-4.2130685,11.052769,7
3719,4.2390356,-1.0647175,2
3720,14.7241125,6.433191,0
3721,-5.4346957,10.446012,7
3722,2.6474483,-0.76951116,2
3723,-3.3255112,1.2836562,1
3724,0.2945479,14.954509,4
3725,-3.034352,0.6393946,1
3726,10.26167,4.3833365,6
3727,0.41691783,5.871365,8
3728,-3.2661052,10.170458,7
3729,-3.7582982,1.3789433,1
3730,1.8140423,8.041858,8
3731,-5.383279,10.405046,7
3732,-1.4520497,13.852285,4
3733,-3.6631947,0.73851234,1
3734,15.353653,8.541709,0
3735,5.8714185,4.373417,3
3736,10.104882,4.2034235,6
3737,0.10510925,5.8623433,8
3738,1.380054,14.464047,4
3739,0.59175456,14.892244,4
3740,6.0227365,6.7605762,3
3741,3.8052254,-1.4449885,2
3742,5.297775,5.9940085,9
3743,14.752964,7.304971,0
3744,1.4365368,6.4368386,8
3745,-0.8906036,11.444839,9
3746,-0.013280129,11.500091,9
3747,-5.4200306,10.9452915,7
3748,1.7562248,-0.93125266,2
3749,11.841054,5.8748145,6
3750,-3.861975,10.782619,7
3751,-5.382945,11.24749,7
3752,3.8055646,6.9679966,5
3753,0.71754396,14.959715,4
3754,5.53662,5.466765,3
3755,-2.4946876,-0.55336726,1
3756,5.9312634,4.4232864,3
3757,12.036105,6.45469,6
3758,-1.4128376,-3.6153724,1
3759,1.3721367,6.514837,8
3760,1.3655356,11.764775,9
3761,-0.044520993,14.422102,4
3762,14.3303795,8.241676,8
3763,-3.3443215,-0.5130829,1
3764,10.316537,4.9607935,6
3765,4.7795143,-0.5476866,2
3766,0.72940105,7.2610207,8
3767,11.864396,6.0497174,6
3768,5.989982,7.7297063,5
3769,-4.981496,10.642299,7
3770,0.20473282,12.3086815,9
3771,-3.5507836,-0.4396674,1
3772,10.84806,4.949679,6
3773,-0.36327064,10.936242,9
3774,10.701665,3.99476,6
3775,1.1480352,6.0588818,8
3776,14.984179,8.555188,0
3777,15.381617,8.19582,0
3778,14.540797,6.4648886,0
3779,11.836286,5.192518,6
3780,-4.2397776,11.870257,7
3781,0.30374324,11.117517,9
3782,-4.1974177,11.281637,7
3783,-0.16051777,14.689345,4
3784,1.6371207,12.391435,9
3785,0.1476145,11.41878,9
3786,0.6295092,11.720833,9
3787,-0.8879871,11.236359,9
3788,-4.7449093,8.65101,7
3789,11.758373,5.181116,6
3790,-4.4880934,11.9719715,7
3791,4.201061,-1.1668526,2
3792,1.2617247,7.3457174,8
3793,5.6482425,4.080545,3
3794,11.060492,5.106555,6
3795,-5.499947,11.521681,7
3796,0.8832367,12.302111,9
3797,-3.674117,0.6223524,1
3798,-4.164206,2.3451443,7
3799,4.70593,-0.8968303,2
3800,-0.87263846,-3.4464602,1
3801,3.1440918,6.6075745,5
3802,-1.6951674,-3.7715995,1
3803,5.0839505,4.4896646,3
3804,-4.5117936,11.037966,7
3805,-4.804519,9.409997,7
3806,14.285783,7.749295,0
3807,0.7638797,5.763446,8
3808,10.15975,3.8513348,6
3809,14.98046,8.372924,0
3810,4.7958307,5.400311,3
3811,-3.4898388,0.18186563,1
3812,6.75352,4.715197,3
3813,2.6129673,-0.3374333,2
3814,11.839306,5.4937215,6
3815,6.744707,5.4508433,3
3816,1.1759855,7.2295313,8
3817,-1.3154365,14.844938,4
3818,1.8204963,12.459705,9
3819,5.176464,6.946578,5
3820,10.014714,3.942348,6
3821,11.344649,4.9929233,6
3822,-1.3781961,-4.022492,1
3823,-4.8401737,9.733139,7
3824,5.681857,4.7654057,3
3825,0.7972927,5.920898,8
3826,2.9791932,-0.49740154,2
3827,-2.6267917,10.276583,9
3828,0.09919863,12.707669,4
3829,15.2841835,8.0647135,0
3830,1.7588171,-0.60381424,2
3831,-3.655339,0.28643483,1
3832,4.6703706,7.209527,5
3833,2.6264882,-0.21537687,2
3834,-0.4649471,11.539478,9
3835,5.858391,5.538615,3
3836,4.0976853,-1.7571007,2
3837,-1.4624207,14.411887,4
3838,-0.36850253,13.310064,4
3839,4.822162,6.671285,5
3840,-3.1522765,10.618862,7
3841,11.46738,4.3284125,6
3842,0.11091255,5.710079,8
3843,-4.323583,8.972585,7
3844,4.9469967,5.130033,3
3845,0.63702655,5.8833556,8
3846,-3.9603753,11.48559,7
3847,-1.177952,11.127616,9
3848,4.075084,-1.3726879,2
3849,14.6312685,7.2156467,0
3850,-1.7383008,-3.4941232,1
3851,-3.385882,1.3302366,1
3852,-0.52287984,11.902208,9
3853,3.64243,-0.7852481,2
3854,-4.186969,10.715132,7
3855,6.0181127,5.353921,3
3856,10.90544,5.380431,6
3857,-0.7195933,14.634726,4
3858,10.65826,3.0622718,6
3859,4.791521,6.4799623,5
3860,5.197398,7.540287,5
3861,11.097785,3.9047604,6
3862,-0.029576056,13.726286,4
3863,-3.34338,9.078745,7
3864,2.5417778,4.6639967,5
3865,0.6463652,6.083713,8
3866,1.2520565,7.2092304,8
3867,-1.5099572,10.947495,9
3868,-3.403401,10.902164,7
3869,10.703683,4.0993824,6
3870,4.4655676,7.1997247,5
3871,1.9725258,-0.4704596,2
3872,1.8498768,6.924893,8
3873,11.084961,3.867917,6
3874,1.0990385,12.359343,9
3875,10.7013235,3.5861037,5
3876,14.18296,7.7439194,0
3877,-1.5360453,14.883456,4
3878,-3.37382,-1.6153089,1
3879,2.2970567,-0.14749825,2
3880,3.3747697,-0.100743994,2
3881,15.251046,7.8966875,0
3882,16.36696,7.651615,0
3883,0.55085117,5.900365,8
3884,14.517746,6.668823,0
3885,-3.4827223,0.9049894,1
3886,2.100463,-0.5525364,2
3887,-4.3229547,8.73851,7
3888,15.647223,8.208366,0
3889,-4.132647,0.36329022,1
3890,2.9644415,-0.56456864,2
3891,0.4257904,5.710582,8
3892,0.4834925,6.1769285,8
3893,6.462827,4.9885116,3
3894,-5.161915,11.589773,7
3895,-3.4862044,8.369009,7
3896,14.58177,8.115662,0
3897,-3.497518,1.532744,1
3898,-2.2578413,-1.009794,1
3899,-4.373649,9.009514,7
3900,-2.1362264,-3.4837859,1
3901,-3.8149984,1.609637,1
3902,2.1151881,-0.29252988,2
3903,-1.4721701,14.804487,4
3904,2.212135,12.628561,9
3905,-1.521674,14.862646,4
3906,15.184258,8.859501,0
3907,4.4069552,6.1464696,5
3908,11.119489,5.988062,6
3909,-3.9331555,8.93738,7
3910,10.097895,2.6454847,6
3911,-1.6991514,14.362844,4
3912,-1.7186478,11.217068,9
3913,-1.6583403,10.408949,9
3914,-3.5372953,11.51537,7
3915,-4.2061715,8.544298,7
3916,-3.722476,8.4461775,7
3917,3.031728,-0.6593249,2
3918,1.771453,7.63439,8
3919,10.798184,3.8816803,6
3920,5.9945955,5.616536,3
3921,4.239963,6.244739,5
3922,5.169048,7.354293,5
3923,5.8321724,4.612137,3
3924,2.8137474,-1.1927179,2
3925,-1.47759,10.717923,9
3926,-2.8558812,-2.711745,1
3927,-1.0030305,11.19515,9
3928,0.84299946,7.309164,8
3929,15.3599205,8.657789,0
3930,4.0170474,-1.6638547,2
3931,0.80717266,7.3867044,8
3932,10.515497,4.160028,6
3933,-3.2408078,9.027949,7
3934,2.7951622,-1.2957969,2
3935,-1.4061848,10.818081,9
3936,11.768659,6.213865,6
3937,15.210214,7.0238338,0
3938,6.9147973,6.354292,3
3939,11.20159,5.065346,6
3940,-3.8684082,10.960946,7
3941,5.865305,3.437395,3
3942,-3.318044,10.751025,7
3943,15.506134,8.386877,0
3944,2.4088113,4.8622603,5
3945,-1.880595,14.205861,4
3946,-0.5430124,12.920388,4
3947,11.342479,4.653947,6
3948,-3.3832653,8.429345,7
3949,6.284911,3.8028388,3
3950,11.551619,4.5518494,6
3951,-4.64743,8.62304,7
3952,10.513021,2.2377448,6
3953,14.320554,6.7485332,0
3954,-1.0152673,-2.9260733,1
3955,-3.6544654,0.34531382,1
3956,-3.1642025,1.1625844,1
3957,-1.4012314,14.216589,4
3958,1.2780352,7.233439,8
3959,1.027017,6.140893,8
3960,10.802672,2.4303975,6
3961,0.0012904003,6.4389033,8
3962,-2.048144,-3.2737062,1
3963,-2.841233,-0.14372307,1
3964,14.862623,6.5068693,0
3965,3.1509776,-0.754354,2
3966,-3.2669802,-1.7861793,1
3967,-1.3776639,10.439275,9
3968,0.3043581,7.196188,8
3969,6.7085443,4.1297975,3
3970,-1.2146775,9.893907,9
3971,-2.9820611,0.5398661,1
3972,4.418223,7.275928,5
3973,-1.5814793,14.445956,4
3974,3.0776136,6.032184,5
3975,2.4252741,-0.49952677,2
3976,0.58388376,6.87421,8
3977,-1.9387571,10.569888,9
3978,0.5760552,13.892384,4
3979,0.401326,6.1056147,8
3980,4.461567,-0.9296742,2
3981,2.0083883,-0.27627572,2
3982,-0.9583577,12.041512,9
3983,0.7683393,7.124573,8
3984,-0.8967977,13.131372,4
3985,11.0473585,4.707775,6
3986,1.7106448,7.126989,8
3987,-1.6647543,9.521455,9
3988,3.8886702,7.183693,5
3989,2.5697863,-0.46862444,2
3990,1.312506,14.14828,4
3991,-1.5230826,10.049547,9
3992,-4.970415,11.906325,7
3993,11.464042,4.404753,6
3994,10.196314,4.2762685,6
3995,6.4982276,4.8422303,3
3996,-2.5555456,-3.2812603,1
3997,6.741194,5.06567,3
3998,1.603807,11.989817,9
3999,11.218234,4.781879,6
4000,-3.7291615,8.592868,7
4001,6.8412952,5.21588,3
4002,15.261759,7.482474,0
4003,-2.6393476,-0.12258407,1
4004,5.414374,7.436781,5
4005,2.2871363,-0.0013523066,2
4006,0.9739331,7.282315,8
4007,4.8590913,6.787489,5
4008,14.552205,7.14377,0
4009,14.97975,6.9119415,0
4010,-2.3837483,-2.5055878,1
4011,6.906409,5.1854954,3
4012,-1.3749508,-4.066904,1
4013,-3.9501724,0.75802135,1
4014,-1.7528232,-3.6289692,1
4015,4.9278507,6.7687616,5
4016,2.1587234,-0.5488596,2
4017,5.3694797,6.6664786,5
4018,10.737207,3.6318321,6
4019,-1.7250336,10.523691,9
4020,-4.98707,12.001848,7
4021,0.7480728,5.8708687,8
4022,6.7796707,5.2109427,3
4023,14.946368,7.89911,0
4024,-3.8421755,9.120626,7
4025,-1.6202507,10.696649,9
4026,1.158505,11.983644,9
4027,15.66273,6.196655,0
4028,2.4738188,-0.9925646,2
4029,-3.8848827,1.5416596,1
4030,11.564036,6.0647182,6
4031,3.8252723,-0.41711986,2
4032,1.1974089,11.551339,9
4033,6.7908525,4.7804136,3
4034,-4.8758044,8.8548565,7
4035,-0.9836875,15.296849,4
4036,0.36820182,6.674736,8
4037,3.3099642,6.379232,5
4038,1.1184696,14.752831,4
4039,10.691732,3.7054186,6
4040,1.1665312,6.4054327,8
4041,-5.211625,10.98875,7
4042,-3.8822346,8.19565,7
4043,-0.2504174,5.9999046,8
4044,14.979033,7.150657,0
4045,-1.1874034,10.668308,9
4046,-4.916873,12.339222,7
4047,15.398559,6.1010766,0
4048,4.518693,7.1607933,5
4049,-3.7141097,2.1069567,1
4050,1.8972417,12.76543,9
4051,4.4068904,-1.168014,2
4052,2.3860078,7.2966194,8
4053,6.750412,4.80698,3
4054,10.798198,5.419914,6
4055,-1.2708092,15.3081,4
4056,1.2373556,11.801293,9
4057,3.0502565,5.6007395,5
4058,0.7311113,7.4013534,8
4059,10.978588,3.0387518,6
4060,0.77066797,11.81278,9
4061,-5.408452,11.048275,7
4062,5.273588,7.9290833,5
4063,-0.3547755,6.012998,8
4064,-2.618878,-3.4718158,1
4065,-0.97668415,10.220941,9
4066,-0.74479026,-3.3327236,1
4067,15.617311,7.0832915,0
4068,6.093319,4.639259,3
4069,-3.8634732,1.7050669,1
4070,-2.7348752,-2.413342,1
4071,4.5443735,-1.0863608,2
4072,10.020132,3.8406537,6
4073,6.9396324,4.2681794,3
4074,-3.9195933,11.519735,7
4075,-1.2327735,15.321815,4
4076,5.0207033,7.433054,5
4077,2.6366606,4.6643224,5
4078,10.317213,4.623814,6
4079,11.299739,3.4435825,6
4080,1.8026854,-0.21927649,2
4081,-5.340892,10.180923,7
4082,14.829653,8.064543,0
4083,-0.7112198,5.472745,8
4084,0.48853144,7.2220626,8
4085,-2.1207588,9.280842,9
4086,3.0064223,-0.925053,2
4087,10.421528,3.8199823,6
4088,-0.5132351,14.824135,4
4089,-3.6708145,0.6247224,1
4090,9.977935,2.7523687,6
4091,-1.0413563,10.570708,9
4092,-1.1030184,11.755786,9
4093,0.16870205,10.864583,9
4094,5.968438,4.0074677,3
4095,-0.6290623,10.997293,9
4096,2.9243073,-1.2932227,2
4097,-0.8165322,15.336464,4
4098,2.0196285,12.720366,9
4099,-1.7580954,15.117632,4
4100,-0.07744405,6.419004,8
4101,6.8380246,4.6041265,3
4102,0.39968684,14.678011,4
4103,0.14463675,5.3041925,8
4104,2.9597707,6.6291714,5
4105,-4.3242626,1.322271,1
4106,14.223866,7.7875066,0
4107,-0.8371865,15.1955,4
4108,14.754925,6.9884543,0
4109,-3.953918,1.8498105,1
4110,9.87378,3.5342479,6
4111,3.6214077,0.696399,2
4112,10.765551,2.9206164,6
4113,3.039659,6.241591,5
4114,1.8030344,14.598623,4
4115,16.500784,6.8858595,0
4116,-3.6491215,9.28145,7
4117,-1.795609,9.875516,9
4118,0.33644524,12.266011,9
4119,3.5035589,6.039063,5
4120,-3.2141106,-1.5033976,1
4121,6.6375084,4.7384315,3
4122,-1.9405973,10.401995,9
4123,14.8751545,6.8902807,0
4124,1.4680891,12.716109,9
4125,-0.85222876,15.183103,4
4126,4.410258,7.5159326,5
4127,-0.5129046,10.491569,9
4128,-0.9114977,-3.6441138,1
4129,-4.234226,1.360962,1
4130,-4.4498396,9.886133,7
4131,-4.1637087,9.409977,7
4132,1.1809797,14.401843,4
4133,-0.6150259,15.036625,4
4134,5.869886,7.2413855,5
4135,-0.7741791,15.092228,4
4136,5.560878,4.989233,3
4137,-4.227618,0.7548285,1
4138,5.43208,5.607646,3
4139,-0.27222118,5.2241488,8
4140,-2.645481,-2.4883666,1
4141,-4.9011016,9.615299,7
4142,14.314839,5.8160195,0
4143,10.439721,2.903122,6
4144,2.1577914,-0.38684446,2
4145,15.570875,5.91258,0
4146,-0.43769664,13.242765,4
4147,-0.33188206,5.4555855,8
4148,0.29430982,7.093449,8
4149,-4.2019286,0.7335007,1
4150,10.172096,4.126898,6
4151,-0.18628593,5.3082676,8
4152,-3.4724977,-0.18627591,1
4153,3.5922835,0.80076677,2
4154,5.135152,5.4111023,3
4155,10.973922,3.80363,6
4156,5.8795924,6.7827687,3
4157,4.1810565,-1.0948734,2
4158,1.0565542,12.728964,9
4159,15.45226,7.155889,0
4160,-1.9427255,-2.9510365,1
4161,-1.2024909,10.605384,9
4162,-1.5747612,-2.1978815,1
4163,-4.0115976,2.2297194,1
4164,-4.225324,11.264174,7
4165,3.6245615,0.6922364,2
4166,-2.2314363,-1.3519918,1
4167,3.1615896,5.133158,5
4168,4.223421,7.1571155,5
4169,-1.5651278,14.64792,4
4170,12.004756,6.5270095,6
4171,3.3547537,6.3441114,5
4172,-0.124572195,14.176809,4
4173,-5.494554,10.84383,7
4174,1.3794547,14.460529,4
4175,-4.982783,10.258697,7
4176,1.5715282,6.525064,8
4177,3.445702,6.0002637,5
4178,-1.8247372,13.691637,4
4179,7.0316005,4.5921574,3
4180,-0.31162727,13.565999,4
4181,15.829367,6.755941,0
4182,1.4561784,-0.39503312,2
4183,3.7469864,-0.095660284,2
4184,4.3298035,7.552259,5
4185,3.630404,0.6597999,2
4186,-2.8869426,-2.1705585,1
4187,4.201567,-0.68549174,2
4188,11.699187,5.601046,6
4189,-4.420849,10.458532,7
4190,-3.709577,0.3341853,1
4191,6.3909183,4.4263144,3
4192,2.977392,5.6570287,5
4193,-4.2130003,0.7172795,1
4194,3.5637393,6.0659575,5
4195,-1.1189028,15.055341,4
4196,6.0132117,6.1019225,3
4197,-1.2248054,15.243208,4
4198,10.515025,3.5034852,6
4199,6.527687,4.1943045,3
4200,-4.2339644,11.429679,7
4201,15.482061,7.245517,0
4202,-1.3750477,-2.5413783,1
4203,15.988975,8.18794,0
4204,2.3005295,-0.73614097,2
4205,-4.3147173,2.2087631,4
4206,0.76239675,12.235382,9
4207,-3.9526606,9.632129,7
4208,2.5569859,-0.27530292,2
4209,-1.6586413,11.253804,9
4210,10.819208,5.1072717,6
4211,-4.9802675,10.399468,7
4212,2.787103,0.25682667,2
4213,-0.18590535,5.1885047,8
4214,11.4107275,5.916184,6
4215,-0.5328002,5.645101,8
4216,14.873027,8.486123,0
4217,-4.860792,10.21474,7
4218,14.9508095,8.650845,0
4219,-0.16257781,11.091364,9
4220,15.400963,6.6429715,0
4221,10.601235,2.9593375,6
4222,0.35842365,12.394992,9
4223,6.2714534,3.8342538,3
4224,-1.5730526,13.379806,4
4225,-3.9057682,1.6759514,1
4226,-5.3952622,12.026555,7
4227,-5.207383,10.622877,7
4228,1.545392,14.318001,4
4229,-0.75576377,10.324882,9
4230,2.3578112,-1.0341026,2
4231,10.805181,3.5927944,6
4232,11.646619,6.1111045,6
4233,6.562407,4.9761276,3
4234,6.846706,5.642969,3
4235,6.7059402,4.696145,3
4236,5.9416733,5.5535555,3
4237,-3.489824,1.3931512,1
4238,6.6859555,5.5856104,3
4239,15.289121,5.9635243,0
4240,0.7805969,13.75858,4
4241,4.2860494,-0.64674884,2
4242,-4.49548,11.602578,7
4243,11.619457,4.394622,6
4244,1.1521233,12.699862,9
4245,15.288053,8.52461,0
4246,6.5417886,5.8717575,3
4247,3.364701,5.9259567,5
4248,-1.0245384,-3.4046998,1
4249,10.521166,3.798516,6
4250,5.8313303,5.625668,3
4251,10.593455,3.7679348,6
4252,0.8456615,13.715212,4
4253,-0.6696341,5.96108,8
4254,-5.388019,10.34147,7
4255,-4.861666,9.836044,7
4256,6.7176237,6.6870246,3
4257,5.8504043,4.0115433,3
4258,0.7186906,6.3155932,8
4259,3.1481493,5.5526333,5
4260,2.1024837,12.388593,9
4261,-0.6633565,5.920692,8
4262,5.7060413,4.112592,3
4263,7.0267916,4.7731137,3
4264,-0.2310528,13.273683,4
4265,15.457745,6.9510403,0
4266,-3.7015545,11.438426,7
4267,-3.0182586,0.39513904,1
4268,9.956236,3.4609244,6
4269,3.6986496,-0.96866727,2
4270,15.493244,8.064286,0
4271,5.9175396,3.8226225,3
4272,10.323488,4.573284,8
4273,-4.5607605,9.094492,7
4274,1.0638986,13.760613,4
4275,-0.6032889,5.4451084,8
4276,0.6151254,11.5413885,3
4277,-0.8288414,10.145413,9
4278,2.0741951,-0.6916209,2
4279,15.9685545,7.7684374,0
4280,-3.614213,11.223633,7
4281,6.3077474,4.178519,3
4282,0.8647707,5.728136,8
4283,-0.6821078,15.149461,4
4284,15.529428,8.393417,0
4285,-4.6677403,9.151208,7
4286,-2.523798,-0.53972703,1
4287,-0.4480107,5.205547,8
4288,14.966872,8.27956,0
4289,15.710667,7.9297414,0
4290,3.2091541,6.558889,5
4291,-3.6518552,0.63853353,1
4292,0.20728917,14.605371,4
4293,4.3557634,-0.79724616,2
4294,-1.645016,-3.5725868,1
4295,5.5227304,4.278865,3
4296,-4.0364485,11.600443,7
4297,-0.9452765,15.3104725,4
4298,-4.604588,10.996803,7
4299,3.3767705,5.3287497,5
4300,-1.8706605,-1.5303825,1
4301,11.790275,4.0412955,6
4302,5.096673,7.2611623,5
4303,-5.317988,10.0693445,7
4304,3.8967805,5.5546956,5
4305,-0.4606447,5.171961,8
4306,0.27795997,11.84903,9
4307,-0.67473406,10.186979,9
4308,1.6202077,7.041226,8
4309,2.8893514,4.8935094,5
4310,14.504069,7.91685,0
4311,-3.645295,1.4380075,1
4312,5.115542,6.8988013,5
4313,-0.5794999,10.52954,9
4314,10.492885,3.8673573,6
4315,0.1364663,10.6200075,9
4316,16.060686,8.660703,0
4317,-4.4993696,8.988747,7
4318,0.6284684,13.983513,4
4319,-3.8854427,1.6956042,1
4320,0.6604194,12.502032,9
4321,15.979585,6.55409,0
4322,-2.9800205,9.180938,2
4323,-0.46597868,10.496343,9
4324,0.08617522,6.910404,8
4325,15.896039,5.9876003,0
4326,-4.3060923,11.437895,7
4327,3.176434,5.4193006,5
4328,4.949081,5.2298384,3
4329,-1.6031609,9.344657,9
4330,-4.9605956,11.622099,7
4331,-4.890437,8.921207,7
4332,-3.5505915,8.775186,7
4333,-3.821892,1.6585976,1
4334,1.2512376,12.487475,7
4335,5.794875,3.62924,3
4336,1.027188,13.704149,4
4337,11.801809,4.7341943,6
4338,-4.276971,8.748881,7
4339,5.824762,4.1009064,3
4340,15.236248,5.86942,0
4341,3.6549118,-1.2407827,2
4342,7.1140575,5.790718,3
4343,15.419841,6.2630305,0
4344,15.018777,8.939161,0
4345,-1.5384843,9.901164,9
4346,-0.71215236,12.998919,4
4347,16.20338,7.2482586,0
4348,1.4144077,6.380215,8
4349,11.676328,4.2613044,6
4350,1.3280882,12.504609,9
4351,-3.1004734,0.95232034,1
4352,5.4542847,5.477011,3
4353,-4.380159,9.787941,7
4354,-5.244933,11.921525,7
4355,3.7898607,-0.56791514,2
4356,14.64014,6.5737476,0
4357,-0.6598193,5.303059,8
4358,-3.8785088,10.823501,7
4359,6.244902,3.7721958,3
4360,11.744201,6.564437,6
4361,-0.95471597,15.23163,4
4362,16.249498,8.594388,9
4363,-4.7264843,9.004874,7
4364,11.351475,4.582218,6
4365,11.151466,2.8389587,6
4366,-3.938926,10.778952,7
4367,11.335725,3.3983755,6
4368,1.7816834,12.758541,9
4369,5.6537848,4.0934052,3
4370,1.1705309,7.418252,8
4371,3.4223518,-0.9942402,2
4372,-4.345479,11.037989,7
4373,-0.036318302,5.037508,3
4374,15.246951,6.6110597,0
4375,-0.5056726,5.1867824,8
4376,5.7032433,7.628391,5
4377,-0.4548093,10.224949,9
4378,-1.6924517,11.278352,9
4379,-1.6017374,15.23887,4
4380,3.0577977,-1.6697341,2
4381,-0.58341664,5.110372,8
4382,-1.0032496,14.8635645,4
4383,-0.58135533,5.5135493,8
4384,1.3010194,7.5085397,8
4385,-5.006617,9.156887,7
4386,-0.38521564,13.065533,4
4387,-3.5960295,1.568339,1
4388,1.4813608,7.158687,8
4389,16.08762,7.1240726,0
4390,-2.095423,-1.1841425,1
4391,-0.3408498,5.3149624,8
4392,10.945226,2.5363958,6
4393,-4.719038,9.095142,7
4394,-4.255778,11.045509,7
4395,-4.812074,8.911136,7
4396,-4.3376684,11.255644,7
4397,2.8068104,4.7126055,5
4398,3.5836997,-1.2009352,2
4399,-1.2472824,9.733622,9
4400,6.556255,5.235419,3
4401,3.7578018,-0.4249029,2
4402,10.320451,2.240787,6
4403,6.6527305,4.5188966,3
4404,10.647847,3.466191,6
4405,-3.500422,1.4075598,1
4406,0.16900569,14.5965605,4
4407,-3.5983593,0.77060306,1
4408,9.85218,3.0060139,6
4409,-0.76931673,15.19013,4
4410,1.3321003,14.625498,4
4411,3.105465,5.222844,5
4412,-3.6982665,-0.06922246,1
4413,2.6741514,4.862938,5
4414,3.084906,-0.4711612,2
4415,16.124283,7.005457,0
4416,3.510458,7.2948666,5
4417,-1.0017277,15.212441,4
4418,6.7051415,6.177421,3
4419,-0.72224134,5.3078275,8
4420,-3.9646983,1.6857667,1
4421,-4.2718167,8.532093,7
4422,-4.4343557,12.12499,7
4423,-1.3668487,15.225451,4
4424,3.8055332,5.7564178,5
4425,-1.6435115,9.457353,9
4426,11.0014305,5.306448,6
4427,4.4797335,-1.0838712,2
4428,3.8786929,-1.573107,2
4429,5.5884924,3.9288635,3
4430,10.942911,5.5108137,6
4431,11.658551,4.0218,6
4432,-3.665013,10.065785,7
4433,-0.9904712,15.259306,4
4434,2.1707895,7.6192217,8
4435,-4.109346,1.6542755,1
4436,-0.45455083,14.509737,4
4437,4.5195456,-1.1166294,2
4438,-0.7463909,12.747709,4
4439,-0.8934227,15.234254,4
4440,0.9377166,6.988707,8
4441,-4.177218,1.9756893,1
4442,3.0986242,0.20903945,2
4443,4.17909,6.206161,5
4444,14.921227,8.244538,0
4445,-4.210799,0.43719327,1
4446,1.9645479,-0.9272166,2
4447,-1.3344865,10.269212,9
4448,0.20723107,6.001288,8
4449,5.691431,3.801966,3
4450,4.5536737,6.6604576,5
4451,4.044966,-0.69573766,2
4452,-4.27798,9.175103,7
4453,16.358732,7.3730626,0
4454,-0.49546197,14.367178,4
4455,16.086893,7.3296847,0
4456,1.1272687,11.675211,9
4457,3.9606264,-0.7522448,2
4458,-4.1803737,11.620203,7
4459,0.1415391,10.659313,9
4460,-1.9133224,10.613511,4
4461,5.9146943,3.7318468,3
4462,5.1491766,7.5966425,5
4463,11.829525,5.447814,6
4464,0.19259784,13.638114,4
4465,15.711178,8.585717,0
4466,2.0654798,12.415677,9
4467,-1.2155343,-3.8730342,1
4468,1.3603706,6.416833,8
4469,3.2853227,0.20511231,2
4470,-2.3092325,-2.216693,1
4471,6.3677373,6.6111836,3
4472,-4.857034,12.016306,7
4473,1.5912755,14.411978,4
4474,3.6483514,-1.8759607,2
4475,5.360714,7.6793475,5
4476,-2.2613735,-2.3264585,2
4477,11.598225,5.8763785,6
4478,-5.0840654,11.769101,7
4479,-4.053579,11.58637,7
4480,2.7397108,5.9423156,5
4481,2.0312324,7.445339,8
4482,0.285414,6.1021976,8
4483,1.3145193,12.66251,9
4484,-3.0392342,-2.534965,1
4485,16.143671,8.572693,0
4486,-1.4122254,-3.2308981,1
4487,-3.0400467,-0.6019383,1
4488,14.660366,6.7507744,0
4489,3.6930826,-0.48874053,2
4490,5.5969324,5.175691,3
4491,6.301149,6.4032373,3
4492,-2.0196474,-3.3495915,1
4493,-0.6200789,14.1932745,4
4494,0.2895892,14.2894,4
4495,5.6376657,7.3981657,5
4496,14.28443,7.7834353,0
4497,11.70415,5.6323824,6
4498,-0.05605582,13.005849,4
4499,-5.0583677,10.41133,7
4500,15.766987,8.879944,0
4501,0.16646487,6.2773643,8
4502,2.5553906,-0.7192004,1
4503,-1.0549073,11.518793,9
4504,-1.4934864,-4.193648,1
4505,15.47212,8.42969,0
4506,5.7819896,5.769023,3
4507,-2.4439833,-0.67243046,1
4508,6.8643265,5.7709346,3
4509,3.2656264,0.21427937,2
4510,5.4523983,5.7622094,3
4511,6.8578815,6.1507344,3
4512,5.426127,5.3389487,3
4513,-0.3288715,14.268299,4
4514,1.9937158,0.16135697,2
4515,3.639754,6.396919,5
4516,-4.295582,9.574823,7
4517,11.320098,5.2273335,6
4518,1.8668677,-0.86548674,2
4519,-5.3589797,10.353745,7
4520,10.892971,4.818849,6
4521,0.32088372,6.354326,8
4522,-0.037403148,12.404251,4
4523,-1.8490264,10.90911,9
4524,-2.5475385,-0.50548893,1
4525,0.8236656,7.4454274,8
4526,11.375908,4.0510535,6
4527,14.681146,8.142142,0
4528,-5.0324945,8.943346,7
4529,5.259989,7.2243214,5
4530,-3.5552998,10.9840355,7
4531,11.500252,5.130691,6
4532,14.508668,8.420096,0
4533,11.195485,4.6593738,6
4534,-0.72335875,-3.6889317,1
4535,16.292175,8.522355,0
4536,10.156307,3.2912302,6
4537,0.48583236,7.0812774,8
4538,0.8038025,13.643659,4
4539,15.670077,7.766033,0
4540,1.0201565,13.733206,4
4541,3.4473166,0.2155799,2
4542,3.5921087,-1.8629647,2
4543,6.039457,6.1627126,3
4544,1.2965457,12.570108,9
4545,-5.314937,10.80127,7
4546,10.589924,4.7755303,6
4547,-0.21490173,10.735962,9
4548,-3.8041751,10.406639,7
4549,-1.1177578,14.099267,4
4550,2.1608567,-0.2985834,2
4551,-4.304436,10.23978,7
4552,6.044726,6.169029,3
4553,-3.624837,0.6272728,1
4554,-3.4509845,-1.413315,1
4555,-1.1163546,11.049794,9
4556,14.492154,6.8991694,0
4557,-3.2986243,-0.2996225,1
4558,3.1428404,6.425761,5
4559,-3.9250085,9.295981,7
4560,10.304061,3.0115955,6
4561,-2.965529,0.74820054,1
4562,4.552355,7.455117,5
4563,15.283214,6.9488215,0
4564,-0.21751046,13.030785,4
4565,14.74675,7.259171,0
4566,-2.6966448,-0.47479177,1
4567,-0.9882448,13.734936,4
4568,1.4046801,12.403661,9
4569,-3.8198822,0.3051412,1
4570,6.869114,6.20013,3
4571,-5.4543343,10.243578,7
4572,11.065943,3.3972363,6
4573,5.215237,7.112596,5
4574,4.0749726,-1.3218222,2
4575,-3.9000518,9.401669,7
4576,4.21701,-1.4664435,2
4577,-2.9418411,-0.050410423,1
4578,-2.154868,-2.330028,8
4579,6.885754,5.8247685,3
4580,0.025654748,6.8006663,8
4581,6.8051653,5.972649,3
4582,1.5194703,6.725679,8
4583,7.0763535,5.044086,3
4584,6.914623,5.9815702,3
4585,-3.4333193,-0.02375491,1
4586,11.155547,5.4880342,6
4587,11.769412,5.0848885,6
4588,14.967249,7.1425486,0
4589,-0.7469762,11.450519,9
4590,5.2450867,7.931692,5
4591,-4.694289,9.750047,7
4592,-5.0072412,12.265116,7
4593,-0.02798532,14.732698,4
4594,0.76358235,12.255893,9
4595,6.7608666,5.980796,3
4596,3.3609352,7.2057843,5
4597,15.727952,7.5919404,0
4598,0.45077124,6.7628465,8
4599,4.3194985,-1.0301589,2
4600,4.624852,7.274204,5
4601,5.6576777,6.9941616,5
4602,-0.7384867,-3.570408,1
4603,4.3845763,-1.0644656,2
4604,-3.5376391,10.661816,7
4605,11.568009,6.1038365,6
4606,2.1254604,12.611665,9
4607,15.421217,8.68577,0
4608,14.411018,7.4336886,0
4609,0.16736583,6.550748,8
4610,2.9131663,-1.3674031,2
4611,0.33023676,11.078967,9
4612,10.113544,2.739087,6
4613,0.7383855,14.755895,4
4614,2.887202,6.328915,5
4615,6.9096913,4.676068,3
4616,1.3259454,14.493793,4
4617,5.513354,7.325487,5
4618,-5.0229545,11.627256,7
4619,-1.4112338,14.017913,4
4620,10.316013,2.9923491,6
4621,0.69938743,6.8724823,8
4622,4.5321875,6.4892235,5
4623,-3.219418,0.09705443,1
4624,14.641267,6.4817986,0
4625,4.4979916,6.653949,5
4626,1.6100464,14.245405,4
4627,-0.80586225,10.895968,9
4628,6.0397286,4.2176723,3
4629,15.402406,7.873697,0
4630,0.7719127,12.2132225,9
4631,11.504844,4.5109696,6
4632,5.1368036,4.406056,3
4633,-0.11189312,14.674362,4
4634,-3.3929095,-1.2440461,8
4635,11.475425,5.061873,6
4636,-2.1473048,9.513914,4
4637,0.686138,7.480698,8
4638,1.2167706,-0.5963811,3
4639,-2.3464732,-0.65166175,1
4640,10.071108,3.9812877,6
4641,-0.00012880549,14.624588,4
4642,15.136416,8.511301,0
4643,-3.505319,8.921419,7
4644,-1.2144786,-2.710872,1
4645,5.595896,6.881871,5
4646,3.0620925,0.23000272,2
4647,-4.9809656,10.393912,7
4648,3.1327374,-1.2094349,2
4649,3.2841086,0.5463439,2
4650,1.8672266,-0.47131488,2
4651,3.1159885,0.18785971,2
4652,0.61215574,6.9853215,8
4653,15.468583,8.522133,0
4654,-2.3179147,-2.0629325,1
4655,15.185835,8.29714,0
4656,14.963116,7.504426,0
4657,-2.928659,-1.3087478,1
4658,6.3172293,5.3785515,3
4659,-5.0235295,9.930515,7
4660,11.132917,4.337298,6
4661,-4.260577,9.960642,7
4662,4.0037084,-1.6960092,2
4663,-0.7295498,11.065992,9
4664,2.5593743,0.19774403,2
4665,5.707586,7.1859956,5
4666,10.59935,4.2226806,5
4667,-1.7462385,10.458619,9
4668,2.0846992,12.540148,9
4669,0.06677744,6.6226544,8
4670,4.5261955,7.562372,5
4671,-1.4594016,10.342405,9
4672,-4.22325,9.529466,7
4673,11.722645,4.3186746,6
4674,5.720432,4.872211,3
4675,-0.12495537,6.250788,8
4676,-4.0005956,2.6247895,1
4677,1.1279782,6.9032884,8
4678,2.1693773,12.359008,9
4679,3.3306084,0.28186136,2
4680,-3.789784,11.09663,7
4681,7.03583,6.0772552,3
4682,16.010311,8.690826,0
4683,11.669923,5.880039,6
4684,2.0399098,7.0977073,8
4685,-3.9483373,0.6816599,1
4686,14.316355,8.088216,0
4687,3.5803442,0.3101175,2
4688,14.56629,8.696199,0
4689,-0.65429604,11.545868,9
4690,-1.3973224,11.4357395,9
4691,0.28710052,6.78321,8
4692,2.1150584,7.6835265,8
4693,-0.562202,10.331234,9
4694,6.0001254,6.8092732,3
4695,2.802771,4.99545,5
4696,-0.975992,-4.443298,1
4697,3.792487,-1.1623083,2
4698,1.5212436,7.0624385,8
4699,11.577544,5.4291945,6
4700,0.94257766,6.480299,8
4701,3.3287396,0.35240072,2
4702,10.288813,2.6780388,6
4703,-0.86750615,14.917951,4
4704,4.2134075,6.756823,5
4705,-0.162427,5.832539,8
4706,1.9360843,-0.87085575,2
4707,-0.048163008,14.646113,4
4708,-3.5573354,-1.1786009,1
4709,11.537258,4.9268656,6
4710,-1.1362172,-2.6923137,1
4711,2.897756,5.164813,5
4712,9.868093,3.9303942,6
4713,15.3151,8.744909,0
4714,3.0796604,-1.2647655,2
4715,-0.9612656,-3.5703547,1
4716,2.6414275,-1.3616352,2
4717,3.2567277,-1.1752234,2
4718,14.53689,6.181085,0
4719,6.0714917,5.6954145,3
4720,-0.8294644,11.622193,9
4721,1.6317196,14.217669,4
4722,3.4564323,-1.7786374,2
4723,5.862308,7.413738,5
4724,11.000531,5.4224825,6
4725,-5.1160994,12.32081,7
4726,-5.2566357,11.76227,7
4727,1.7590272,7.4460797,8
4728,2.9424436,6.344574,5
4729,14.772349,8.529092,0
4730,1.526042,14.349011,4
4731,-1.2053057,-3.2845008,1
4732,10.16238,3.3596647,6
4733,3.020841,-1.4025123,2
4734,-3.4436297,10.985133,7
4735,6.389245,5.068779,3
4736,5.7331367,4.9318695,3
4737,1.3170794,14.101225,4
4738,16.233368,8.4803505,0
4739,5.618417,7.59172,5
4740,6.370291,3.9036443,3
4741,11.370595,5.9199533,6
4742,5.904685,5.0583553,3
4743,-5.0331197,12.264953,7
4744,14.489269,8.030662,0
4745,1.6898516,7.5086603,8
4746,0.6808379,13.602099,4
4747,0.98544484,12.113114,9
4748,15.278278,7.473278,0
4749,15.541344,8.628604,0
4750,-2.4010935,-3.607301,1
4751,-1.2623695,-3.8220186,1
4752,3.9711442,6.659106,5
4753,3.3888273,-0.5455437,2
4754,-0.29241738,11.422724,9
4755,6.655048,5.5371265,3
4756,14.505737,6.376584,0
4757,1.615405,14.350524,4
4758,0.7240307,14.755567,4
4759,-4.9693656,12.3116455,7
4760,5.3780646,7.3199162,5
4761,1.7358607,7.4040155,8
4762,-4.4687486,10.610231,3
4763,-0.84321404,-3.6682293,1
4764,-1.864877,-3.6622524,1
4765,11.560866,5.584946,6
4766,-2.4328268,-2.8827012,1
4767,2.464343,7.492745,8
4768,0.07605315,13.007028,4
4769,1.8323426,12.356129,9
4770,11.610465,4.475771,6
4771,1.481651,12.546719,9
4772,-2.8049955,-2.4461172,1
4773,14.769429,8.696263,0
4774,-4.3047647,10.274124,7
4775,-1.3401526,-3.744133,1
4776,14.813853,6.438169,0
4777,3.3263998,-1.3322455,2
4778,10.933784,4.9635615,6
4779,0.99858254,14.327384,4
4780,-0.5820817,12.872501,4
4781,1.4193339,14.386268,4
4782,-0.34357148,14.35784,4
4783,6.702021,5.4957347,3
4784,-3.4073262,11.561841,7
4785,-5.1841016,12.336576,7
4786,4.362208,6.969202,5
4787,1.6934968,14.363143,4
4788,1.297497,11.790161,9
4789,0.78573954,14.030748,4
4790,-0.818225,-3.4817696,1
4791,1.3728817,14.169116,4
4792,6.0035696,3.8303812,3
4793,14.629126,8.640298,0
4794,-4.715931,11.936699,7
4795,5.6254153,5.6062174,3
4796,1.4190991,14.1318445,4
4797,2.4557855,7.5467095,8
4798,-0.07664551,13.783818,4
4799,-5.164205,12.32525,7
4800,10.674545,4.1227098,6
4801,4.988767,7.845104,5
4802,0.09375817,13.329911,4
4803,0.5017535,7.285649,8
4804,14.305699,5.9636497,0
4805,2.9757576,-1.0827487,2
4806,-3.9695415,10.482934,7
4807,-1.747169,-3.4471405,1
4808,6.6985183,4.8709154,3
4809,-4.5031323,11.904405,7
4810,-2.1932228,-1.7967457,1
4811,1.2025467,12.608967,9
4812,-1.4460819,13.126763,4
4813,-0.93527603,-3.4000494,1
4814,2.6820471,7.4184613,8
4815,-1.2201785,-3.578719,1
4816,-1.3929763,10.210643,9
4817,11.392244,5.955096,6
4818,9.89192,2.9906266,6
4819,2.658785,-0.9994806,2
4820,5.9293284,7.7725806,5
4821,-1.5713392,-3.872355,1
4822,-2.3748596,10.662536,4
4823,5.535872,5.678151,3
4824,0.41183516,11.156091,9
4825,0.91458803,7.384008,8
4826,-0.08535527,12.009603,9
4827,11.0967655,5.8756022,6
4828,9.983391,3.3154178,6
4829,1.3814174,14.512167,4
4830,0.22843386,12.090754,9
4831,2.1515424,12.331449,9
4832,-3.6474233,11.159979,7
4833,1.1411202,14.442032,4
4834,-0.0352381,10.116662,8
4835,3.7055383,-1.4041766,2
4836,6.8673673,6.0836163,3
4837,1.6576257,14.387085,4
4838,0.5474612,14.782186,4
4839,1.3673496,14.268136,4
4840,-4.2242103,11.664463,7
4841,11.590796,6.1120787,6
4842,-3.40674,11.196325,7
4843,2.9256244,-1.3945216,2
4844,4.232375,6.9500875,5
4845,5.711406,7.5657372,5
4846,3.130065,0.35264382,2
4847,4.6613474,7.7369537,5
4848,1.0601044,6.646565,8
4849,14.623258,8.679013,0
4850,6.9155807,5.7113323,3
4851,3.201695,-0.17739034,2
4852,14.96367,8.487711,0
4853,1.7129703,7.3646517,8
4854,15.345889,7.7273,0
4855,14.552411,8.343272,0
4856,3.1832025,-0.067017496,2
4857,11.663203,6.2446046,6
4858,-3.7496061,8.502808,7
4859,1.6312389,7.472863,8
4860,1.5829152,6.965822,8
4861,-1.0453595,-3.943592,1
4862,0.407466,7.272334,8
4863,-5.179311,12.327874,7
4864,5.309929,5.807378,3
4865,-1.3145345,-3.3997831,1
4866,5.1746445,5.854057,3
4867,11.579295,6.1284266,6
4868,5.895296,5.831696,3
4869,-4.4043565,11.993133,7
4870,14.42926,7.8268337,0
4871,10.997153,5.2299223,6
4872,-1.697499,-3.6161423,1
4873,2.4239397,7.6559725,8
4874,0.48575017,13.756974,4
4875,-5.2191772,12.343082,7
4876,-3.942167,11.304554,7
4877,1.4062836,14.454099,4
4878,6.200061,4.8196177,3
4879,2.1657019,12.299071,9
4880,3.3769548,-1.0813148,2
4881,6.13896,5.2073483,3
4882,11.040585,4.135317,6
4883,5.872743,6.0387793,3
4884,-2.2838666,-2.3092551,1
4885,5.320387,7.731299,5
4886,11.404015,3.85544,6
4887,1.2661643,12.099899,8
4888,-5.262332,10.629661,7
4889,14.652728,8.689889,0
4890,-0.2687219,14.670146,4
4891,6.289591,5.63606,3
4892,14.416154,8.235181,0
4893,-5.1305327,12.337002,7
4894,-0.39617535,11.867694,9
4895,2.0748572,12.739114,9
4896,0.95303684,14.030363,4
4897,-4.758678,11.896621,7
4898,6.4415517,5.7316427,3
4899,-4.8169723,11.877695,7
4900,-1.4862419,-4.2053647,1
4901,2.0752144,12.364401,9
4902,0.48322257,12.322234,9
4903,-1.8975362,-3.42361,1
4904,-4.395963,10.259086,7
4905,11.389315,5.765401,6
4906,15.357418,8.27931,0
4907,-4.7008057,12.137573,7
4908,3.3797445,5.7760334,5
4909,2.4263136,7.600147,8
4910,10.175986,3.8375018,6
4911,15.001293,7.233164,0
4912,0.114828564,12.143148,9
4913,-2.6808355,-1.4924823,1
4914,2.2542224,0.34120998,2
4915,3.067362,-1.0982814,2
4916,0.5690904,12.1130495,9
4917,6.5221057,4.3629456,3
4918,14.717958,5.851253,0
4919,-0.16923217,15.107964,4
4920,-1.4738926,-1.8773938,1
4921,3.188894,4.956572,5
4922,11.524238,6.302962,6
4923,11.483845,3.4851606,6
4924,-1.491452,-2.7249115,1
4925,-4.2637014,8.549437,7
4926,15.127472,8.526698,0
4927,-0.8438725,5.992189,8
4928,-5.1159368,12.254153,7
4929,0.293876,10.700904,9
4930,10.840198,4.772016,6
4931,15.133472,7.208077,0
4932,-1.7443624,10.588804,9
4933,-3.3497283,0.91463155,1
4934,10.88686,4.920292,6
4935,3.427619,-1.0076376,2
4936,0.5747936,12.118034,9
4937,6.3854675,4.1574435,3
4938,4.355835,-0.8630497,2
4939,-1.5996957,14.860034,4
4940,2.8145804,5.0503182,5
4941,2.8362162,4.48732,5
4942,-0.8751551,-4.5006742,1
4943,10.71921,2.3842432,6
4944,-2.0021582,-3.2970943,1
4945,-3.9633327,8.348191,7
4946,-3.712353,11.312201,7
4947,-0.0030190165,5.658776,8
4948,5.6719832,7.6467643,5
4949,-1.1213521,9.825279,9
4950,-1.5187982,-3.4941447,1
4951,16.110811,7.25578,0
4952,1.7721498,14.517814,4
4953,-2.4247024,-0.49041864,1
4954,1.1153809,13.972207,4
4955,6.9234676,4.5025373,2
4956,6.0345197,5.8948994,3
4957,6.330677,4.4537983,3
4958,-1.5633485,-3.5695775,1
4959,-0.941329,14.852408,4
4960,-1.4402283,-2.8476412,1
4961,2.855286,4.5363774,5
4962,14.254631,6.5043874,0
4963,11.06732,3.5094292,6
4964,-3.7905424,11.679423,7
4965,-4.3616753,9.083772,7
4966,5.649416,5.0967097,3
4967,-0.13914853,5.4938197,8
4968,6.483013,5.1747346,9
4969,4.0947123,6.609474,5
4970,-0.54642624,-4.3029265,1
4971,-1.3266402,-2.4903567,1
4972,-1.8187871,-1.4334608,1
4973,-0.7942518,11.033934,9
4974,4.2858915,7.383551,5
4975,-0.4971629,10.809798,9
4976,-1.0087883,-3.6302135,1
4977,-4.312659,9.846616,7
4978,-2.772847,-2.1052055,1
4979,-3.8466039,-0.7062187,1
4980,10.35069,2.9666958,6
4981,15.481424,6.5655375,0
4982,0.7074579,5.7048693,8
4983,-0.39825273,10.507557,9
4984,-5.2898893,10.144526,7
4985,15.781747,8.05623,0
4986,-0.18122856,-4.5480027,2
4987,3.6583626,5.5893836,5
4988,5.516469,4.432955,3
4989,-0.9747234,10.002447,9
4990,11.181049,4.425293,6
4991,-4.2839727,9.2735815,7
4992,0.26838037,6.8906097,8
4993,-2.9142954,-0.18132557,1
4994,14.806156,8.630395,0
4995,-4.3792067,9.186318,7
4996,6.1325874,3.8487577,3
4997,3.142472,-1.276256,2
4998,-2.8226,-2.1484911,1
4999,2.774522,-1.0178148,2
5000,-5.0840716,12.097861,7
5001,5.538771,3.9946632,3
5002,-0.41589308,14.379127,4
5003,10.908084,3.7557983,6
5004,-1.8665808,-1.3710088,1
5005,0.42889762,5.9215155,8
5006,-2.3110325,-1.2109336,1
5007,15.53504,7.3573575,0
5008,0.8909776,12.240591,9
5009,0.6493411,5.7537465,8
5010,14.320861,7.662429,0
5011,6.361929,4.438342,3
5012,-1.7993759,-3.698277,1
5013,6.886621,4.5172877,2
5014,-3.3987126,10.938548,7
5015,15.786328,7.214266,0
5016,3.693534,-0.9944413,2
5017,0.37945682,10.864262,9
5018,11.6561575,3.471936,6
5019,15.566895,8.518315,0
5020,-0.9829789,-3.5869586,1
5021,10.387342,3.5642388,6
5022,-3.5439363,10.935147,7
5023,-2.2958443,-0.7290177,1
5024,1.0862539,12.813811,9
5025,-3.9435828,9.878203,7
5026,10.121565,3.6399162,6
5027,2.8031008,5.3217435,5
5028,4.6325173,6.904735,5
5029,0.2280259,5.9157815,8
5030,0.13852982,5.3749,8
5031,6.338577,3.8399425,3
5032,0.59882164,13.556158,4
5033,-1.4396626,14.510929,4
5034,-0.51717925,5.7917733,8
5035,-4.727837,8.985429,7
5036,5.794539,4.3723354,3
5037,10.484234,2.2251408,6
5038,-0.8807606,13.181472,4
5039,10.73678,3.0206547,6
5040,11.142834,4.6072755,6
5041,5.5221696,4.2025986,3
5042,9.83485,3.5286632,8
5043,0.10966047,6.220308,8
5044,-1.1194322,9.813629,9
5045,0.71076447,11.0713215,9
5046,0.26742652,14.285171,4
5047,-1.3061498,14.615696,4
5048,14.799393,6.790165,0
5049,-5.240904,10.206272,7
5050,1.0026664,6.4482636,8
5051,-3.328334,0.91667515,1
5052,15.628482,8.676596,0
5053,15.961592,7.500958,0
5054,-0.73162526,-3.807289,1
5055,0.9811521,6.1193867,8
5056,3.8744464,6.725421,5
5057,-4.2474875,9.321246,7
5058,-1.9146223,-3.603747,1
5059,-4.2905626,8.791429,7
5060,4.317317,7.316339,5
5061,2.6708088,4.6533604,5
5062,2.1593814,12.515643,9
5063,-0.693071,9.968459,9
5064,1.2089291,14.782401,4
5065,4.742285,-0.50480604,2
5066,5.0666103,7.062239,5
5067,5.6221695,3.7703469,3
5068,2.987099,12.184331,7
5069,-1.6383312,15.155053,4
5070,10.918218,4.1342335,6
5071,11.672947,3.7585068,6
5072,16.776684,7.87649,0
5073,-4.198575,0.6590688,1
5074,15.435176,8.027815,0
5075,-3.3351688,0.9660744,1
5076,1.9908977,-0.10890273,2
5077,-1.007556,15.060103,4
5078,1.8070897,7.4943113,8
5079,3.5808644,4.9901032,5
5080,6.5204167,5.321028,3
5081,2.7218595,4.5036488,5
5082,14.276996,5.782776,0
5083,16.347116,7.4808207,0
5084,10.959074,4.989775,6
5085,-0.82201236,15.210071,4
5086,5.7017355,4.07355,3
5087,-0.12687333,5.584738,8
5088,5.062218,5.7776246,3
5089,-4.693839,9.848107,7
5090,-2.366515,-3.282399,1
5091,-0.8702749,15.293843,4
5092,6.921315,5.762785,3
5093,0.42486182,10.867481,9
5094,2.0704868,-0.09692255,2
5095,4.1261635,-1.2758062,2
5096,15.900734,7.3905253,0
5097,5.6237445,4.1469216,3
5098,9.990122,2.7934608,6
5099,11.3329115,3.290779,6
5100,-4.231571,10.731681,7
5101,-0.9609878,15.1044,4
5102,5.57867,5.2719936,3
5103,6.9043403,4.3313646,2
5104,3.761603,-1.4484966,2
5105,-1.9334464,14.982809,4
5106,1.5301949,11.836935,9
5107,-3.497593,1.5357224,1
5108,15.049522,7.8806114,0
5109,2.9978013,4.868696,5
5110,2.4137187,-1.1920972,2
5111,-0.083302006,14.699873,4
5112,1.3475902,6.608504,8
5113,3.4199502,-1.2606361,2
5114,-3.09929,-0.7822854,1
5115,15.9562845,7.4371157,0
5116,-0.7309645,5.590947,8
5117,-0.69715387,15.168896,4
5118,0.32213536,13.884784,4
5119,-0.49078247,5.7887235,8
5120,14.9448595,7.5787387,0
5121,11.12286,2.8631077,6
5122,-1.1467235,14.006192,4
5123,-2.540916,-0.3104505,1
5124,-2.0686808,-3.8571308,4
5125,0.2910154,11.082531,9
5126,11.276072,5.340235,6
5127,5.8830156,3.547053,3
5128,-2.0288527,-3.4360106,1
5129,6.9034004,4.5509453,2
5130,1.8243166,12.649278,9
5131,15.798535,8.062279,0
5132,-3.9876356,1.6879799,1
5133,16.603008,7.300143,0
5134,1.2415107,12.449741,4
5135,3.6432922,-1.3097934,2
5136,5.088887,5.430755,9
5137,0.18519944,10.633483,9
5138,0.7612501,14.430646,4
5139,5.783684,5.1174,3
5140,1.2246217,6.0352182,8
5141,11.273461,3.5997577,6
5142,-0.9739317,11.085323,9
5143,6.3365316,3.9104033,3
5144,14.865987,7.2177525,0
5145,11.139085,4.6161933,6
5146,-4.7319784,10.543241,7
5147,16.356361,7.5427485,0
5148,4.99502,4.9838777,3
5149,-3.579117,1.8204836,1
5150,-0.67465055,13.471156,4
5151,4.664662,-0.97086495,2
5152,7.009579,5.560792,3
5153,6.985158,4.840744,3
5154,16.72068,7.5068817,0
5155,-2.182862,14.010678,4
5156,1.9510384,-0.80676883,2
5157,3.008523,4.4074564,5
5158,2.5936275,5.4188995,5
5159,11.748787,3.9326959,6
5160,5.645315,5.2387834,3
5161,-3.9996378,8.611842,7
5162,3.5240507,-1.9476478,2
5163,0.929135,5.529482,8
5164,3.5899444,7.155552,5
5165,-1.3122042,9.615539,9
5166,4.0725217,-1.3665798,2
5167,16.288082,7.5455623,0
5168,-4.30025,1.2182169,1
5169,-3.9863997,2.2943876,1
5170,1.4369509,6.1646414,8
5171,4.5491157,-0.4687814,2
5172,0.25296208,11.937614,9
5173,6.1679883,3.6357574,3
5174,-1.124758,12.200439,1
5175,-2.2173097,14.131196,4
5176,-2.0091474,-1.154327,1
5177,3.1534925,4.484099,5
5178,-4.318551,11.483612,7
5179,11.72126,3.918478,6
5180,-0.8709876,14.753736,4
5181,-4.7855945,9.175986,7
5182,-5.029517,11.749984,7
5183,-0.64304686,5.492278,8
5184,6.3304715,4.7261024,3
5185,-1.5233716,9.899984,9
5186,5.654346,6.097956,3
5187,15.977859,7.5916495,0
5188,4.158621,7.041902,5
5189,-4.046727,2.0289185,1
5190,6.5137625,4.9602737,3
5191,4.620222,-0.7040193,2
5192,14.229328,7.285686,0
5193,7.0636473,5.1349216,3
5194,16.12068,8.751973,0
5195,-2.0030866,13.985009,4
5196,14.596261,8.651621,0
5197,-4.008817,8.64057,7
5198,1.4597313,14.528768,4
5199,0.19812603,5.5953217,8
5200,0.4641985,6.278807,8
5201,-1.7514963,10.34991,9
5202,15.294877,8.850459,0
5203,15.985106,6.9974823,0
5204,-3.3002336,-2.0504458,1
5205,0.6782497,6.9375424,8
5206,-3.96089,9.766945,7
5207,5.97492,3.8082235,3
5208,0.51357883,12.491225,9
5209,-1.2206126,10.452781,9
5210,4.21394,6.7523527,5
5211,3.5512323,5.0269833,5
5212,-0.5210466,10.8441305,9
5213,11.425851,3.978239,6
5214,-3.708957,10.527782,7
5215,-0.27360693,5.7358255,8
5216,-2.6513083,-0.84344816,2
5217,-1.9856622,13.981459,4
5218,10.411442,4.136547,6
5219,-1.2142162,10.227342,9
5220,0.065103546,7.052184,8
5221,-3.7110755,1.6847384,1
5222,11.25497,5.994234,6
5223,-4.967438,9.329683,7
5224,-1.6132274,11.457559,9
5225,-3.924487,1.37041,1
5226,11.304837,4.3110065,6
5227,4.7162027,-0.87838763,2
5228,15.371077,8.674619,0
5229,-1.4967872,9.587078,9
5230,10.64089,4.9974537,6
5231,11.63031,3.5933187,6
5232,1.9912642,-0.4487037,2
5233,-2.012444,9.529304,9
5234,-1.107722,-4.373493,1
5235,-3.1084354,0.9841535,1
5236,2.034264,-0.82069695,2
5237,-3.7763011,0.89946455,1
5238,5.681061,4.854939,3
5239,-3.339621,0.2418795,1
5240,5.3796372,6.7605405,5
5241,4.7381487,-1.1097008,2
5242,-3.4197807,10.575292,7
5243,-0.6106862,5.7490063,8
5244,14.725458,7.719298,0
5245,-3.3455255,1.2583351,1
5246,14.9204235,7.9380136,0
5247,4.118343,-0.4634693,2
5248,1.3495723,7.343546,8
5249,15.815287,6.182849,0
5250,1.947753,-0.08890995,2
5251,-4.527779,8.532058,7
5252,5.828474,4.6272025,3
5253,-4.5768194,8.625569,7
5254,2.827599,6.008612,5
5255,3.0858245,4.43097,5
5256,-0.6711495,-4.3606586,1
5257,0.06723924,5.214129,8
5258,4.4927397,-1.4495978,2
5259,4.7841177,-0.87711334,2
5260,10.838563,4.844822,6
5261,-1.0033365,10.192607,9
5262,-2.3212821,-1.3847669,1
5263,-0.68093807,5.333944,8
5264,-4.8194246,11.337312,7
5265,-2.0442538,13.962809,4
5266,14.887077,7.4855003,0
5267,11.6599655,4.3803196,6
5268,14.705919,8.688247,0
5269,-4.2615585,9.136242,7
5270,5.2138834,5.0589595,3
5271,-3.2842686,1.1750664,1
5272,15.217637,6.0080805,0
5273,11.762192,4.1701055,6
5274,10.710752,3.0749075,6
5275,15.616335,6.4725194,0
5276,-0.060273655,11.688414,9
5277,6.231926,4.4543676,3
5278,0.08658829,13.620103,4
5279,11.460082,3.8629794,6
5280,-4.406422,10.345859,7
5281,-0.2908239,5.71973,8
5282,1.793129,12.683457,9
5283,-4.942303,9.181603,7
5284,5.91028,5.10799,3
5285,15.780147,6.7497478,0
5286,14.677813,7.4302835,0
5287,-2.135082,14.032435,4
5288,14.5218,6.3755736,0
5289,4.7639227,-0.66803616,2
5290,10.468581,2.349186,6
5291,-3.7377982,8.929351,7
5292,3.2906168,6.233474,5
5293,-2.1580286,14.2097225,4
5294,9.875509,2.9424212,6
5295,-2.2386274,14.113736,4
5296,1.0073968,7.504143,8
5297,4.616762,-0.6928533,2
5298,0.2139757,15.048078,0
5299,-0.05279009,5.9096937,8
5300,-4.5138707,11.495726,7
5301,-3.8579557,2.1572978,1
5302,-5.359173,10.639449,7
5303,3.2873046,4.5441947,5
5304,-1.0738233,-4.2226205,1
5305,-4.1890063,2.5388978,1
5306,1.3780956,-0.7094362,2
5307,3.6762414,0.38417006,2
5308,-3.2101264,11.391384,7
5309,3.1142116,4.461477,5
5310,10.305907,3.368891,6
5311,11.620512,3.9454474,6
5312,-5.194995,10.446851,7
5313,-1.7843286,13.774669,4
5314,1.9989232,-0.05410497,2
5315,5.91955,3.2801347,3
5316,2.1284199,12.826161,9
5317,15.293424,7.05689,0
5318,3.5123844,-1.0070354,2
5319,15.656631,7.936627,0
5320,2.0958736,12.755334,9
5321,14.919097,8.070978,0
5322,-0.26709756,13.791805,4
5323,6.1727285,4.363903,3
5324,-0.22730286,12.971691,4
5325,-4.443377,8.7652025,7
5326,-4.2602654,10.379307,7
5327,15.762547,6.3626766,0
5328,5.5512276,3.719666,3
5329,11.614745,3.920663,6
5330,15.119044,7.2169766,0
5331,-1.8940713,13.850692,4
5332,5.0051475,6.603135,3
5333,1.2012491,6.303543,8
5334,11.496194,6.327658,6
5335,0.03516516,6.547423,8
5336,-0.9440003,-4.4743586,1
5337,6.146737,4.297396,3
5338,0.6206177,12.946036,8
5339,-1.6467584,9.769808,9
5340,14.723779,7.3616366,0
5341,-1.9086876,9.892102,9
5342,14.469845,7.1976466,0
5343,-0.4192584,5.845866,8
5344,14.651336,8.761429,0
5345,4.6002207,-0.9782488,2
5346,0.17947288,6.448672,8
5347,-4.1639214,8.37529,7
5348,2.211707,6.9092536,8
5349,-5.0599785,9.186933,7
5350,1.2606093,12.456405,9
5351,-4.138453,2.0505807,1
5352,-4.6726985,11.049561,7
5353,16.232962,7.8019276,0
5354,5.2872086,5.671378,3
5355,-2.8439033,0.34100208,1
5356,-0.948409,13.807673,4
5357,3.366783,-1.3006626,2
5358,6.9024844,4.7231436,3
5359,6.8080974,5.1872005,3
5360,1.6379826,6.790251,8
5361,-1.7331748,14.168433,4
5362,1.4266096,12.128474,9
5363,3.9977927,5.8047495,5
5364,11.602649,5.593778,6
5365,11.443663,4.9338565,6
5366,1.2365097,14.475355,4
5367,-4.768265,9.667415,7
5368,15.272128,5.9687657,0
5369,-0.061033066,6.3362,8
5370,0.8892874,11.591506,3
5371,-0.8707501,10.699379,9
5372,1.2656276,7.3266153,8
5373,16.255426,8.08104,0
5374,11.331673,4.957471,6
5375,-2.901237,0.12032597,1
5376,0.52306384,7.2354636,8
5377,4.0576334,-0.97588205,2
5378,3.436184,7.030877,5
5379,6.8576455,4.8222947,3
5380,2.849309,-0.33739546,2
5381,-1.7389666,13.958792,4
5382,3.0804138,6.792457,5
5383,3.9971032,6.539261,5
5384,11.690894,6.5422444,6
5385,11.261981,4.7791457,6
5386,1.6888336,12.169013,9
5387,-5.349815,11.377745,7
5388,5.8926077,6.0111704,3
5389,-0.23684096,6.2033706,8
5390,-2.9187381,10.361029,9
5391,-1.2138913,10.434026,9
5392,6.995523,5.1432114,3
5393,16.67746,8.004326,0
5394,1.353287,7.4376063,8
5395,-3.6617217,0.46502906,1
5396,5.7222495,3.7938786,3
5397,4.715866,-1.1792148,2
5398,15.024933,8.025832,0
5399,6.5296164,5.3205094,3
5400,1.822204,-0.80133355,2
5401,-1.6565418,14.746122,4
5402,2.0284765,12.189737,9
5403,3.720254,5.367046,5
5404,-0.804627,12.347066,9
5405,11.104189,3.5037131,6
5406,0.7309753,14.731504,4
5407,-5.327683,10.054658,7
5408,5.481206,3.747104,3
5409,-0.62671345,6.029503,8
5410,0.5864745,13.925937,4
5411,-1.3892004,10.050564,9
5412,6.2815504,5.373052,3
5413,10.826648,3.933376,6
5414,2.5495584,4.7961354,5
5415,3.4013493,-1.3514447,2
5416,-4.784433,12.087815,7
5417,3.4033425,6.1292496,5
5418,1.8505486,6.9337587,8
5419,11.036123,3.0563326,6
5420,2.878531,-1.1909275,2
5421,3.2080033,-0.9717525,2
5422,3.1024206,0.38615495,7
5423,4.78127,6.3952703,5
5424,5.075884,7.1184683,5
5425,-4.2919507,1.9677593,1
5426,-0.8422314,11.867393,9
5427,-4.2752547,8.49617,7
5428,-3.446284,0.2904194,1
5429,-4.193049,1.4468814,1
5430,6.125715,7.7643313,8
5431,-0.34864286,5.3815203,8
5432,5.566017,5.541903,3
5433,6.58135,4.165001,3
5434,5.368919,5.3606224,3
5435,-0.48555812,6.1323094,8
5436,1.794301,-0.17037962,2
5437,-5.1220584,10.158038,7
5438,2.1128485,0.2936383,2
5439,-3.0836635,1.0423416,1
5440,2.860609,6.6196,5
5441,-4.3260922,9.663883,7
5442,6.7968903,6.121948,3
5443,-3.2025223,0.9705645,1
5444,0.41154394,13.922385,4
5445,-1.8421031,13.913029,4
5446,-4.5878944,9.583333,7
5447,-3.9418943,9.033617,7
5448,-3.3199444,10.283986,7
5449,4.111527,-0.92238885,2
5450,-1.3648145,13.647254,4
5451,11.128286,3.1748164,6
5452,4.8221436,7.232912,5
5453,3.8402603,7.0608726,5
5454,-1.8619744,9.576266,9
5455,5.9658794,5.3746357,3
5456,4.9614224,7.4401383,5
5457,-0.7149525,10.493114,9
5458,6.3487263,4.8957257,3
5459,-0.84860474,10.844047,9
5460,0.15219958,7.0241194,8
5461,16.082348,7.303424,0
5462,14.615615,6.4295635,0
5463,-0.1696531,6.256477,8
5464,14.472595,6.27367,0
5465,-4.284664,9.983984,7
5466,10.176909,2.5019562,6
5467,7.0264606,5.104452,3
5468,15.003664,7.1497097,0
5469,16.220343,7.313242,0
5470,16.000004,8.744526,0
5471,6.6911955,4.6063066,3
5472,-4.228552,8.528335,7
5473,-5.107983,9.750029,7
5474,1.2950791,7.795843,8
5475,16.25084,7.2938786,0
5476,0.08090454,6.4720864,8
5477,-3.579651,1.1303942,1
5478,1.2480567,11.575878,9
5479,-3.0949037,0.93910885,1
5480,1.7665542,-0.11287543,2
5481,4.077411,-1.2893575,2
5482,-0.2287004,13.162831,4
5483,-3.240664,0.32130593,1
5484,-2.6427393,-3.2698977,1
5485,10.991659,2.55207,6
5486,10.733598,3.0648968,6
5487,15.600737,6.6381173,0
5488,15.357965,6.542265,0
5489,3.4315295,5.718789,5
5490,-0.01587526,14.040687,4
5491,6.4527435,4.2495646,3
5492,1.2355679,12.524659,9
5493,6.5982375,4.5588355,3
5494,-2.866305,-0.93234056,1
5495,10.704561,2.7115574,6
5496,-5.0528026,12.194136,7
5497,6.295604,4.610407,3
5498,14.483714,6.3303328,0
5499,3.7482483,5.2156863,5
5500,-2.6728003,-2.7866466,1
5501,-0.54504067,10.316993,9
5502,14.188957,8.036586,0
5503,-0.8779337,9.976073,9
5504,-3.5424585,8.88165,7
5505,16.367434,7.6206512,0
5506,5.155726,6.7954516,5
5507,-2.4582918,-0.3840707,1
5508,2.5348024,-0.9949251,2
5509,4.1434317,-0.34937173,2
5510,5.2277117,5.035633,3
5511,6.1894526,4.454288,3
5512,15.101788,8.590624,0
5513,-1.387071,14.379254,4
5514,15.516011,7.8572345,0
5515,3.2765436,4.772663,5
5516,-1.1649466,-3.8899183,1
5517,10.913942,2.6220126,6
5518,0.43487105,12.195118,9
5519,-4.720806,9.265238,7
5520,-1.9826651,-3.6801605,1
5521,-0.022236137,5.5478354,8
5522,1.3767638,12.586287,9
5523,-1.3325568,10.459941,9
5524,11.555517,4.7796254,6
5525,15.783032,7.2203717,0
5526,3.9518769,6.645955,5
5527,-3.9666414,0.976147,1
5528,-3.6218653,8.188079,2
5529,4.0443177,-0.32054973,2
5530,-2.9471412,-2.7311783,1
5531,6.1524615,4.0640697,3
5532,1.2905606,11.574528,9
5533,-1.2218063,14.777754,4
5534,1.3264655,6.7590322,8
5535,-4.5926332,9.135219,7
5536,4.619307,8.065532,8
5537,0.15338255,5.5481963,8
5538,4.9420567,5.0466504,9
5539,-1.4913603,10.209466,9
5540,-4.285913,11.699744,7
5541,16.42035,7.0771832,0
5542,6.7086277,5.6089025,3
5543,-3.6802747,1.2551891,1
5544,0.08277551,12.133605,9
5545,4.1211762,-0.1381576,2
5546,-4.271339,11.651152,7
5547,6.159156,3.7599897,3
5548,2.5708175,6.9638457,8
5549,-1.8874848,14.950602,4
5550,4.5732985,7.2763224,5
5551,2.973062,4.625567,5
5552,-1.0965574,-2.858182,1
5553,11.37892,2.9581962,6
5554,4.502035,6.7079163,6
5555,-4.4098043,8.874287,7
5556,10.584164,3.9048374,6
5557,-0.54732436,5.3970585,8
5558,-1.8613448,10.009864,9
5559,-1.4328886,9.630931,9
5560,14.927235,6.933092,0
5561,11.329694,3.266162,6
5562,3.410637,5.2324553,3
5563,15.407868,6.9483757,0
5564,-3.1374779,9.511161,7
5565,-5.220398,10.168465,7
5566,11.652231,5.3690476,6
5567,6.175451,4.133994,3
5568,-4.0026646,10.363837,7
5569,-4.448626,9.003153,7
5570,-2.1173213,-3.6621974,1
5571,-3.3797886,0.7072767,1
5572,1.5288777,12.355798,9
5573,6.658655,4.128644,3
5574,-0.47333205,5.386665,8
5575,-4.6823,9.197835,7
5576,11.046858,3.8623881,6
5577,-1.0981894,10.669451,9
5578,5.272402,5.796816,3
5579,-4.3572407,8.707578,7
5580,0.76018804,14.531114,4
5581,-1.4746181,14.506457,4
5582,-0.9496379,-3.2460139,1
5583,16.415768,6.9131365,0
5584,-4.7982626,9.606489,7
5585,15.919577,7.977109,0
5586,10.478896,3.3955848,6
5587,11.719947,3.7670653,6
5588,5.649225,5.0386305,3
5589,-1.0046194,10.445832,9
5590,0.82519424,13.74894,4
5591,3.7978618,5.8467937,5
5592,0.8577173,11.800217,9
5593,11.415381,3.3088114,6
5594,0.49660787,7.5045414,8
5595,-1.6641037,9.940603,9
5596,-3.9172602,10.748114,7
5597,-0.1242083,5.431935,8
5598,3.680948,6.8291554,5
5599,3.262146,5.1989775,5
5600,10.090712,4.509459,6
5601,-3.9800398,0.7105171,1
5602,2.347518,-1.3399285,2
5603,3.7219794,5.579561,5
5604,15.376271,7.676926,0
5605,6.8274245,4.1282625,3
5606,4.1704535,7.4420385,5
5607,-0.61513436,10.414292,9
5608,14.757002,7.4318686,0
5609,-0.21395874,5.4113674,8
5610,-2.3255103,-3.2040105,1
5611,6.8194666,3.9646354,3
5612,14.524935,6.3479753,0
5613,-1.6359285,14.343511,4
5614,1.2506521,12.385668,9
5615,15.736661,6.925822,0
5616,-2.032429,-3.5017211,3
5617,3.338894,4.8664083,5
5618,3.7889514,-1.7279801,2
5619,11.018504,2.7589843,6
5620,2.9042308,6.493763,5
5621,6.721797,3.9429665,3
5622,15.424559,7.8466763,0
5623,-1.81287,14.14022,4
5624,3.1350133,-1.0899113,2
5625,-0.029618734,5.5587173,8
5626,-3.3084247,9.781611,7
5627,16.057535,7.4654717,0
5628,0.9271647,6.5919056,8
5629,11.344567,3.2008994,6
5630,-0.37535533,-4.3678446,1
5631,-1.4589633,14.452749,4
5632,10.188187,4.2108364,6
5633,0.21783353,5.9759026,8
5634,11.610382,6.551289,6
5635,-2.8474462,0.27681518,1
5636,0.052085783,14.933364,4
5637,6.8099966,4.0801315,3
5638,-3.645021,8.507838,2
5639,-1.2485541,14.131433,4
5640,6.7202477,4.629987,3
5641,15.583585,6.789142,0
5642,6.3227143,6.7809143,3
5643,-4.0593014,0.7447596,1
5644,-4.0392528,2.5218906,1
5645,-1.2350603,10.249148,9
5646,14.392336,8.219812,0
5647,4.073967,-0.21085867,2
5648,-2.0653708,-3.9206555,1
5649,6.4993496,3.9171448,3
5650,-3.1421685,8.951461,7
5651,-4.831739,9.383023,7
5652,-5.3722873,11.332378,7
5653,3.550047,5.2274194,5
5654,10.993924,3.642651,6
5655,-3.8473542,0.5622959,1
5656,3.758618,-1.9190255,2
5657,-4.8771186,9.7161875,7
5658,0.99443203,12.05076,9
5659,4.290267,-0.322418,2
5660,5.7198877,4.7430573,3
5661,-0.8053121,5.8817616,8
5662,14.13892,7.1765037,0
5663,-5.114872,9.813328,7
5664,-1.6128023,11.56251,9
5665,15.8006735,7.2157063,0
5666,3.7665546,5.6886034,5
5667,-4.019689,0.45149684,1
5668,5.476807,7.632077,5
5669,-0.38332808,10.81474,9
5670,0.8269954,6.3803396,8
5671,11.356951,3.371272,6
5672,1.4078059,12.215637,9
5673,-0.8111264,14.940815,4
5674,14.264258,7.9993844,0
5675,-3.7319715,1.4441178,1
5676,-3.8391268,1.004938,7
5677,4.4733605,-0.5375602,2
5678,5.215383,6.8182507,5
5679,6.1810007,3.733019,3
5680,1.6031715,6.848821,8
5681,-3.3136811,1.1074901,1
5682,10.439024,4.814314,6
5683,6.0919805,4.215101,3
5684,11.827127,6.6306286,6
5685,3.834053,5.2642527,5
5686,10.261778,3.547033,6
5687,6.710031,3.8904557,3
5688,4.237659,6.7059097,5
5689,-1.8468815,14.282982,4
5690,14.981362,7.0302124,0
5691,-3.339746,-0.8092778,1
5692,15.681663,8.038655,0
5693,11.178374,3.8153734,6
5694,16.224617,7.88426,0
5695,-0.28262362,5.724681,8
5696,0.9440532,6.057828,8
5697,15.877885,6.125726,0
5698,14.844893,8.390675,0
5699,-0.057103164,5.5782304,8
5700,1.6505175,-0.79664904,2
5701,-0.8940215,10.169419,9
5702,4.997508,5.438927,3
5703,-0.8349933,14.606586,4
5704,-0.23334411,12.934655,9
5705,-1.3866651,10.41462,9
5706,-1.7214766,-1.0796635,2
5707,4.490718,-0.4495538,2
5708,-2.3274462,-2.8700726,1
5709,11.287266,3.4071643,6
5710,5.6458697,4.90382,3
5711,15.096637,5.8993697,0
5712,5.811331,7.6466837,5
5713,-3.660194,0.28312308,1
5714,-2.7272813,-2.5407429,1
5715,3.7279644,-0.6444407,2
5716,-3.64247,9.46071,7
5717,6.411527,3.8611317,3
5718,0.9721396,14.176803,9
5719,2.8257115,5.2221065,5
5720,-0.20176592,12.998125,4
5721,11.064488,3.84036,6
5722,3.4304862,-1.7675952,2
5723,-3.976046,9.432804,7
5724,1.7713077,-0.7332345,2
5725,-0.2788506,5.5728865,8
5726,2.049519,12.53191,9
5727,-1.2819905,10.329379,9
5728,6.1578045,6.519283,3
5729,15.841956,6.1210256,0
5730,16.108364,8.559806,0
5731,-3.3569956,1.2795724,1
5732,-3.304453,-0.93360776,1
5733,4.320927,-0.52663136,2
5734,0.3992038,14.445211,4
5735,-1.9535899,14.126504,4
5736,5.452723,4.4637628,3
5737,3.12413,5.1515303,5
5738,5.3589582,6.423621,3
5739,11.0567665,3.302009,6
5740,15.297539,8.376205,9
5741,-4.7148004,9.133612,7
5742,3.5990238,7.1176443,5
5743,-0.84870684,5.191924,8
5744,2.9787054,-0.76389575,2
5745,-2.0710294,9.681706,9
5746,0.44018558,12.439324,9
5747,16.075863,6.3699236,0
5748,6.5770717,6.7952523,3
5749,-4.2603946,1.2325976,1
5750,11.014158,4.1727204,6
5751,4.3714204,-0.85447234,2
5752,4.049198,6.358936,5
5753,5.8101196,4.127389,3
5754,-3.760374,10.917975,7
5755,-1.835311,14.751561,4
5756,-1.59189,-4.1669116,1
5757,3.6068673,5.6143537,5
5758,2.6869543,-1.3407556,2
5759,11.018536,3.8470435,6
5760,-1.6790045,-3.6797278,1
5761,-3.586644,9.289319,7
5762,2.5985234,-1.3512548,2
5763,-0.33041668,6.247628,8
5764,-1.4599665,13.688576,4
5765,-1.7791986,9.86298,9
5766,10.206266,3.306602,6
5767,14.934294,6.325552,0
5768,-3.497885,8.723958,7
5769,-3.8486154,9.845582,7
5770,5.3569217,4.4026227,3
5771,3.6035912,5.420837,5
5772,10.291619,3.2597752,6
5773,15.567363,5.76717,0
5774,10.295865,3.340746,6
5775,-0.15481675,5.5030713,8
5776,4.929194,7.760213,5
5777,-1.2935543,14.221852,4
5778,-3.6354136,11.070841,7
5779,-3.2176533,-0.7162276,1
5780,10.587887,2.2590976,6
5781,-0.069607414,5.59432,8
5782,11.459954,5.9811597,6
5783,-0.114339024,6.205608,8
5784,-3.5501373,10.066919,7
5785,-3.666627,1.3808085,1
5786,-3.9429684,10.993201,7
5787,5.5850863,4.0426383,3
5788,6.1274776,6.7638597,3
5789,-2.9397233,0.101463325,1
5790,3.0210345,0.38828897,2
5791,-0.042561043,5.7235103,8
5792,0.12282096,14.072488,4
5793,5.916718,3.5989976,3
5794,1.8668096,12.973109,9
5795,-4.5394635,10.0317135,7
5796,1.1206417,14.499771,4
5797,-0.7523019,10.509802,9
5798,4.8150253,5.538061,3
5799,6.2223763,3.557066,3
5800,0.43182087,7.2255354,8
5801,15.110974,7.003127,0
5802,11.752745,6.5668693,6
5803,-1.2475302,10.83517,9
5804,11.198591,6.016078,6
5805,-1.9133686,14.062537,4
5806,-0.9718636,11.135816,9
5807,-1.1973921,14.316722,4
5808,15.282498,8.500122,0
5809,15.434606,5.785787,0
5810,11.221031,5.985298,6
5811,-4.3419175,9.817396,7
5812,5.888794,6.1891384,3
5813,-1.8148291,14.410906,4
5814,-1.316914,-4.1005454,1
5815,4.161669,-0.7098767,2
5816,1.96399,0.1197062,2
5817,-1.0488476,11.035563,9
5818,-3.4515815,10.805825,7
5819,-0.52583534,5.907118,8
5820,6.1949387,4.929194,3
5821,-2.043325,9.734518,7
5822,0.118431516,14.614697,4
5823,4.1835256,-0.87197995,2
5824,-2.494395,-3.4228373,1
5825,-4.418293,8.932114,7
5826,9.880819,2.9919739,6
5827,-0.46075794,5.847077,8
5828,4.713109,7.901357,5
5829,-0.24931939,11.042802,9
5830,14.694269,7.313243,0
5831,5.715743,3.9728713,3
5832,11.239233,6.04251,6
5833,-3.8872004,0.28913817,1
5834,-2.5016866,-1.6301916,1
5835,-1.2917407,14.260388,4
5836,1.7662973,12.573864,9
5837,11.201063,4.3855896,6
5838,6.1526766,4.9430213,3
5839,3.173221,5.248701,5
5840,-1.3577375,-3.8373473,1
5841,4.2396145,-0.6724569,2
5842,-4.312407,9.666448,1
5843,3.7453554,-0.6565627,2
5844,14.283737,7.843864,0
5845,4.397767,-0.7658074,2
5846,10.121283,2.6557274,6
5847,2.8932316,4.7454205,5
5848,9.831554,3.0944507,6
5849,11.069961,3.3418221,6
5850,-1.4362876,-3.8854086,1
5851,-4.6514306,9.274026,7
5852,6.614311,4.9887214,3
5853,-0.5704318,5.9232345,8
5854,1.1349863,13.97757,4
5855,-4.1932316,9.686176,7
5856,4.63833,6.559679,5
5857,2.9356024,4.7153134,5
5858,6.5760193,5.368825,3
5859,-3.96261,1.7607208,1
5860,-1.6208277,11.112223,9
5861,11.56832,3.9079971,6
5862,-2.2567806,-3.314802,1
5863,-1.381023,14.288156,4
5864,-1.6704813,-3.9517586,1
5865,-0.5325841,11.101529,9
5866,4.139523,6.6951566,5
5867,4.277667,-0.76253945,2
5868,2.1323655,12.29962,9
5869,-0.5778816,10.445087,9
5870,5.406673,4.7461076,3
5871,5.955165,3.6495783,3
5872,4.329118,6.446237,5
5873,2.641943,4.5733676,5
5874,-0.9408426,10.671355,9
5875,5.8426924,3.9504542,3
5876,-2.3962352,-2.3157692,1
5877,11.076409,3.3048103,6
5878,-1.7091535,9.496601,9
5879,11.131493,3.7204032,6
5880,0.44071516,13.2807865,4
5881,15.91252,6.81926,0
5882,-2.2792876,-3.7555254,1
5883,15.921517,6.202411,0
5884,14.566342,6.957841,0
5885,4.586305,-0.7213668,2
5886,15.295054,8.87717,0
5887,3.5072114,5.6905265,5
5888,14.770228,6.7007866,0
5889,11.477074,4.005245,6
5890,3.2791462,-1.3054866,2
5891,-1.5371233,14.942004,4
5892,1.015926,12.1680975,9
5893,-1.5871756,10.092267,9
5894,1.5578477,6.487203,8
5895,4.6474214,-0.75249124,2
5896,-3.6471455,10.6512165,8
5897,-4.993571,10.002432,7
5898,-2.0379288,10.28037,9
5899,-1.2642407,14.322154,4
5900,3.997816,-0.89712304,2
5901,-1.7668685,10.147987,9
5902,3.0055723,-0.2508158,2
5903,-3.2480063,1.0204772,1
5904,4.5207195,6.8426175,5
5905,15.456128,5.7376404,0
5906,-3.8330355,10.73281,7
5907,4.1308737,-0.72458005,2
5908,2.0435135,0.09680209,2
5909,4.2822194,-0.70517606,2
5910,10.24138,3.946359,6
5911,6.049118,3.4244382,3
5912,-3.5656435,8.385984,7
5913,11.161528,3.1998188,6
5914,2.9533958,-0.31639245,2
5915,-3.664254,1.6779186,1
5916,5.9217577,6.253794,8
5917,-0.5377585,5.547509,8
5918,1.2769283,11.862047,9
5919,6.21396,3.8678665,3
5920,11.450086,6.3169613,6
5921,15.560577,5.7757792,0
5922,6.6473417,4.556696,3
5923,5.993103,3.6374638,3
5924,-1.2781185,11.7125635,9
5925,3.1096976,4.788831,5
5926,5.790585,5.544358,3
5927,15.4910345,5.940379,0
5928,1.9149024,-1.2027924,2
5929,15.790681,6.9576135,0
5930,-2.005403,-3.2425833,1
5931,11.20687,3.6400218,6
5932,14.785587,6.3267574,0
5933,-3.8684082,1.1218104,1
5934,5.0097213,6.9169374,5
5935,11.075778,3.8045435,6
5936,-2.081212,-3.3591511,4
5937,-1.6245298,10.094646,9
5938,15.614773,6.661121,0
5939,3.4120739,5.57416,5
5940,0.26942638,12.074676,9
5941,5.971528,3.6322055,3
5942,6.806543,5.9380136,3
5943,-0.47527108,10.436408,9
5944,0.31650686,13.621209,4
5945,-1.8530489,14.491043,4
5946,-5.1297727,11.411943,7
5947,3.2568889,5.3905106,5
5948,11.279883,5.8435326,6
5949,0.13735059,5.800697,8
5950,-2.7826297,-1.580934,1
5951,11.572797,3.8119667,6
5952,1.939141,-0.46755213,2
5953,-4.603417,9.391924,7
5954,-1.7965908,15.074578,4
5955,-3.4972258,1.6310387,1
5956,11.064725,3.0315087,6
5957,-3.2767217,0.988122,1
5958,5.913435,6.4294944,3
5959,-4.841167,9.605751,7
5960,-1.4913865,13.992258,4
5961,16.302273,7.970518,0
5962,10.060493,2.7664657,6
5963,-2.9124634,0.36008334,1
5964,0.80285144,12.592121,9
5965,3.8629637,-1.0159463,2
5966,-0.63249147,-3.7766805,1
5967,7.1062407,5.1694174,3
5968,-5.436607,10.3264,7
5969,-1.0185434,15.0367365,4
5970,5.6166835,4.2830815,3
5971,2.8901255,4.536489,5
5972,2.7005057,7.2631497,8
5973,11.666712,3.2949898,6
5974,5.3248663,4.316639,3
5975,-4.8914638,10.1702585,7
5976,-3.555851,9.834081,7
5977,0.57122755,6.7900596,8
5978,15.943818,8.171217,0
5979,-1.441558,10.773775,9
5980,6.7671213,5.9199266,3
5981,16.290102,8.068128,0
5982,1.6958948,14.619297,4
5983,-2.329365,-1.4071943,1
5984,4.75889,7.698564,5
5985,3.897957,-1.3714688,2
5986,-3.210463,9.122714,7
5987,7.0412474,5.1218486,3
5988,2.665006,0.1358372,2
5989,-0.81395334,15.005532,4
5990,11.209603,2.8898094,6
5991,2.8739219,4.814148,5
5992,-0.1645017,11.222725,9
5993,11.6178055,4.0519776,6
5994,-2.6905818,-0.8421834,1
5995,-5.3243957,10.678689,7
5996,10.490813,4.7839327,6
5997,0.046661142,5.901465,8
5998,10.966796,3.9340174,6
5999,-1.0550942,10.251113,9
6000,10.863272,3.3982718,6
6001,16.25699,8.16098,0
6002,-0.57140267,-4.10522,1
6003,-3.0467257,0.75475645,1
6004,3.0235288,6.188816,5
6005,4.221757,-0.93231946,2
6006,1.0867858,6.8729076,8
6007,6.927243,5.3394246,3
6008,15.100759,7.490641,0
6009,-1.4828616,14.62437,4
6010,-1.0890019,11.867016,9
6011,2.5535889,4.7507553,5
6012,2.5784132,-0.8459301,2
6013,11.6914835,5.5309815,6
6014,-3.5692563,9.920308,7
6015,-4.9149537,9.116451,7
6016,4.896314,5.309844,3
6017,0.83624357,6.530116,8
6018,4.6405816,7.131352,5
6019,-0.85279745,10.295927,9
6020,-1.8300421,-3.437253,1
6021,-2.8199415,0.20823415,1
6022,1.5243096,7.2993674,8
6023,15.857446,8.061534,0
6024,10.890655,5.4584274,6
6025,0.13462311,15.019518,4
6026,2.597824,5.5308022,5
6027,3.5638359,5.424612,5
6028,0.31082544,14.056995,4
6029,11.639216,5.6423984,6
6030,0.87738997,7.3541846,8
6031,11.417202,4.031848,6
6032,5.9571524,5.4635515,3
6033,6.986143,4.945334,3
6034,14.996413,7.1442947,0
6035,-1.5015682,14.843737,4
6036,-0.4386739,12.215888,9
6037,-1.4645185,14.688364,4
6038,4.424615,-1.0777887,2
6039,3.8792596,-1.5494442,2
6040,6.8089094,5.997248,3
6041,0.6653189,6.7971497,8
6042,1.962785,12.492427,9
6043,-2.8492885,0.068902485,1
6044,3.9692628,0.0020926257,2
6045,15.623307,8.18999,0
6046,-3.5226984,9.6881275,7
6047,11.582122,5.3553157,6
6048,6.1482034,4.8152337,3
6049,-1.064173,15.168417,4
6050,-5.314979,10.734067,7
6051,-1.1091664,10.2740755,9
6052,-1.342741,-3.9873548,1
6053,-5.0696807,9.413253,7
6054,-4.0749044,10.539507,7
6055,3.9692528,-1.1186373,2
6056,2.4755251,-0.4277021,2
6057,7.0486884,4.9439616,3
6058,-1.0334897,14.898387,4
6059,6.243624,5.9014335,3
6060,2.2576728,0.04387613,2
6061,-0.30254486,10.464161,9
6062,-1.6635495,-2.0088537,1
6063,4.0502152,-1.2274555,2
6064,-3.8791416,10.128074,7
6065,15.870578,8.3126545,0
6066,10.489267,2.33751,8
6067,-0.10936698,11.0037365,9
6068,3.8778656,6.3057184,5
6069,6.6709685,4.48221,3
6070,-3.9143581,0.11519082,1
6071,7.0346084,5.0891533,3
6072,0.4797812,6.6574593,8
6073,-0.64960074,10.873867,9
6074,0.87321216,12.347174,9
6075,-3.7063034,0.8527542,1
6076,15.089611,8.471192,0
6077,3.2103863,5.1137233,5
6078,0.18872194,11.499385,9
6079,4.256394,-1.2853228,2
6080,2.8588305,-1.1071216,2
6081,6.859248,4.5293813,3
6082,-3.5350997,-0.18709722,1
6083,-3.4048407,1.0625726,1
6084,2.0852716,12.716462,9
6085,11.743971,5.2026453,6
6086,5.027277,6.727466,5
6087,-4.9631324,9.524062,7
6088,-5.0481505,12.301977,7
6089,7.0553875,4.74279,3
6090,11.245459,5.4998703,6
6091,-5.1910777,9.528588,7
6092,1.2849268,11.741701,9
6093,0.036225576,6.4544573,8
6094,14.371677,5.765441,0
6095,-1.3655624,15.086933,4
6096,3.142191,6.2353,5
6097,16.066814,8.678572,0
6098,5.8523774,5.6213374,3
6099,3.3845506,-0.46475786,2
6100,-4.7873955,10.618338,9
6101,-1.2330077,15.204661,4
6102,1.9004123,7.0629773,6
6103,15.783215,7.5728216,0
6104,-2.3095143,-3.597461,1
6105,3.4612281,-0.70301414,2
6106,5.752477,6.1844373,3
6107,-2.0056403,14.70468,4
6108,-3.6734824,0.66010076,1
6109,-5.1788573,9.947133,7
6110,-2.7657928,-2.6867645,1
6111,0.31290314,6.767115,8
6112,4.6347904,7.763554,5
6113,16.385094,8.262416,0
6114,2.1266985,-0.53706664,2
6115,-4.9577127,9.587268,7
6116,-1.2013594,-3.286265,1
6117,16.230337,8.331723,0
6118,5.5827003,5.742302,3
6119,11.636655,4.7243285,6
6120,1.4406058,14.498887,4
6121,-0.43135583,10.973995,9
6122,-3.606614,-1.245308,1
6123,7.0542827,5.8700676,3
6124,2.8792088,-1.2028447,2
6125,3.4546528,-1.1501607,2
6126,4.1028304,-0.8010152,2
6127,-1.4024698,15.115471,4
6128,-0.4724239,15.124902,4
6129,0.5228144,7.171881,8
6130,-4.04043,1.1990035,7
6131,11.571112,4.0187345,6
6132,-3.9715528,8.396336,7
6133,16.149088,8.47794,0
6134,-3.8480268,9.676577,7
6135,-3.171939,1.2437739,1
6136,-0.100724615,6.297354,8
6137,16.15851,8.320357,0
6138,2.7165713,-1.0773892,2
6139,11.633664,4.3699784,6
6140,-4.2178073,8.665117,7
6141,-5.060234,9.796043,7
6142,-2.1155312,-3.0310528,1
6143,3.834351,-1.271544,2
6144,2.7419317,0.018604908,2
6145,-0.10939413,11.187112,9
6146,14.561167,8.485461,0
6147,-4.642029,10.13096,7
6148,5.6007504,5.027169,3
6149,-0.005933862,11.259077,9
6150,11.30881,5.331575,6
6151,3.0248911,5.2231975,5
6152,1.8178726,7.541472,8
6153,0.5940423,6.9806666,8
6154,-0.76768243,12.756029,4
6155,-0.4367744,11.029286,9
6156,1.993303,12.791196,9
6157,11.224225,3.9611797,6
6158,0.948204,7.1918325,8
6159,11.644168,5.4186244,6
6160,-0.67748284,12.948267,4
6161,4.195235,-1.4516889,2
6162,1.3783809,12.085444,9
6163,1.3895476,7.485345,8
6164,1.2931277,12.340671,9
6165,-3.043425,0.918507,1
6166,0.4908689,11.774457,9
6167,-4.9877973,9.169979,7
6168,3.3314664,-1.6729652,2
6169,2.6789565,4.4797378,5
6170,6.9081697,4.9087253,3
6171,2.5247295,4.529081,5
6172,3.6195629,-1.4486959,2
6173,-5.35523,10.112065,7
6174,0.7729717,12.62641,9
6175,7.0585356,4.935816,3
6176,-3.9217577,9.990298,7
6177,3.0122063,5.0665135,5
6178,10.183117,3.361868,6
6179,15.776417,8.568664,0
6180,2.552774,4.9969554,5
6181,-2.2936594,-1.5213403,1
6182,5.920665,6.4165106,3
6183,-3.5145512,0.29619083,1
6184,1.1894674,14.469502,4
6185,5.7601686,4.7464104,3
6186,-1.716998,-3.6055794,1
6187,0.8413232,6.7583194,8
6188,3.2955356,6.5199065,5
6189,-1.0030516,15.156644,4
6190,2.1554883,-0.4827453,2
6191,-0.50432503,10.46695,9
6192,-2.8725865,-2.6283646,1
6193,-1.2111464,15.057166,4
6194,11.1696615,4.2176933,6
6195,2.9480042,5.1018515,5
6196,1.4471008,7.401408,8
6197,-3.1357033,1.0371219,1
6198,4.528349,6.9619803,5
6199,0.49052784,5.960237,8
6200,4.830313,7.438855,5
6201,11.735367,4.561526,6
6202,-1.5756168,13.4495535,7
6203,0.2397443,6.5722528,8
6204,2.454085,-0.1772567,2
6205,-0.83042705,10.235445,9
6206,-1.5650632,-3.7668588,1
6207,15.876123,6.6763554,0
6208,-2.9151967,-1.2235625,1
6209,-2.52865,-0.27407905,1
6210,1.1284206,14.33756,4
6211,2.4247482,-0.079327606,2
6212,1.5859532,-0.25602397,2
6213,6.8013606,4.266625,3
6214,0.84327966,7.057436,8
6215,-1.0169293,13.8438835,4
6216,6.7397594,6.0282073,3
6217,3.5826945,6.4855194,5
6218,-0.2831651,13.4350605,4
6219,10.9726095,3.9577587,6
6220,-1.1302451,13.790166,4
6221,-4.4047236,10.740449,7
6222,3.458687,-0.9061701,2
6223,0.18225814,6.38172,8
6224,-3.6606715,9.349992,7
6225,0.00889292,11.112286,9
6226,-2.4283102,-2.698778,1
6227,15.796497,6.3989253,0
6228,14.217207,7.0879955,0
6229,-3.646196,0.24035347,1
6230,5.9116316,6.355107,3
6231,2.846354,-0.11751486,2
6232,-3.1413531,-1.8694738,1
6233,6.69114,4.3125134,3
6234,1.5194186,11.979176,9
6235,-1.2214587,13.833031,4
6236,10.093005,3.9073393,6
6237,3.8206892,6.4463468,5
6238,2.15645,12.497198,9
6239,11.234353,4.086728,6
6240,1.523134,7.0667586,8
6241,-4.502074,10.86455,7
6242,1.7932192,6.9765363,8
6243,-0.086872675,6.179878,8
6244,-2.1501822,-3.2955759,1
6245,15.865995,6.6833777,0
6246,9.939138,3.3092074,6
6247,-3.0993798,-0.20707174,1
6248,-4.2369976,9.147362,7
6249,2.7582083,-0.0870873,2
6250,-3.2663732,9.114517,7
6251,6.684007,4.2475705,3
6252,1.6059477,-0.24990295,2
6253,-0.2674919,14.514179,4
6254,-1.6436484,12.8402605,1
6255,3.29848,5.272825,5
6256,0.729243,14.9534025,4
6257,11.103175,4.039131,6
6258,0.6073838,14.899427,4
6259,-4.773481,11.065414,7
6260,-0.76940084,12.853027,4
6261,0.31130168,6.3110356,8
6262,-3.5126617,-0.64211434,1
6263,-0.966477,10.820584,9
6264,3.3743765,6.3356905,5
6265,11.019626,3.9486847,6
6266,11.370073,4.874359,6
6267,10.839185,4.493309,6
6268,0.28027606,13.941715,4
6269,14.920515,5.6912203,3
6270,2.0083249,-0.4324871,2
6271,-1.0048771,13.877491,4
6272,-1.1876374,11.909528,9
6273,3.9148014,-0.79929775,2
6274,4.5264826,6.714245,5
6275,-0.048226245,6.3311834,8
6276,3.1441398,5.1048884,5
6277,-3.6219409,-0.32273266,1
6278,-4.120277,11.047502,7
6279,15.329512,5.8978114,0
6280,-5.2044053,12.246053,7
6281,11.056873,4.4347887,6
6282,5.9332457,5.6147246,3
6283,-1.0588037,13.921657,4
6284,0.9237936,7.7399035,8
6285,0.3056512,11.09267,9
6286,6.608647,5.432074,3
6287,-4.5855,10.883884,7
6288,1.0027456,6.5971713,8
6289,2.5882323,-0.010433746,2
6290,4.689715,6.8870792,5
6291,6.7804914,4.010572,3
6292,14.683482,6.564026,0
6293,6.091448,3.91693,3
6294,-1.4587116,10.901935,9
6295,0.027135843,11.20912,9
6296,15.815213,8.483139,0
6297,6.3374524,4.2037845,3
6298,5.2818623,5.9431305,3
6299,6.5205464,4.204286,3
6300,4.5487213,7.1691937,5
6301,0.887154,11.447602,9
6302,14.878733,8.158662,0
6303,-3.5719688,0.27839544,1
6304,-3.6945267,11.5002775,7
6305,3.2382908,4.7574873,5
6306,1.8001488,12.622746,9
6307,2.8135378,-0.08107015,2
6308,1.6589757,14.362871,4
6309,6.749588,4.1991634,3
6310,0.22983079,12.346937,9
6311,-2.7715204,-1.078826,1
6312,-0.8715551,14.528822,4
6313,11.532878,4.8312917,6
6314,1.0500876,14.740437,4
6315,-4.656537,10.8898,7
6316,14.055349,7.1207204,0
6317,6.562155,4.2424555,3
6318,-2.4808118,-2.0677288,1
6319,-4.43683,10.446641,7
6320,14.025099,7.1320214,0
6321,1.1245545,6.0704713,8
6322,0.58118063,6.621595,8
6323,-1.4450325,14.046254,4
6324,3.3756988,6.5522785,5
6325,16.15531,6.5772276,0
6326,14.638093,7.0208282,0
6327,2.8377464,-0.07089318,2
6328,-2.4120247,-2.3311584,1
6329,-1.199339,14.135184,4
6330,15.847953,7.1785445,0
6331,15.3341,5.9210405,0
6332,15.036783,6.7168064,0
6333,-4.8201084,11.18217,7
6334,-1.4318069,11.18748,9
6335,0.24759449,6.4011865,8
6336,-0.30280808,13.963603,4
6337,15.5654955,6.1819205,0
6338,11.432951,3.3703663,6
6339,-4.4852233,10.853718,7
6340,6.7484922,5.3964972,3
6341,15.052789,6.5127587,0
6342,5.184021,5.250656,3
6343,10.889825,4.6896234,6
6344,4.2203436,-1.3856556,2
6345,1.5469884,11.760712,9
6346,3.4291306,5.479286,5
6347,6.719569,4.130399,3
6348,3.4904006,0.5955314,2
6349,3.846857,-0.64326143,2
6350,6.177,6.332454,3
6351,-1.1452075,13.915445,4
6352,3.8462863,6.607336,5
6353,0.45523044,6.0346975,8
6354,2.1243885,6.9112287,8
6355,11.422503,4.8791614,6
6356,-3.974755,-0.121497,1
6357,15.072816,6.577685,0
6358,-4.9600515,10.698943,7
6359,3.642484,5.4673896,5
6360,1.7409697,-0.49206883,2
6361,-3.8483427,9.910797,7
6362,4.7872753,5.504945,3
6363,4.5497413,6.722859,5
6364,2.2152267,7.5399766,8
6365,-3.7839913,-0.25033292,1
6366,-2.665047,-3.3485677,1
6367,15.775117,6.296691,0
6368,1.1291306,12.279779,9
6369,-0.0019820167,6.5130553,8
6370,3.4416742,7.219939,5
6371,-4.012436,0.48071864,1
6372,-4.073282,-0.027591027,1
6373,11.138749,4.2632327,6
6374,4.526365,7.276752,5
6375,-5.0727463,11.116701,7
6376,1.3315134,11.967699,9
6377,2.9124973,-0.09109214,2
6378,-3.4779859,10.7881775,7
6379,-0.06376847,10.959246,9
6380,-3.5653253,-1.1387198,1
6381,-4.6273355,10.89853,7
6382,-0.404809,12.064382,9
6383,0.97107375,11.477291,9
6384,-1.8308046,-1.4554977,1
6385,3.1349874,5.5966477,5
6386,2.2738526,0.1993223,2
6387,10.656582,4.0877323,6
6388,10.495178,3.0072143,6
6389,3.140393,5.1256347,5
6390,0.5284672,5.7772703,8
6391,2.5407495,-0.06846931,2
6392,10.654504,3.1515589,6
6393,10.920651,3.94657,6
6394,14.998199,8.216387,0
6395,-3.4499009,-1.023113,1
6396,10.466673,4.948476,6
6397,-4.6071854,10.962315,7
6398,5.183007,4.9690347,3
6399,4.4904666,6.6873884,5
6400,15.098356,8.3250475,0
6401,4.5182943,6.676918,5
6402,10.823335,2.7603135,6
6403,-4.6135583,10.861222,7
6404,1.1551522,7.213407,8
6405,6.607297,4.1688595,3
6406,14.692872,8.762262,0
6407,3.848686,6.165579,5
6408,-2.502891,-2.1261895,1
6409,15.833613,6.2946,0
6410,5.8294225,5.219102,3
6411,-3.7937396,-0.26315227,1
6412,3.864192,7.0383954,5
6413,-3.5544808,0.39850694,1
6414,3.292822,-1.5047461,2
6415,6.5721526,4.190252,3
6416,-2.173302,-1.6062427,3
6417,0.57275796,6.095521,8
6418,10.547461,4.445335,5
6419,-2.7452714,-0.76735765,1
6420,6.4588156,6.6309886,3
6421,16.71119,7.6721587,0
6422,14.70173,6.799787,0
6423,-3.7015533,1.4478291,1
6424,1.6654394,14.531784,4
6425,3.3554964,-1.4009109,2
6426,5.0698595,7.271196,5
6427,6.81602,4.771797,3
6428,3.083923,0.749735,3
6429,-1.0981746,14.338688,4
6430,5.142978,5.791035,3
6431,3.2515068,5.0201435,5
6432,-3.3336647,8.5377245,7
6433,11.601582,5.123879,6
6434,2.9215662,6.5401516,5
6435,-4.7381573,10.645343,7
6436,-1.672169,-2.5196254,1
6437,0.641651,6.8930974,8
6438,1.1835026,12.40941,9
6439,-1.1458646,11.055555,9
6440,6.1952467,5.4651766,3
6441,16.670967,7.1397953,0
6442,3.9832506,-1.685086,2
6443,-4.3036456,2.1967416,1
6444,14.724325,8.724969,0
6445,4.6868153,-0.91969883,2
6446,14.0382805,7.762589,0
6447,6.516158,3.8514023,3
6448,10.989957,2.4191926,4
6449,-1.4050658,14.981812,4
6450,6.6957407,6.583836,3
6451,2.7551544,4.562673,5
6452,11.393449,5.6989183,6
6453,11.197712,3.0522792,6
6454,0.088200964,14.236298,4
6455,-3.410317,9.053382,7
6456,10.400831,4.499516,6
6457,-0.7051321,5.7044663,8
6458,-1.3586044,-3.263044,1
6459,-1.9364518,9.986967,9
6460,0.17577778,12.269108,9
6461,16.818367,7.0847826,0
6462,0.659935,14.787361,4
6463,-4.0714946,2.3353484,1
6464,9.93724,2.627558,6
6465,4.282261,-0.9644837,2
6466,15.880908,7.2199874,2
6467,5.844464,5.1085763,3
6468,14.627627,8.682598,0
6469,-1.2277489,14.849593,4
6470,1.2805622,7.6492844,8
6471,2.755018,4.6254644,5
6472,3.190482,6.824822,5
6473,10.86271,2.636718,6
6474,10.89504,2.3613124,6
6475,-4.548283,10.312437,7
6476,-5.1701684,11.792941,7
6477,-0.17867205,5.779954,8
6478,1.9590539,-0.35259032,2
6479,-1.28134,10.995833,9
6480,2.6306756,-0.9381083,2
6481,-4.4637184,9.878591,7
6482,10.859107,4.3060985,6
6483,-1.8214178,13.646025,4
6484,0.9141312,14.207307,4
6485,-4.865462,10.507971,7
6486,10.02894,4.158103,6
6487,-3.9990776,10.774957,7
6488,-2.5800982,-2.9404876,1
6489,5.5858436,4.280941,3
6490,-1.3556745,13.906076,4
6491,-0.7314116,11.198776,9
6492,1.680721,-0.77472943,2
6493,0.28269696,5.7815857,8
6494,2.768119,-1.3933821,2
6495,-0.15899642,5.423666,8
6496,16.270699,8.615223,0
6497,5.4948688,4.1503716,3
6498,3.6974785,6.9203525,8
6499,-3.0473735,0.36343244,1
6500,5.870265,4.9716644,3
6501,2.5446851,4.602503,5
6502,14.410876,7.8723335,0
6503,-0.5427665,6.2812433,8
6504,6.194809,6.78411,5
6505,4.0353813,-1.3190364,2
6506,0.3911195,6.6161523,8
6507,-5.1643324,10.849206,7
6508,0.82915497,6.9277077,8
6509,10.992671,3.6198537,6
6510,-4.0192766,9.796657,7
6511,-2.451391,-0.4204102,1
6512,0.89948773,6.0435476,8
6513,4.077082,6.0565906,5
6514,1.7611355,12.7927475,9
6515,2.466644,-0.19859903,2
6516,5.3675,4.717009,3
6517,11.572908,4.7877784,6
6518,1.964373,12.5788145,9
6519,-0.31244397,14.5621195,4
6520,0.72079355,10.86367,9
6521,-3.9237795,-0.150779,1
6522,6.431445,3.8761814,3
6523,-0.06093475,6.48873,8
6524,5.0468316,7.361192,5
6525,-4.753253,10.410085,7
6526,11.738278,5.924404,6
6527,3.3881946,6.0527153,5
6528,-4.1958427,11.052077,7
6529,3.209654,5.2394524,5
6530,-2.6031601,-0.66991794,1
6531,-3.7617085,1.1696429,1
6532,0.08321421,13.497384,4
6533,-0.2974738,5.3088427,8
6534,0.5105903,7.227119,8
6535,-1.0771408,10.701067,9
6536,1.5046352,14.216566,4
6537,-3.5704427,0.15843485,1
6538,15.658359,7.996629,0
6539,6.335036,4.8001966,3
6540,1.370462,-0.6193854,2
6541,10.542263,4.3040986,6
6542,-1.1145864,11.067522,9
6543,6.69926,4.928484,3
6544,0.8462297,6.3568625,8
6545,5.7562447,5.3547997,3
6546,-2.1770897,14.701726,4
6547,4.3286915,-1.177693,2
6548,10.194966,3.133483,6
6549,3.4892528,-1.2815003,2
6550,-4.926517,10.44918,7
6551,10.893075,4.4037447,6
6552,0.8847804,14.351864,4
6553,10.833239,2.7922795,6
6554,-4.1574306,1.3489165,1
6555,3.6966193,5.4670753,5
6556,-0.08194645,12.983947,4
6557,3.216207,5.3044896,5
6558,-1.8265848,-3.9165547,1
6559,6.488091,4.04266,3
6560,1.2074261,13.637569,4
6561,7.0219283,4.9887643,3
6562,10.680991,3.044015,6
6563,0.11760995,5.6940255,8
6564,1.7159954,12.591139,9
6565,-3.5405,0.1342634,1
6566,-4.1128035,10.645555,7
6567,10.889693,3.100141,6
6568,-3.0836554,0.5485354,1
6569,3.19839,5.1545405,5
6570,-2.184492,-3.2154665,1
6571,10.928941,2.8902404,6
6572,10.565748,3.4432104,6
6573,-0.09504327,5.4865193,8
6574,11.621385,5.2113566,6
6575,-2.6067252,-2.0871146,1
6576,6.354731,6.552631,3
6577,0.08760667,11.377198,9
6578,10.801398,5.2436833,6
6579,-4.3893,10.752314,7
6580,2.0843072,7.6257505,8
6581,11.038441,3.9639206,6
6582,4.6841846,7.9883423,8
6583,0.17328526,5.707524,8
6584,5.8231306,6.7616053,3
6585,5.719063,4.774616,3
6586,-0.92185515,-3.4353058,1
6587,-4.5336304,10.600633,7
6588,1.730137,12.362419,9
6589,-1.1486703,11.001206,9
6590,-4.3920755,11.626813,7
6591,15.38338,5.941684,0
6592,6.5169263,4.775893,3
6593,15.934336,6.7616777,0
6594,5.7821546,5.004395,3
6595,6.4562454,4.0192623,3
6596,0.9946979,14.460557,4
6597,-4.1272445,9.870869,7
6598,1.7141598,14.553179,4
6599,-1.0192105,10.938732,9
6600,-3.8643856,11.499536,7
6601,5.3546925,4.2876787,3
6602,10.226195,3.7455416,6
6603,16.018772,7.1143613,0
6604,5.995405,7.7336617,8
6605,4.1149664,-1.1851394,2
6606,0.7829175,5.852162,8
6607,16.263533,7.0404105,0
6608,-0.043486863,13.303253,4
6609,-2.4068484,-1.1178886,1
6610,4.8609676,7.3224587,5
6611,15.37355,7.0224576,0
6612,5.8638725,4.88436,3
6613,-3.1814642,0.15818907,1
6614,14.914877,8.487594,0
6615,16.397854,7.4828825,0
6616,-4.232522,11.750896,7
6617,-3.2182696,-0.27389616,1
6618,-0.74323326,6.1603217,8
6619,15.811708,7.283622,0
6620,-0.002412141,6.39432,8
6621,-1.512417,14.135058,4
6622,0.80508345,6.1259165,8
6623,-3.6884878,10.0335045,7
6624,4.013718,-1.6426721,2
6625,-0.8432526,10.960959,9
6626,3.5605602,-1.773858,2
6627,4.3170834,-0.9014316,2
6628,1.9876004,-0.79314667,2
6629,15.797753,6.4478626,0
6630,14.535639,6.3571043,0
6631,11.290892,3.5177174,6
6632,5.700599,5.22487,3
6633,3.16088,0.4679948,2
6634,-0.723467,11.1586,9
6635,11.418723,3.4506302,6
6636,-1.4453219,-3.8340158,5
6637,3.2630768,-0.84537065,2
6638,10.880699,4.475955,6
6639,3.4545326,-0.76232845,2
6640,-1.3599209,-2.3050034,1
6641,-0.7718383,10.261104,9
6642,2.7682087,-1.0859116,2
6643,-1.5427258,9.663217,9
6644,4.8115087,6.5797706,5
6645,14.255106,7.31994,0
6646,5.109094,7.394089,5
6647,-2.7781808,-2.2676153,1
6648,14.313969,7.797892,0
6649,3.1489253,-1.0892302,2
6650,-3.5323868,10.893953,7
6651,5.5370193,5.1703115,3
6652,0.7287382,13.460118,4
6653,-0.4702907,13.327137,4
6654,-1.4149358,-2.7044206,1
6655,3.338639,6.014325,5
6656,1.0155678,14.68515,4
6657,10.868989,3.69337,6
6658,0.104814894,11.77544,3
6659,0.9124988,6.6489816,8
6660,5.3898544,7.2376757,5
6661,-0.7073803,12.089551,9
6662,5.5058045,5.3758388,3
6663,14.898623,6.051975,0
6664,5.7428246,6.784482,5
6665,-2.339441,-3.106363,1
6666,-5.1257033,12.304016,7
6667,5.6043625,5.4926367,3
6668,4.933091,4.968713,9
6669,-1.1206781,13.580442,4
6670,11.016459,5.617588,6
6671,3.5084703,5.656823,5
6672,0.14080448,14.354807,4
6673,10.679992,2.9844146,6
6674,-0.8908919,13.468817,4
6675,-4.058586,9.996541,7
6676,14.1783495,7.678087,0
6677,1.0440148,6.968188,8
6678,-2.116789,-3.87099,1
6679,-1.2721126,11.618445,9
6680,4.6055512,7.310867,5
6681,14.531301,7.066047,0
6682,-2.2017963,-2.6028132,1
6683,-1.8348304,-1.5804752,1
6684,14.191845,7.126305,0
6685,3.104144,-0.85424024,2
6686,-3.5914445,9.248549,7
6687,5.2018857,4.867128,3
6688,-5.017699,9.463732,7
6689,-1.103547,13.740545,4
6690,10.547484,3.1333213,6
6691,3.762972,6.0462284,5
6692,11.7635145,5.966671,6
6693,11.130266,2.9344635,6
6694,0.8647676,11.86308,9
6695,-4.0135303,9.853996,7
6696,-3.9796038,10.351664,7
6697,0.44328505,6.2309556,8
6698,-1.6207348,-4.005901,1
6699,-1.5818822,10.718385,9
6700,15.489445,8.227726,0
6701,-2.1481218,-0.8912327,1
6702,-1.3949072,-4.257224,1
6703,0.5021982,6.1570354,8
6704,15.364085,7.901155,0
6705,10.85141,3.6878014,6
6706,5.708062,6.601656,3
6707,-3.4378958,9.781372,7
6708,16.192411,8.687114,0
6709,-2.6066198,-0.26228386,1
6710,5.2455473,5.89947,3
6711,5.1316733,4.8155227,3
6712,3.449098,6.653172,5
6713,-3.7187684,10.617675,7
6714,0.09354825,12.79067,4
6715,-3.77094,9.633231,7
6716,0.87311256,14.246859,4
6717,-1.3051631,10.760217,9
6718,-1.4397137,-3.7412121,1
6719,5.5593367,4.4579787,3
6720,10.308429,4.06145,6
6721,11.165006,3.52439,6
6722,-5.0982466,12.377,7
6723,14.881514,6.4041276,0
6724,0.99590033,14.745447,4
6725,3.3529859,-1.2722614,2
6726,11.622052,6.5146546,6
6727,10.495682,2.9954376,6
6728,1.3108068,6.523195,8
6729,-1.9161093,14.11418,4
6730,14.113738,8.01891,0
6731,0.46098703,6.724123,8
6732,11.50736,6.280341,6
6733,-1.4012786,13.824534,4
6734,0.789202,12.047686,9
6735,10.377227,2.9158063,5
6736,-4.2312574,2.0558949,1
6737,15.056967,5.9805493,0
6738,14.430744,8.080279,0
6739,5.4575725,4.294019,3
6740,-4.2646027,11.087169,7
6741,-0.8781375,11.170531,9
6742,10.97573,5.366176,6
6743,3.2597842,-0.98516864,2
6744,0.17501518,6.7935214,8
6745,-2.6153204,-0.5782232,1
6746,3.6073644,5.420214,8
6747,-3.5101707,-0.49151123,1
6748,-1.4350687,-2.470888,1
6749,3.1320474,5.4373636,5
6750,6.8220787,5.9585266,3
6751,-0.36949015,10.794903,9
6752,-3.9633088,10.805711,7
6753,-1.4615943,14.573427,4
6754,5.331752,5.104974,3
6755,3.9949481,-0.5340458,2
6756,-4.3719606,11.286372,7
6757,14.833097,7.407835,0
6758,15.369068,8.42631,0
6759,-1.1510994,14.376444,4
6760,0.6578189,6.4877143,8
6761,-0.7907818,14.374779,4
6762,6.145706,4.974479,3
6763,15.042531,5.92948,0
6764,2.4117477,-0.16418837,2
6765,-0.77236736,11.165557,9
6766,6.2793784,6.744209,3
6767,10.891953,4.164284,6
6768,15.599889,6.532909,0
6769,-0.74924916,11.782118,9
6770,-3.2821074,9.009807,7
6771,3.0166044,-0.8082307,2
6772,3.7419758,5.422206,5
6773,3.1879182,-1.0063016,2
6774,0.1974658,6.9837785,8
6775,-2.2069752,-1.1337678,1
6776,5.2722363,7.140604,5
6777,-4.110708,10.87739,7
6778,-0.9903227,12.508199,4
6779,-1.15662,10.648622,9
6780,2.501124,-0.0872225,2
6781,2.935672,5.7109866,5
6782,4.6143093,7.177502,5
6783,-3.2389092,0.74322987,1
6784,6.8164372,6.3945684,3
6785,-3.2690458,0.49023563,1
6786,5.045723,7.5941243,5
6787,-1.1383545,10.598328,9
6788,1.5447452,6.8973956,8
6789,10.255211,2.553616,6
6790,0.47313213,12.058005,9
6791,14.968466,6.4289207,0
6792,1.0335232,6.2056594,8
6793,-1.6229181,-1.7591974,1
6794,0.5134087,13.8863945,4
6795,0.5212911,6.9990163,8
6796,10.5279045,3.5676444,6
6797,-1.691734,13.817798,4
6798,0.04071859,12.658647,4
6799,10.270673,2.9965143,6
6800,10.908321,2.8248725,6
6801,0.31447574,5.958719,8
6802,15.069144,8.857268,0
6803,0.64231807,6.732233,8
6804,0.4519837,14.00787,4
6805,3.0590367,-1.0118098,2
6806,0.7980286,6.948113,8
6807,10.106116,3.1791677,6
6808,-0.93183464,6.495934,8
6809,5.1201215,4.7880635,3
6810,-0.42402112,12.725386,4
6811,3.0650806,-0.9076975,2
6812,-1.31427,13.826855,4
6813,-0.9392316,11.745377,9
6814,0.6418122,6.1058655,8
6815,3.7027698,-0.9514572,2
6816,-2.6723845,-0.28582585,8
6817,-2.00482,14.193772,4
6818,-4.1370764,10.169524,7
6819,15.332916,5.676856,0
6820,0.64628166,11.758685,9
6821,-0.6085728,10.884407,9
6822,-1.4220157,-2.1056762,1
6823,15.694049,6.3177814,0
6824,-5.396999,10.411405,7
6825,6.1006937,4.60885,3
6826,5.830162,5.4494324,3
6827,5.1743574,4.772302,3
6828,9.991641,2.7986646,6
6829,3.5082433,6.2786236,5
6830,3.0024748,6.684908,5
6831,0.2991212,6.0479617,8
6832,14.018618,6.9703746,0
6833,-1.3928926,14.163183,4
6834,-2.3908749,-3.744337,1
6835,-3.9158812,10.715162,7
6836,4.9514623,7.6353807,5
6837,10.978485,3.7045987,6
6838,-0.33992052,11.674911,9
6839,3.0881088,-0.87736666,2
6840,5.3165812,7.245235,5
6841,3.5609965,-0.9975143,2
6842,-0.34981725,10.773293,9
6843,-3.5124328,9.347791,7
6844,6.1873746,6.7969937,3
6845,-3.7000482,9.664708,7
6846,3.1658134,-0.27113155,2
6847,15.835295,6.765743,0
6848,14.544731,7.3872666,5
6849,2.8194551,5.51213,5
6850,-0.9890064,11.723269,9
6851,-3.2485244,1.1470729,1
6852,5.10502,7.84241,5
6853,3.2998767,5.2935534,5
6854,11.526499,4.4405284,6
6855,6.5118365,4.4426546,3
6856,6.2805243,5.7263346,3
6857,14.860705,7.880709,0
6858,-3.1325595,9.093738,3
6859,-1.3422174,-3.0416248,1
6860,1.9402772,-0.101030916,2
6861,3.6494474,-0.045277692,2
6862,-3.2912445,10.327152,7
6863,5.6643734,5.0385737,3
6864,-2.6436832,-2.7408097,1
6865,0.059257936,14.325967,4
6866,-5.248384,11.924374,7
6867,2.6846614,4.7537513,5
6868,4.5952005,7.259801,5
6869,10.538283,4.550936,6
6870,-1.6156924,-2.9242244,1
6871,-3.9252791,10.235471,7
6872,1.8052466,12.21566,9
6873,0.41297004,7.084653,8
6874,10.097634,3.0405598,6
6875,15.829835,7.493049,0
6876,10.106437,3.025439,6
6877,-3.3975985,-0.2695971,1
6878,-5.0683413,12.289977,7
6879,-1.9085764,10.435423,4
6880,-3.124429,-1.8662144,1
6881,-4.2921324,8.696304,7
6882,-5.36278,11.326957,7
6883,16.424963,7.6059246,0
6884,5.610814,7.284244,5
6885,-0.03726416,5.752651,1
6886,-0.38564053,10.993069,9
6887,-0.48737493,14.583658,4
6888,4.2088714,6.642856,5
6889,-5.2125807,10.093558,7
6890,1.2032548,14.788806,4
6891,0.09348336,6.085715,8
6892,6.780591,5.9458303,3
6893,-2.0149796,9.631667,9
6894,6.9689875,6.2032943,3
6895,10.329539,4.4307947,6
6896,2.0912135,7.087429,8
6897,1.0481561,7.341637,8
6898,6.7533126,6.5856657,3
6899,4.14291,-1.6399409,2
6900,-3.9285054,-0.16041867,1
6901,-0.33038086,13.684665,4
6902,-4.805651,10.591777,7
6903,10.39548,3.0099711,6
6904,5.6208143,4.188747,3
6905,-0.5997171,5.972485,8
6906,6.2798576,6.6954384,3
6907,10.57954,3.0875835,6
6908,-4.30788,10.500717,7
6909,10.313043,3.3440487,6
6910,2.3931713,-0.7951017,2
6911,-4.9575963,10.483842,7
6912,5.7394114,5.0012603,3
6913,-2.4684703,-1.6715007,1
6914,-0.6983192,11.2095175,7
6915,-4.6660466,9.246384,7
6916,0.511089,6.3515906,8
6917,15.357846,7.216001,0
6918,2.214388,12.6074095,9
6919,3.243058,-0.2679805,2
6920,6.936601,5.67685,3
6921,3.1355975,0.31691518,2
6922,-0.8063358,11.01203,9
6923,15.469538,7.025982,0
6924,0.668569,6.614663,8
6925,-3.181007,0.25128204,1
6926,-0.8934618,-3.2347746,1
6927,11.331239,3.9451787,6
6928,15.307892,7.9166307,0
6929,2.7641928,4.7134624,5
6930,10.120814,4.1997027,6
6931,-2.6303384,-0.7878176,1
6932,-4.3013463,11.255495,7
6933,3.361903,0.39252067,2
6934,2.1252532,12.272603,9
6935,15.47861,7.6178055,0
6936,3.278921,6.6143994,5
6937,3.4986765,-0.4197063,2
6938,1.0607885,6.1601515,8
6939,6.58631,4.0723042,3
6940,1.4097072,6.120922,8
6941,0.46169534,14.830961,4
6942,1.0110729,5.9661694,8
6943,-0.73650694,5.956446,8
6944,3.9947977,-0.8960115,2
6945,7.053987,5.2999163,3
6946,-4.204901,1.3223946,1
6947,-4.399311,10.270376,7
6948,3.009346,-1.5395112,2
6949,-1.3339907,14.341184,4
6950,0.70796716,11.640628,9
6951,-2.5950353,-0.37597454,1
6952,0.55455154,7.47148,8
6953,-4.6419945,9.438632,7
6954,10.153789,3.3169715,6
6955,-0.29071185,14.437475,4
6956,-3.5803673,11.405171,7
6957,-0.48517013,6.0681562,8
6958,14.479913,7.161458,0
6959,6.1570926,3.8199189,3
6960,14.318541,7.9728026,0
6961,-0.45980033,10.940016,9
6962,1.6008046,7.2377787,8
6963,10.489905,3.9651284,6
6964,-0.22121798,11.507553,9
6965,-4.906714,11.430812,7
6966,5.718562,5.0539765,3
6967,15.450638,7.3300657,0
6968,15.882716,7.514828,0
6969,-0.6203851,10.904022,9
6970,14.403409,6.9286723,0
6971,10.3039665,3.2542465,6
6972,14.172265,7.829295,0
6973,15.61049,6.558086,0
6974,3.0610151,-1.2209644,2
6975,10.313034,3.0942435,6
6976,5.565154,5.7395353,8
6977,-3.1418884,-2.0344894,1
6978,3.059315,6.5650473,5
6979,15.643657,7.1418524,0
6980,6.142081,7.333432,5
6981,3.559415,5.402366,5
6982,11.294666,5.1118484,6
6983,2.3631308,4.5410275,5
6984,4.707469,7.1454787,5
6985,-3.635338,0.63810635,1
6986,-4.710041,11.119193,7
6987,15.640994,6.8658543,0
6988,5.522197,7.2186174,5
6989,-3.6048734,-1.1746186,1
6990,0.29540372,13.454747,4
6991,15.332205,6.0862775,0
6992,2.2443752,-0.2023088,2
6993,-0.33074087,10.970798,9
6994,0.92191935,7.2147717,8
6995,-0.90200216,13.83079,4
6996,-0.537805,12.8129425,4
6997,3.049748,5.2280254,5
6998,-2.656285,-1.9773048,1
6999,-0.21288309,10.941064,9
7000,1.485652,7.3003554,8
7001,-5.180984,10.812328,7
7002,1.4905967,14.657194,4
7003,16.303572,6.673642,0
7004,14.351494,6.999975,0
7005,3.2447433,-1.0654491,2
7006,4.7918487,6.20111,9
7007,-2.869413,0.106062435,1
7008,11.457639,5.9352107,6
7009,-1.4128376,11.153015,4
7010,1.4199528,14.456898,7
7011,-2.3408072,9.842174,4
7012,15.678343,6.263433,0
7013,0.29148147,10.99943,9
7014,2.1794012,-0.49001357,2
7015,10.05519,2.5467005,6
7016,0.30666605,12.295194,9
7017,-4.425923,9.889513,7
7018,16.299047,7.7435207,0
7019,-0.60147756,15.000675,4
7020,-1.1237017,-2.8010352,1
7021,-0.34260604,5.937641,8
7022,-3.2475731,-1.2527783,1
7023,-0.7613068,10.926604,9
7024,4.1508923,7.312406,5
7025,15.469687,7.918801,0
7026,1.0294988,6.92584,8
7027,-2.5713334,-0.22439872,1
7028,-4.894651,9.721544,7
7029,4.358419,-1.4150758,2
7030,5.9819875,5.0816083,3
7031,6.735141,3.8715258,3
7032,4.559721,6.5382714,5
7033,-5.4158835,11.833148,7
7034,2.2525544,7.240188,8
7035,0.30048648,6.48966,8
7036,-0.36375937,12.915105,4
7037,15.719278,7.1972365,0
7038,15.404833,8.364932,0
7039,-3.5916126,1.5026807,1
7040,-1.5863019,-2.1015046,1
7041,4.4210916,-1.1221788,2
7042,2.180963,7.222359,8
7043,5.911242,4.1582837,3
7044,4.8518095,7.404945,5
7045,-1.3947653,14.840341,4
7046,6.8851447,6.1655416,3
7047,3.0366907,4.495365,5
7048,-0.52251637,5.227473,8
7049,10.36093,2.2435653,6
7050,14.873769,8.706908,0
7051,0.41815245,6.513439,8
7052,14.6178875,8.694099,0
7053,-1.8995905,10.085348,9
7054,-4.0352054,10.629515,7
7055,15.644904,7.625066,0
7056,0.31236818,11.831892,9
7057,-3.7785604,1.1640278,1
7058,1.7989963,-0.3969791,3
7059,-4.5118675,8.7905855,7
7060,-2.2918723,-3.321892,1
7061,-2.0993288,9.764398,9
7062,15.399773,8.9711895,0
7063,10.769653,3.2628047,6
7064,11.251941,5.854892,6
7065,5.699037,4.079981,3
7066,14.610405,7.142509,0
7067,5.911952,4.51367,3
7068,3.6673813,7.0702667,5
7069,-1.5285138,10.912314,9
7070,0.01891481,10.964536,9
7071,-1.8208101,10.300665,9
7072,4.4057155,-1.8738683,2
7073,2.989472,4.91601,5
7074,-1.3756627,-3.3527198,1
7075,-3.85594,2.3978965,1
7076,1.9611366,7.003375,8
7077,-2.0181143,14.679905,4
7078,-2.9284186,-0.018578313,1
7079,4.6955233,-0.94466215,2
7080,5.4581814,6.984433,3
7081,3.0490203,5.124286,5
7082,2.5309448,-1.2338166,2
7083,-1.8100461,15.371304,4
7084,-2.3572156,-2.8575087,1
7085,-5.429455,11.203124,7
7086,10.735739,5.0636353,6
7087,-2.0012293,10.135857,9
7088,2.394748,-0.46756938,2
7089,-3.5755491,1.4082998,1
7090,1.5322211,14.607736,4
7091,3.64142,5.0203567,5
7092,-4.831606,10.208056,7
7093,4.521994,-1.0813888,2
7094,0.556617,12.366628,9
7095,11.008598,2.8907247,6
7096,11.502721,6.2300673,6
7097,5.8392158,3.518195,3
7098,2.1395032,12.570941,9
7099,-3.2959392,9.1951885,7
7100,0.98048156,13.687595,4
7101,-0.17134248,5.7059784,8
7102,11.7352,5.958319,6
7103,3.9955492,6.046737,5
7104,11.703909,5.4750376,6
7105,-3.5991197,1.4468398,1
7106,5.9806523,6.0368814,3
7107,4.513181,-1.3089737,2
7108,0.7936599,12.229158,9
7109,10.67859,3.163402,6
7110,0.2409986,12.1394005,9
7111,10.570121,2.8564224,6
7112,3.5258415,5.7194085,5
7113,-5.3347435,11.180989,7
7114,3.5230343,7.320034,5
7115,0.31515765,6.617111,8
7116,-1.8564401,-3.82493,1
7117,0.24944091,6.075079,8
7118,0.21532291,12.107965,9
7119,-3.26816,0.5053705,1
7120,1.0480034,14.217894,4
7121,0.1625328,5.4500613,8
7122,1.1178442,7.394962,8
7123,6.0592213,3.7456698,3
7124,0.9049397,13.501666,4
7125,-4.3567643,8.4427,7
7126,10.457202,2.8708403,6
7127,15.198995,5.9213934,0
7128,14.461615,8.4698925,0
7129,14.922049,6.622849,0
7130,15.149244,6.417485,0
7131,-3.4236913,0.182563,1
7132,5.6180964,4.832327,3
7133,2.7894611,5.4698114,5
7134,6.119574,6.4137125,3
7135,16.245068,7.31412,0
7136,6.5291123,4.074816,8
7137,3.4064827,5.4390087,5
7138,-1.371483,-2.50022,1
7139,3.9223971,-0.968825,2
7140,4.5023913,-1.3512076,2
7141,0.03708456,6.0579104,8
7142,2.0141447,7.0449896,8
7143,15.603228,6.293475,0
7144,4.0525436,7.524348,5
7145,-1.9365339,15.22935,4
7146,14.645944,5.594582,2
7147,6.13967,3.8416054,3
7148,0.1406054,12.290553,9
7149,-3.9045997,-0.28893712,1
7150,5.609649,5.48555,3
7151,0.33037418,5.71567,8
7152,0.65630895,14.252425,4
7153,4.483786,-1.1286029,2
7154,5.435897,7.1489296,5
7155,-2.0211763,10.123102,9
7156,5.450297,5.17924,3
7157,-2.1596076,9.688177,9
7158,15.547466,8.022037,0
7159,3.9132304,5.4196463,5
7160,-0.73613137,-3.497815,1
7161,3.7181509,-1.3823909,2
7162,5.928053,6.1468077,3
7163,10.723129,3.8905268,6
7164,15.431969,8.563563,0
7165,3.6574152,6.2507763,5
7166,1.3950046,14.054545,4
7167,-4.973002,9.323437,7
7168,11.593989,4.834032,8
7169,-3.6090786,1.4604261,1
7170,2.7558246,-1.2311279,2
7171,-1.5687534,10.355915,9
7172,4.766654,6.350948,5
7173,-3.7321894,8.237119,7
7174,-3.2000866,9.858584,7
7175,-3.6249344,1.505984,1
7176,-3.5429335,-1.3934156,1
7177,4.438244,-1.1400015,2
7178,-0.49191543,14.24134,4
7179,11.577684,3.5846188,6
7180,-0.1717311,11.140168,9
7181,15.682493,6.9473248,0
7182,1.3429619,7.3339753,8
7183,16.22401,6.6631155,0
7184,0.9178599,6.1964025,8
7185,-4.0757513,-0.06258228,1
7186,1.1075052,13.99213,4
7187,3.5007377,-0.93582064,2
7188,-3.6269884,-0.06437112,1
7189,5.155551,4.2521443,3
7190,1.8511318,7.8161173,8
7191,-1.631647,14.431845,4
7192,4.637557,5.373309,3
7193,3.378576,6.6826067,5
7194,-0.6277391,10.32143,9
7195,11.748482,5.290233,6
7196,3.072578,-0.9287313,2
7197,-4.0227866,9.1851425,7
7198,1.2069626,12.294573,9
7199,0.02018479,5.7878637,8
7200,-1.1509014,11.889874,9
7201,-1.877214,10.316436,9
7202,11.465168,6.12553,6
7203,15.936644,7.582291,0
7204,0.31741115,14.082359,4
7205,-4.159509,0.74224204,1
7206,10.659816,4.5706882,6
7207,3.5007167,-0.7606555,2
7208,1.5876704,12.70624,9
7209,5.006566,4.7339334,3
7210,-3.5691736,11.036597,7
7211,-1.9496499,14.250919,4
7212,11.54263,5.3502645,6
7213,-4.6050835,8.905773,7
7214,4.983249,4.45389,3
7215,-1.1434302,5.601355,8
7216,2.496756,4.885425,5
7217,-2.2135336,9.891948,9
7218,1.9189876,6.799755,8
7219,15.477014,5.927793,0
7220,10.80097,5.0059247,6
7221,-4.2742653,1.2064096,1
7222,-0.7775588,-3.341381,1
7223,3.9676745,-0.73800904,2
7224,10.769108,5.0227203,6
7225,5.618336,4.4071097,3
7226,-3.2556298,8.077274,7
7227,-2.200671,15.088738,4
7228,0.80844015,5.9529967,8
7229,-2.7594764,8.708462,7
7230,10.553691,3.7973342,6
7231,-0.92491937,5.489533,8
7232,2.9804068,6.7640715,5
7233,-2.6065986,8.75042,9
7234,-0.41649884,-4.4327335,1
7235,2.951908,5.052464,5
7236,-5.0726147,11.348568,7
7237,-4.2331715,0.7449719,1
7238,2.9821227,5.4877806,5
7239,-1.6889821,10.430614,9
7240,-1.7951386,-3.6037595,1
7241,-1.6842402,10.367846,9
7242,4.5825186,-1.775759,2
7243,14.956729,5.5363827,0
7244,5.3790903,7.70537,5
7245,-1.872112,9.82616,9
7246,3.9818404,6.8530264,5
7247,16.038692,6.549094,0
7248,1.1050025,13.635556,4
7249,2.7075086,4.799552,5
7250,6.6933026,4.124704,3
7251,-1.7471427,9.567904,9
7252,-0.4001257,11.341231,9
7253,-4.1849856,0.8582698,1
7254,15.7622,8.776422,0
7255,-3.3249192,9.302871,7
7256,-0.13758557,13.016129,9
7257,4.5661707,-0.9553979,2
7258,-0.37411836,11.9138975,9
7259,-3.6705794,8.022831,2
7260,3.2509975,5.3247185,5
7261,5.295442,4.6466665,3
7262,3.0859017,-1.0451231,2
7263,5.8646297,4.9948053,3
7264,-0.5681828,12.267129,9
7265,4.1704993,-0.78356725,2
7266,3.689035,-1.4440175,2
7267,15.054578,6.7880573,0
7268,10.651276,4.229174,6
7269,-1.6091274,10.416966,9
7270,9.93111,2.844011,5
7271,15.380146,5.910584,0
7272,15.24223,7.805936,0
7273,11.004988,3.5896769,6
7274,1.784934,12.311309,9
7275,-4.199825,1.2269818,1
7276,5.9438596,7.3589087,5
7277,-3.9462066,8.850702,7
7278,-3.3121624,8.445629,7
7279,2.3906758,4.4719796,5
7280,0.44328922,14.74997,4
7281,16.389688,7.345407,0
7282,-0.38348657,13.168375,4
7283,4.210478,7.192869,3
7284,-3.3647683,9.315131,7
7285,-2.0450702,14.688608,4
7286,16.061064,7.468615,0
7287,-2.753348,8.699197,7
7288,6.0162973,5.70079,3
7289,10.639179,2.2034414,6
7290,0.20399176,5.8011475,8
7291,10.829706,2.5911713,6
7292,1.9324224,0.00552382,2
7293,5.583767,5.5768943,3
7294,10.723837,5.0832458,6
7295,5.054159,4.784645,3
7296,-0.2309973,14.235415,4
7297,0.23907594,5.9612904,8
7298,10.095375,2.9471886,6
7299,-1.9771836,13.844491,4
7300,0.26243287,7.1341653,8
7301,-4.6822453,9.241765,7
7302,4.704695,7.2251496,5
7303,-4.1462126,1.9969321,1
7304,-3.3854234,8.518268,7
7305,16.060114,6.4700975,0
7306,-4.8981175,11.167946,7
7307,0.0034399743,5.559646,8
7308,-1.7448832,-3.0088232,8
7309,-4.069786,8.757901,7
7310,-0.59961796,10.997675,9
7311,2.6106272,4.734087,5
7312,-0.908744,11.76586,9
7313,3.7422473,0.22981109,2
7314,-4.1292925,10.119966,7
7315,-3.3764563,0.37913716,1
7316,1.9103857,7.227898,8
7317,-3.2092862,0.08641894,1
7318,14.414846,7.2666097,0
7319,-2.021173,14.353688,4
7320,1.1795828,7.2335634,8
7321,3.3920658,5.371945,5
7322,6.576248,4.752005,3
7323,2.910918,5.349843,5
7324,-2.671403,-2.3271286,1
7325,15.7913475,6.7307453,0
7326,3.6292148,-1.6508806,2
7327,-1.7561795,14.580934,4
7328,-0.06550801,6.539987,8
7329,-3.367408,-1.1393431,8
7330,-1.4001976,-2.258055,1
7331,-4.1222043,8.776913,7
7332,6.2574697,4.835969,3
7333,-1.9827328,14.593356,4
7334,-5.2279816,10.086692,7
7335,-1.8436552,9.996209,9
7336,5.479588,5.034209,3
7337,-3.9519129,8.452954,2
7338,15.6758585,8.177573,0
7339,6.609726,4.9779563,3
7340,-4.4541383,10.022578,7
7341,10.650432,2.47955,6
7342,10.480832,2.8148024,6
7343,-1.6094366,15.086374,4
7344,3.3568552,-1.486135,2
7345,-4.1101294,1.5352955,1
7346,2.9574423,6.4925284,5
7347,-3.726998,8.625345,2
7348,-4.0392,9.817743,7
7349,-4.1127954,2.497266,1
7350,-2.4661465,9.770188,4
7351,5.134161,6.773676,5
7352,-4.8015122,11.62225,7
7353,4.196596,-1.3940372,2
7354,6.4264073,6.922437,5
7355,15.327816,7.294797,0
7356,0.47534028,7.0113063,8
7357,-1.5976703,14.767274,4
7358,14.45796,8.379533,0
7359,0.17234467,5.5495405,8
7360,3.1999793,-1.2859124,2
7361,11.407275,3.9679854,6
7362,-5.069022,10.70646,7
7363,-3.7415016,1.1944989,1
7364,15.438131,6.500107,0
7365,-2.0374167,14.123953,9
7366,-0.31361735,13.506598,4
7367,5.179973,4.5977664,3
7368,2.863566,6.6185107,5
7369,4.5693855,-0.89141774,2
7370,2.7797205,-1.1882976,2
7371,15.0509815,6.622393,0
7372,14.387467,5.9608283,0
7373,15.610813,7.5098653,0
7374,5.6999354,7.0545707,5
7375,5.657923,3.217539,2
7376,1.1853552,7.0329137,8
7377,2.9567869,5.1375375,5
7378,15.927729,8.707896,0
7379,11.399817,3.9654827,6
7380,-4.0704575,8.149868,7
7381,-1.848699,9.848401,9
7382,3.3122115,6.5392056,5
7383,4.879581,4.6586237,3
7384,-3.4396021,9.779207,7
7385,10.589291,2.7030804,6
7386,-4.321267,12.228177,7
7387,3.1848729,4.948369,3
7388,-3.653171,10.978791,7
7389,10.452358,2.2934408,6
7390,3.523563,6.440717,5
7391,14.454614,7.965656,0
7392,4.562506,-1.2802535,2
7393,-2.9102442,-2.3136022,1
7394,3.0319178,0.1698638,2
7395,2.0923676,-0.471396,2
7396,6.532072,5.0650773,3
7397,6.453932,5.0393267,3
7398,10.180034,2.7542782,6
7399,-0.93663716,13.210385,4
7400,0.41245395,6.7760415,8
7401,10.739278,3.894656,6
7402,-2.159197,-2.466927,1
7403,-3.9460125,11.232067,7
7404,-3.1939013,-0.74151474,1
7405,0.36533844,6.8638926,8
7406,-1.4631683,-3.9060543,1
7407,-1.0773124,10.924411,9
7408,3.1809962,-0.8556586,2
7409,14.847249,8.714735,0
7410,-1.3009399,-4.247887,1
7411,-1.690314,-1.6744964,1
7412,5.842572,6.1260347,3
7413,2.3287067,-0.7523375,2
7414,1.8235437,-0.2291918,2
7415,5.692578,5.16549,3
7416,1.2777686,12.625768,9
7417,-0.17017248,13.570415,4
7418,-4.985505,11.848485,7
7419,5.2247214,7.3514657,5
7420,-4.097492,8.719965,7
7421,-3.8187835,1.601644,1
7422,5.8701158,4.4870358,3
7423,-4.091148,10.694967,7
7424,-2.079422,-3.7920978,1
7425,0.24860285,6.8669496,8
7426,-0.8554493,12.960605,4
7427,14.544894,8.246355,0
7428,3.0448005,-1.6181986,2
7429,-1.7997103,-1.513025,1
7430,0.008658533,10.789782,9
7431,2.2492151,-0.76645297,2
7432,2.4088235,-1.1678607,2
7433,5.721669,5.1951623,3
7434,10.28778,4.5135427,6
7435,-2.9334242,0.3380154,1
7436,1.1355109,7.721324,8
7437,-5.2493095,12.182955,7
7438,0.61097324,12.300295,7
7439,1.0809666,6.8190675,8
7440,-1.0083667,-3.575693,1
7441,0.5916521,7.3039355,8
7442,-0.3954537,13.837525,4
7443,5.1875463,7.1787887,5
7444,5.2040396,7.5921397,5
7445,-3.888093,11.085687,7
7446,-3.9745107,9.278468,7
7447,-1.0237819,11.497954,9
7448,2.8222497,6.2013574,5
7449,5.3319273,7.1898518,5
7450,2.3903198,7.211702,8
7451,14.807834,6.5561366,0
7452,9.872173,3.3145611,6
7453,0.75267625,6.9990807,8
7454,-4.221232,0.98343736,1
7455,5.439483,4.879755,3
7456,11.165676,5.5813594,6
7457,5.6453414,7.4392023,5
7458,14.057719,7.1578946,0
7459,-1.6818993,13.511694,4
7460,10.12859,2.5732298,6
7461,0.26641342,6.7014346,8
7462,15.21557,8.727552,0
7463,5.622648,5.3176103,3
7464,-0.12571783,13.346754,4
7465,15.189919,6.00616,0
7466,14.652884,5.8935966,0
7467,2.1392639,-0.26157206,2
7468,-0.20160684,10.769731,9
7469,-3.2930968,-1.5643123,1
7470,-3.686077,9.98817,7
7471,14.8498955,6.3069005,0
7472,-2.8775904,-0.40985754,1
7473,2.302259,-0.38065472,2
7474,1.2618017,12.217436,9
7475,5.1831946,7.1060147,5
7476,1.7379309,-0.5881532,2
7477,0.9862954,7.352656,8
7478,-0.6397608,12.2933445,9
7479,0.55598444,7.2496176,8
7480,5.554266,7.7122974,5
7481,5.6308503,7.4467635,5
7482,4.6649513,7.76198,5
7483,6.328247,4.652661,3
7484,4.130315,-1.9186153,2
7485,14.581958,7.2050033,0
7486,2.3116333,-0.3451533,2
7487,-1.6249458,13.504385,4
7488,1.3785878,6.917338,8
7489,-1.6486263,13.489651,4
7490,11.614947,5.8376374,6
7491,-3.3730478,-0.56820905,1
7492,1.1137573,12.293113,9
7493,10.708259,3.7801332,6
7494,-3.8663614,11.308879,7
7495,-3.6352055,-1.2002338,1
7496,-1.8347497,-1.4649425,1
7497,5.556762,4.907403,3
7498,-2.2359354,9.787652,5
7499,14.784668,5.709852,0
7500,2.2929525,-0.3548382,2
7501,5.7659464,5.1149516,3
7502,-0.73413,13.69549,4
7503,10.81358,3.2365303,6
7504,11.351089,5.0231285,6
7505,-0.4429901,11.537237,9
7506,14.961788,5.8438325,0
7507,5.5616555,4.707754,3
7508,5.706236,7.519204,8
7509,-4.2880683,11.209919,7
7510,2.325802,0.040603854,2
7511,-0.14402331,11.560628,9
7512,1.3101481,7.521867,8
7513,-4.064067,11.128714,7
7514,1.3910986,7.174507,8
7515,15.316417,6.03824,0
7516,10.707273,4.3113832,6
7517,-0.28479388,13.502308,4
7518,-2.3478892,9.533382,9
7519,0.089063175,6.8305874,8
7520,2.297545,-0.5097187,2
7521,5.6215167,5.0556197,3
7522,11.566535,4.3395405,6
7523,2.1678772,-0.34964755,2
7524,-0.85355115,-3.6704366,1
7525,-3.9872842,11.15099,7
7526,0.33433026,14.194412,4
7527,-3.832266,11.170435,7
7528,-1.2965574,-2.4490743,2
7529,-0.39032623,11.53218,9
7530,-3.457131,0.6126101,7
7531,5.3108497,7.2337894,5
7532,-0.5132373,-4.4851704,1
7533,-3.3559525,0.6098833,1
7534,-5.093401,9.10334,7
7535,5.4191804,7.066093,5
7536,-2.4436574,-0.55584675,1
7537,2.2956934,-0.48366192,2
7538,0.9772676,12.147493,9
7539,0.5475989,6.6966567,8
7540,1.9332467,6.771987,8
7541,-3.0632508,10.961425,9
7542,-1.8386978,-3.1232698,1
7543,10.622604,3.244843,6
7544,10.590008,2.2758982,6
7545,-0.5001384,11.495948,9
7546,5.0797024,6.653748,5
7547,-4.6855373,11.388457,7
7548,15.930149,7.888853,0
7549,10.881385,3.7724073,6
7550,2.248505,7.3086033,8
7551,-1.5578055,13.597152,4
7552,14.876159,8.224671,0
7553,-1.7774953,-1.5946317,1
7554,1.9495113,0.04698064,2
7555,2.2563355,-1.0095685,2
7556,5.3925233,5.1946316,3
7557,14.888293,5.7638845,0
7558,-1.2593457,-3.3350432,1
7559,10.694026,3.7366831,6
7560,0.29750162,14.3102255,4
7561,-1.9738913,-1.3705319,1
7562,11.361865,5.5446672,6
7563,-1.397799,-2.441975,1
7564,11.678054,6.488581,6
7565,-4.650078,11.588237,7
7566,15.176729,8.380776,0
7567,2.1738448,-0.53501457,2
7568,-3.9379804,11.262122,7
7569,6.7963576,4.983644,3
7570,1.0962033,7.784567,8
7571,10.694615,3.7233822,6
7572,-0.8161888,-3.288433,1
7573,-0.86547846,13.851498,4
7574,-1.4317899,-3.0493627,1
7575,0.35351083,7.029714,8
7576,3.2289228,-0.21579866,2
7577,10.750886,3.5855405,6
7578,-0.45435902,14.265579,4
7579,-1.5661175,13.515622,4
7580,11.120882,5.969852,6
7581,10.768182,3.5983617,6
7582,5.5670238,4.41455,3
7583,5.5959334,7.442161,5
7584,4.894971,6.3991156,3
7585,14.83796,6.262355,0
7586,1.1525096,6.329214,8
7587,2.2526321,-0.60977423,2
7588,-2.7796683,-3.0828967,1
7589,14.773024,5.8857036,0
7590,6.9409,5.0930285,3
7591,5.107135,7.3458858,5
7592,5.4060082,7.345532,5
7593,10.762195,3.7794998,6
7594,4.416971,-1.8681936,2
7595,5.666279,7.4120307,5
7596,0.11747898,13.39736,4
7597,14.7161455,5.8485503,0
7598,11.539038,6.2779145,6
7599,-2.7479644,-0.38807064,1
7600,6.964353,5.7040305,3
7601,2.1327798,-0.5864016,2
7602,1.336877,12.420328,9
7603,-2.7647536,-2.3882349,1
7604,2.1969066,7.0350747,8
7605,-4.7214766,11.760628,7
7606,-3.9101276,8.62131,8
7607,0.5719554,7.1730995,8
7608,-4.620675,10.756897,7
7609,-3.4625943,-0.5253732,1
7610,-4.6770267,11.485681,7
7611,-0.94115645,13.140643,4
7612,1.8752584,-1.3158076,2
7613,5.741497,5.195362,3
7614,2.0847547,-0.8950157,2
7615,1.8723433,-0.49896607,2
7616,-3.8784876,9.738354,7
7617,0.6003279,7.253211,8
7618,6.3793454,5.112704,3
7619,1.990458,-0.3329798,2
7620,5.071289,4.822325,9
7621,-5.35741,12.135208,7
7622,-1.2082976,-3.5119483,1
7623,0.0047527244,11.594007,9
7624,1.6331766,-0.13406384,2
7625,6.2917027,4.759488,3
7626,6.0551653,5.686976,3
7627,-0.15299423,11.723673,9
7628,1.9386393,-0.15704633,2
7629,16.502861,6.9501753,0
7630,-0.66044235,-4.1250095,1
7631,-3.762575,2.2987075,1
7632,-2.0819,-3.5800068,1
7633,4.0009246,-0.55268097,2
7634,6.3005266,4.551068,3
7635,5.8680143,4.231969,3
7636,0.6880829,5.829296,8
7637,-1.828021,15.150613,4
7638,0.44911686,5.3228874,8
7639,2.4734576,4.3557887,5
7640,4.012119,5.7007747,5
7641,11.704723,3.5609384,6
7642,-0.28103894,5.941969,8
7643,-4.6861973,8.559838,7
7644,-3.416086,10.852488,7
7645,-0.61560553,5.294958,8
7646,3.0770214,-1.457052,2
7647,-0.68455154,10.02206,9
7648,14.412883,7.9455514,0
7649,15.363764,7.348108,0
7650,-0.8312832,-3.3302143,1
7651,-3.9389102,2.2977912,1
7652,-0.10267679,13.903081,4
7653,4.206322,-0.25282896,2
7654,2.1463969,-1.0149177,2
7655,6.28649,3.633323,3
7656,-2.6391487,-3.291798,1
7657,-1.8722477,14.745424,4
7658,-1.5460391,-3.4606254,1
7659,3.036946,4.9080176,5
7660,5.684254,4.724553,3
7661,11.292182,3.2037795,6
7662,11.470955,5.0622015,6
7663,-3.4521174,8.395009,7
7664,14.071555,6.8187428,0
7665,-0.1407534,5.612698,8
7666,5.9439125,6.4801993,3
7667,-0.79244435,10.450611,9
7668,-3.4021416,0.1646814,1
7669,16.579012,7.675044,0
7670,5.9402966,7.686459,5
7671,-4.014,2.7229307,1
7672,6.6439023,5.2622313,3
7673,4.053776,-0.46875378,2
7674,1.4825083,6.203555,8
7675,5.7448587,3.383536,3
7676,1.72647,12.627714,9
7677,-1.907967,15.276807,4
7678,5.1534195,6.182013,3
7679,-4.5792837,8.550201,7
7680,-1.441706,11.128017,9
7681,0.4719685,5.436527,8
7682,2.2176092,7.1176405,8
7683,-1.3941475,10.480457,9
7684,11.621357,5.744575,6
7685,16.61285,7.2972736,0
7686,-3.6121185,9.534092,7
7687,16.423218,7.088113,0
7688,2.8130815,-0.8442387,2
7689,-3.919599,2.4111347,1
7690,-0.8948788,11.480631,9
7691,15.920351,6.281665,0
7692,5.0046153,5.412646,3
7693,-4.0424557,2.2759008,1
7694,-3.5709152,9.186021,7
7695,4.6845436,-0.55251515,2
7696,-0.96030813,-4.4479403,1
7697,-3.444783,8.477432,7
7698,5.7917233,5.836844,3
7699,3.204095,4.6128826,5
7700,11.183226,3.3357859,6
7701,6.171663,3.8084192,3
7702,-0.55250955,11.209695,9
7703,-0.9730773,15.234916,4
7704,-0.3091395,5.367142,8
7705,-1.6560358,14.611216,4
7706,1.8817703,-0.2276762,2
7707,16.733305,7.874463,0
7708,14.9327965,6.8078074,0
7709,16.616016,7.5350747,0
7710,14.116757,6.5195622,0
7711,11.304348,3.4355881,6
7712,1.1329429,6.698767,8
7713,-1.0530214,9.753189,9
7714,0.6871988,11.9277315,9
7715,11.48286,3.0126183,6
7716,-3.601674,-0.92105687,1
7717,11.707767,3.9901116,6
7718,10.171115,2.75813,6
7719,4.7999287,-0.7516552,2
7720,-0.43629482,-4.282784,1
7721,6.515293,3.8162675,3
7722,0.41299185,12.544783,4
7723,-1.6406689,15.01293,4
7724,11.04771,4.1060987,6
7725,-1.7576938,14.733376,4
7726,-1.1230234,14.995073,4
7727,-1.4565884,10.32694,9
7728,14.933066,7.218239,0
7729,-3.982644,2.0140338,1
7730,-5.1385155,12.163161,7
7731,-4.3695893,9.536015,7
7732,-2.8134859,0.6180798,2
7733,-1.1579338,9.900724,9
7734,-0.1980896,13.763115,4
7735,3.3040352,4.601013,5
7736,2.2320702,-0.18830915,2
7737,-4.282382,8.341984,7
7738,3.7607617,5.46339,5
7739,2.7847462,4.449839,5
7740,4.5993476,6.9792504,5
7741,11.153535,2.4126976,6
7742,-1.0596426,10.873071,9
7743,4.5563006,-0.5965119,2
7744,11.3469305,5.5336237,6
7745,6.0126305,3.448258,3
7746,-4.1844764,2.133901,1
7747,-4.167615,2.4646347,1
7748,-1.3766911,-3.9161808,1
7749,-1.586017,15.177476,4
7750,-0.65311617,5.6892514,8
7751,-1.946173,14.636326,4
7752,-4.2541885,1.3894254,1
7753,16.620337,6.816002,0
7754,-5.334715,10.807021,7
7755,-1.2537315,10.139097,9
7756,-0.9996054,11.927681,9
7757,-1.3437097,9.7346115,9
7758,1.6561265,-0.4371213,2
7759,11.312833,2.7410622,6
7760,2.4407978,-1.0269868,2
7761,-3.8416471,2.2131147,1
7762,6.4808764,6.122073,3
7763,-0.0833127,5.118626,8
7764,-2.8174393,-1.360865,1
7765,5.630476,3.70951,3
7766,5.6494837,4.8731656,3
7767,5.952823,3.2756712,3
7768,2.2631783,12.701534,8
7769,-3.9242034,8.304468,7
7770,-3.2962458,9.179113,7
7771,5.783605,3.4133022,3
7772,2.467608,-1.1333677,2
7773,-1.5112069,9.542496,9
7774,-0.65206856,10.757926,9
7775,-0.5657546,5.069601,8
7776,3.4763145,-1.8502932,2
7777,-0.37948993,5.1235747,8
7778,6.795938,5.247432,3
7779,-1.2561394,14.940889,4
7780,2.2636905,-1.0329782,2
7781,-3.4106624,8.3921,7
7782,4.3749156,-1.4215297,2
7783,-3.817364,8.322682,7
7784,6.3864813,6.231665,3
7785,11.085708,2.684672,6
7786,14.894444,8.632943,0
7787,4.433934,-1.077239,2
7788,-2.2672026,-2.2270002,1
7789,-4.036801,2.5092235,1
7790,3.1441514,0.33121422,2
7791,-1.6145345,9.424769,9
7792,3.302826,-1.3576381,2
7793,5.87899,3.5103037,8
7794,5.9664226,3.9849398,3
7795,-3.9330094,8.068563,7
7796,3.6626987,-0.77193075,2
7797,-0.95612395,5.6275315,8
7798,-0.7915529,11.8022,9
7799,-0.88593173,5.3303246,8
7800,6.498386,6.6466346,3
7801,4.641051,-0.60680604,2
7802,2.712432,5.6250486,5
7803,6.085674,3.5932899,3
7804,1.3746599,14.24325,4
7805,-0.766247,10.014893,9
7806,-1.4568286,-2.5690243,1
7807,16.378828,7.3191686,0
7808,-3.2101176,9.678767,7
7809,-4.3330154,9.108346,7
7810,0.65037954,6.687161,8
7811,-0.82748234,10.059893,9
7812,-1.2808509,10.131577,9
7813,16.484852,7.188489,0
7814,0.6727817,5.9821553,8
7815,11.252787,2.8441932,6
7816,14.095713,6.5063777,0
7817,-1.7095182,15.3401375,4
7818,3.6608279,-0.99890274,2
7819,-3.8948889,2.278166,1
7820,3.0660386,6.5568056,5
7821,-4.123149,2.4699612,1
7822,0.5397071,12.351386,9
7823,4.702038,-0.7600881,2
7824,1.6992021,6.8240747,8
7825,-0.19896366,5.386598,8
7826,-0.39402792,14.00815,4
7827,4.7017093,-0.61706513,2
7828,-1.2117865,-3.4914668,1
7829,10.83668,2.440598,6
7830,16.352121,6.746644,0
7831,-4.034288,1.8293935,1
7832,5.0432105,4.692243,3
7833,6.8920193,4.051303,5
7834,-1.0173175,-3.34622,1
7835,16.307678,8.13576,0
7836,0.24288964,5.9021263,8
7837,-2.9377458,0.31287512,1
7838,-1.4596612,-2.5067623,1
7839,3.3212454,0.25490484,2
7840,2.7814941,5.726096,5
7841,5.9787483,5.3679013,3
7842,4.130468,5.958908,5
7843,1.176108,14.7858,4
7844,0.41197458,5.686719,8
7845,2.7821171,5.241293,5
7846,15.428835,7.907285,0
7847,11.607684,4.640794,6
7848,4.2959795,6.6375785,5
7849,-5.373156,11.332885,7
7850,-0.6736664,-4.1025324,1
7851,-0.8723416,6.173984,8
7852,-3.492084,11.273723,7
7853,0.2828742,12.282842,9
7854,-0.21041714,13.288431,4
7855,16.213715,8.56263,0
7856,1.8936099,7.161153,8
7857,-3.5053003,0.32345316,1
7858,14.714099,6.4547443,0
7859,3.6597614,-1.1183496,2
7860,-1.8867555,-3.5845058,1
7861,6.995924,4.9504504,3
7862,6.761595,5.4664526,3
7863,0.5366673,14.756102,4
7864,0.45454583,14.446667,4
7865,2.645595,4.4743724,5
7866,-3.666826,10.684211,7
7867,11.593315,5.748089,6
7868,11.278307,4.6690135,6
7869,-3.8406694,9.837096,7
7870,3.050834,-0.22686636,2
7871,-0.630104,5.978348,8
7872,0.43658635,7.002406,8
7873,-0.2822986,11.490147,9
7874,14.479245,7.458461,0
7875,16.298204,7.9951754,0
7876,-0.5469915,-4.4834733,1
7877,-2.872169,0.4734713,1
7878,5.4786825,5.019397,3
7879,3.309907,0.62480193,2
7880,10.3201685,3.6113174,6
7881,6.209144,4.2868285,3
7882,15.048767,6.3753295,0
7883,-0.18020274,14.966934,4
7884,4.4142275,5.782683,5
7885,2.617686,4.4486775,5
7886,5.629612,6.460323,9
7887,11.672124,5.738885,6
7888,4.763243,6.9914536,5
7889,-5.334092,10.723045,7
7890,0.009851851,11.48822,9
7891,-0.9966336,5.6383576,8
7892,15.16947,8.496398,0
7893,-0.5543067,11.524948,9
7894,14.645515,8.150959,0
7895,3.7807705,-0.19125128,2
7896,-2.5045266,-3.5328298,1
7897,3.0925133,-1.2393031,2
7898,-1.1359613,-2.700358,1
7899,-4.654189,10.913726,7
7900,4.8375463,7.64623,5
7901,11.083421,4.4157095,6
7902,4.103319,7.4530206,5
7903,0.5038765,14.601771,4
7904,1.119662,11.688969,9
7905,15.640119,6.3141255,0
7906,-3.5718894,10.872807,7
7907,2.8340402,4.6935835,5
7908,1.4103141,7.1170783,8
7909,-0.59519255,6.34947,8
7910,-3.3404741,-1.5072448,1
7911,15.879469,8.63519,0
7912,-3.3858657,-1.0372536,1
7913,-4.7539926,10.104436,7
7914,0.7053083,14.002799,4
7915,5.237964,5.235371,3
7916,2.877978,-1.4031041,2
7917,2.811543,4.3703804,5
7918,0.30537024,5.8696213,8
7919,0.64668214,14.598933,4
7920,6.6095624,4.1962667,2
7921,-2.212624,-1.3072892,1
7922,-0.4567522,12.447522,9
7923,-0.9357742,5.8964305,8
7924,1.6658694,7.9714346,8
7925,15.7407465,8.394414,0
7926,11.200199,3.8388832,6
7927,2.6045694,4.5646014,5
7928,0.6280123,6.978725,8
7929,3.8450787,-0.25330603,2
7930,15.261317,8.849808,0
7931,-5.10592,10.050455,7
7932,14.258919,7.1786323,0
7933,3.5567024,0.38080952,2
7934,15.018244,7.508028,0
7935,6.2695007,5.085476,3
7936,-1.917991,10.465517,9
7937,11.521308,5.3740826,6
7938,-1.3028575,-2.336313,1
7939,3.147234,-0.7438111,2
7940,-1.3626196,10.910946,9
7941,-3.5208275,-0.5465688,1
7942,2.061754,-0.8129027,2
7943,-4.7119346,10.547544,7
7944,14.602836,6.2154083,0
7945,-4.620792,9.961941,7
7946,1.8271989,12.325619,9
7947,-1.0973411,10.593865,9
7948,14.080336,6.5056167,0
7949,0.7817788,11.116988,9
7950,-4.441541,11.402942,7
7951,-3.582307,1.2251292,1
7952,1.4754648,12.429539,9
7953,3.3342025,-0.70978826,2
7954,15.728912,5.931613,0
7955,-1.1097862,14.837904,4
7956,1.0129473,7.3488603,8
7957,11.232023,4.1973457,6
7958,1.7117684,14.316515,4
7959,-4.7104225,9.960543,7
7960,2.480164,-0.8042981,2
7961,-3.673008,9.009165,7
7962,10.620774,3.991,5
7963,3.361098,4.7440643,5
7964,4.2000227,6.8068957,5
7965,0.51982343,15.034675,4
7966,5.757635,5.664172,3
7967,2.831082,4.4616017,5
7968,9.94235,2.879526,6
7969,15.080377,7.7881117,0
7970,11.192533,3.9699798,6
7971,-3.3350174,0.65336883,1
7972,9.966651,2.5789366,6
7973,-3.1376653,-0.8505259,1
7974,0.45082685,13.772376,4
7975,-0.6710318,11.325137,9
7976,5.3413177,6.0346017,3
7977,0.9250996,11.456628,9
7978,15.912576,8.054064,0
7979,-0.89045393,6.000594,8
7980,5.4181533,5.841619,3
7981,15.013679,7.119216,0
7982,6.1693773,6.1015615,3
7983,3.9216113,-0.19494298,2
7984,0.9330288,13.1056795,4
7985,15.85135,7.6844997,0
7986,4.0004835,-1.9591576,2
7987,6.67512,4.6665897,3
7988,3.5244975,6.9996614,5
7989,3.299393,5.260989,5
7990,11.521914,6.5458574,6
7991,10.713518,3.765759,6
7992,-3.9906044,10.16204,7
7993,-3.6711671,0.06607133,1
7994,-1.5075239,11.598814,7
7995,-0.89715815,5.6156974,8
7996,-3.95308,-0.06368682,1
7997,10.838799,4.8091564,6
7998,4.1759806,7.141551,5
7999,0.8933997,14.876639,4
8000,14.840985,6.9015927,0
8001,11.333162,5.3438706,6
8002,2.7963862,-1.073747,2
8003,15.2555895,8.402853,0
8004,11.111178,5.734325,6
8005,1.0115538,11.464088,9
8006,-0.29045534,15.073813,4
8007,4.186499,-1.4578817,2
8008,0.5382387,6.9982147,8
8009,11.658471,3.6114855,6
8010,4.038489,7.2002573,5
8011,-0.16250734,15.018557,4
8012,-3.1433852,9.482191,3
8013,6.970565,4.246459,3
8014,6.588292,5.753985,3
8015,-1.025341,10.669742,9
8016,15.422742,8.299885,0
8017,6.1697154,4.139109,3
8018,5.82533,5.3956485,3
8019,16.254452,8.289227,0
8020,-3.8751986,8.616434,7
8021,16.555683,7.883453,0
8022,5.177734,7.335716,5
8023,2.572642,4.6799355,5
8024,3.8710015,-1.3028542,2
8025,3.4646945,0.40555167,2
8026,0.10888083,14.547562,4
8027,2.48881,4.7281947,5
8028,14.136837,6.359686,0
8029,-0.9301059,5.67776,8
8030,0.5339217,11.7046795,9
8031,-0.94482,5.666984,8
8032,-2.7743638,-3.1205359,1
8033,-0.9380102,5.7181144,8
8034,9.99604,4.114424,6
8035,-0.18825202,11.490666,9
8036,0.49051663,11.856418,9
8037,-0.98245645,15.060994,4
8038,-3.4268692,9.447413,7
8039,5.9864697,3.8020306,3
8040,-0.9046398,-3.926147,1
8041,-0.8016505,15.23044,4
8042,11.186165,5.3471627,6
8043,4.1377397,-0.8331583,2
8044,-4.6334147,10.980072,7
8045,-1.0379223,5.469581,8
8046,14.353789,6.3091383,0
8047,-0.9070423,5.5899177,8
8048,6.711661,5.0752063,3
8049,-4.6674843,9.469332,7
8050,14.468833,8.600176,0
8051,-2.0465505,-3.8295484,1
8052,5.8197813,4.1254706,3
8053,-2.887636,0.4827122,1
8054,5.6520557,6.2074604,3
8055,5.5106125,4.0373025,3
8056,4.4881268,7.126716,5
8057,11.6619835,5.711176,6
8058,1.9828135,-0.57437533,2
8059,1.0796316,11.568854,9
8060,1.6357188,12.354915,9
8061,-0.1308187,14.927573,4
8062,4.8395734,6.2080092,5
8063,-2.7051775,0.007421601,1
8064,11.128147,5.9418225,6
8065,5.5290236,4.675516,3
8066,-0.7634357,11.35395,9
8067,-0.8119533,5.7549696,8
8068,-5.434756,10.416337,7
8069,-4.717755,10.0915165,7
8070,-3.3035233,-1.4165105,1
8071,11.233602,4.045707,6
8072,10.387971,4.6233263,6
8073,-0.041020963,11.738688,9
8074,11.114256,6.0249605,6
8075,5.5478935,4.2624025,3
8076,10.495012,3.1417155,6
8077,5.877327,3.763306,3
8078,3.632683,-0.846581,2
8079,-3.9442606,8.604543,7
8080,-1.4957159,-1.7944789,1
8081,-0.34155768,14.801637,4
8082,3.6980026,-1.8641093,2
8083,-3.0896406,1.0685496,1
8084,-4.749968,11.607283,7
8085,0.6870078,11.211135,9
8086,-0.12003888,14.062639,4
8087,-3.4140503,1.5467956,1
8088,15.11391,8.50562,0
8089,15.809482,7.7230053,0
8090,-3.5823834,11.231803,7
8091,11.660308,5.754694,6
8092,-0.9631463,-3.751962,1
8093,14.582949,8.079561,0
8094,6.6612754,5.746658,3
8095,-3.0538518,0.47906515,1
8096,14.6866255,7.087425,0
8097,3.7562504,-0.31250033,2
8098,15.11935,7.0367312,0
8099,6.1395783,3.8460388,3
8100,10.907339,5.4165225,6
8101,-1.107097,14.564884,4
8102,3.590968,-0.8082188,2
8103,3.7797036,6.36689,5
8104,2.6893618,5.7593436,5
8105,10.311607,3.1562295,6
8106,-3.129721,-2.412094,1
8107,-4.5157833,9.447997,7
8108,15.489223,7.473859,0
8109,-0.030891456,5.250608,8
8110,14.295587,5.8072968,0
8111,-0.8489125,11.185644,9
8112,-3.296778,0.56248164,1
8113,15.249149,7.988057,0
8114,-3.502613,11.225308,7
8115,6.73046,4.0613093,3
8116,14.358699,6.7610373,0
8117,-0.81911033,15.170378,4
8118,6.378066,4.3059072,8
8119,2.9037824,5.515584,5
8120,-3.5056283,11.093393,3
8121,10.971918,3.0014305,6
8122,5.71813,3.3761127,3
8123,-3.2665386,9.252749,7
8124,-0.8659945,-3.8861184,1
8125,0.043150112,5.251705,8
8126,3.085593,6.7663894,5
8127,-1.0511204,10.884781,9
8128,5.0347137,6.869178,5
8129,15.613887,8.125625,0
8130,-3.2538483,10.435566,7
8131,-3.6796956,1.3943484,1
8132,1.3104395,6.470663,8
8133,4.487417,-1.1642754,2
8134,14.101579,7.612027,0
8135,6.848585,4.2212443,3
8136,0.70563155,5.6251273,8
8137,-3.5298028,8.554494,7
8138,-4.817631,11.0689535,7
8139,-0.04084772,5.1480646,8
8140,11.38369,5.9734974,6
8141,-1.399978,10.525259,9
8142,-3.5926912,11.290735,7
8143,-3.8766193,10.4181385,7
8144,-3.4413428,11.2107,7
8145,11.192178,3.8230996,6
8146,10.788392,4.466777,6
8147,14.304162,5.9619665,0
8148,1.6840637,6.8087387,8
8149,10.328427,4.390274,6
8150,11.049918,3.3165567,6
8151,10.349029,3.1375482,6
8152,3.0339293,-0.5980462,2
8153,10.188599,3.5883095,6
8154,3.04576,-1.7016004,2
8155,-0.4371965,11.33957,9
8156,-2.286924,-2.4195557,1
8157,15.358684,7.673278,0
8158,14.207921,7.653442,0
8159,14.9559355,6.3095727,0
8160,-1.8326346,-2.432708,1
8161,-4.2870836,0.85190266,1
8162,-2.8232284,-2.1788118,1
8163,5.922005,3.952198,3
8164,5.433075,5.344468,3
8165,-0.7489592,10.727476,9
8166,-2.2600152,-2.816696,1
8167,-4.6374946,8.698388,7
8168,-3.141729,10.405351,7
8169,6.3305206,3.6833222,3
8170,-4.4658413,10.832007,7
8171,0.064066,5.2183833,8
8172,15.372958,7.313788,0
8173,3.7736347,6.3260293,5
8174,-0.7227063,12.656389,4
8175,-0.33711907,5.903876,8
8176,-2.5979962,-2.6383996,1
8177,-3.274395,1.2208036,1
8178,5.281416,7.8439426,5
8179,-1.215657,15.081754,4
8180,-1.6530392,-3.5881426,1
8181,-0.6917017,5.1107907,8
8182,-3.3296702,10.680838,7
8183,2.5516346,4.6183934,5
8184,5.8290305,6.1197686,3
8185,-4.3200636,2.0398345,1
8186,-4.7209888,11.857101,7
8187,16.192423,7.087328,0
8188,6.9660087,4.485178,3
8189,-3.362412,0.929706,1
8190,10.043335,3.329002,5
8191,10.834369,3.041192,6
8192,5.4475536,4.84889,3
8193,15.756943,7.087836,0
8194,-1.5430458,-4.1234226,1
8195,6.4593725,3.9429467,3
8196,-3.5444045,11.391304,7
8197,0.23474112,5.4586015,8
8198,-4.236598,9.659754,7
8199,-1.083141,9.965804,9
8200,1.9693584,12.516981,3
8201,4.5035877,-1.1795382,2
8202,-1.63154,11.458052,2
8203,-4.253142,1.4812067,1
8204,2.4077115,-1.0403866,2
8205,-3.6908355,8.691601,7
8206,10.864254,5.3413186,6
8207,-1.0616417,15.241527,4
8208,-0.56102777,12.736781,4
8209,3.4999578,4.9832273,5
8210,1.6610523,7.1972966,8
8211,4.5080857,-1.2086896,2
8212,2.570032,-0.8254237,2
8213,-0.07352767,5.071218,8
8214,0.6382853,12.209771,7
8215,-1.9447577,14.82735,4
8216,2.1759863,12.635918,9
8217,-3.920265,8.9302845,7
8218,-1.177651,-2.612344,1
8219,-4.12626,2.4531035,1
8220,-0.9981588,9.993379,9
8221,-0.71038455,5.151497,8
8222,-2.27391,-3.3537176,1
8223,15.73964,6.1810904,0
8224,11.339362,5.8900523,6
8225,11.239832,3.9165852,6
8226,5.868369,5.733239,2
8227,5.909561,3.9235616,3
8228,4.9837484,5.8596616,3
8229,4.3905425,-0.72330606,2
8230,5.590618,5.180933,3
8231,-0.88762695,10.055122,9
8232,-3.8602955,9.798439,7
8233,15.741583,8.094525,0
8234,2.6442027,7.15946,8
8235,-1.5816603,15.16597,4
8236,5.5754285,5.228567,3
8237,-3.481139,9.035118,7
8238,0.021388298,12.354857,9
8239,-2.1299717,15.090519,4
8240,0.9210032,14.506908,4
8241,6.434573,3.7605655,3
8242,0.78786874,5.857728,8
8243,-1.725143,14.70555,4
8244,0.110677205,11.205709,9
8245,3.660614,5.518061,5
8246,6.517973,4.983945,3
8247,15.786664,6.654271,0
8248,-3.3968792,9.373387,7
8249,16.032331,8.111476,0
8250,15.033319,7.471276,0
8251,4.3309627,-0.97580314,2
8252,3.1069698,6.456944,5
8253,15.644071,8.1720705,0
8254,5.5858545,4.3110785,3
8255,-4.2054305,1.650045,1
8256,-3.570424,9.412569,7
8257,4.5516343,-0.77823454,2
8258,-4.0732927,1.0609586,1
8259,6.277761,5.670576,3
8260,4.32528,6.913686,5
8261,-1.9294387,14.891382,4
8262,14.593818,5.7113366,0
8263,3.0070214,4.557514,5
8264,5.5449204,4.6642103,3
8265,11.500072,3.2046475,6
8266,0.42881313,14.203248,4
8267,-4.943299,9.259499,7
8268,-4.8468204,11.915399,7
8269,-0.35603264,5.500573,8
8270,-1.1966262,15.038483,4
8271,-1.6686153,10.409128,9
8272,15.406761,6.8098717,0
8273,16.313663,7.8155985,0
8274,15.868732,8.610848,0
8275,-3.9803207,2.4604955,1
8276,2.0093715,12.571166,9
8277,4.663471,-0.7124484,2
8278,1.0835977,14.368243,4
8279,6.606108,4.081816,3
8280,-4.6477885,11.3897085,7
8281,-2.1515565,15.093466,4
8282,11.314727,5.8746753,6
8283,-4.079827,8.40921,7
8284,14.631326,6.468527,0
8285,-0.22255743,5.9093957,8
8286,-3.9280875,9.154165,7
8287,-2.3410254,9.0211115,9
8288,15.112788,7.897019,0
8289,16.715015,7.707295,0
8290,10.655813,4.1854806,6
8291,-4.055768,2.0629542,1
8292,1.8484313,-0.72959554,2
8293,4.469146,-0.38656232,2
8294,14.758893,7.2746716,0
8295,6.037891,3.4742723,3
8296,-1.4353921,-2.1102314,1
8297,-3.742899,7.947773,7
8298,-0.47225133,12.999791,4
8299,-0.6547562,5.1333795,8
8300,-0.32097605,6.3547893,8
8301,-2.0773,9.100601,9
8302,-3.8303404,9.992563,7
8303,-0.056192096,6.3128138,8
8304,14.5346,7.4643154,0
8305,10.843875,3.7996716,6
8306,-0.17041196,6.5747166,8
8307,3.083277,4.446959,5
8308,1.5619695,12.31603,9
8309,16.213106,6.6606154,0
8310,-0.381352,6.209013,8
8311,10.875092,2.5147843,6
8312,10.250376,3.9973876,6
8313,-0.7065228,5.7550445,8
8314,11.797005,6.126871,6
8315,-1.8372763,9.577962,9
8316,-0.04855822,12.323677,9
8317,-1.5320207,15.096403,4
8318,2.0763223,12.54987,9
8319,-3.7425098,1.6953876,1
8320,5.927343,7.253681,5
8321,-1.9260759,9.373119,9
8322,0.02034343,11.504358,9
8323,16.577276,7.495437,0
8324,1.3425138,6.8685575,8
8325,-2.1659164,15.09453,4
8326,11.591683,6.4209504,6
8327,-0.41668066,6.5018606,8
8328,10.193327,4.4555,6
8329,-1.7254752,9.855983,9
8330,-3.011759,-1.9129908,1
8331,-3.8664248,2.2515423,1
8332,-2.3356805,-2.7358391,1
8333,-1.9223763,15.145202,4
8334,3.0791714,-1.6086969,2
8335,15.424913,6.536031,0
8336,10.603813,3.8181565,6
8337,2.5028884,4.523586,5
8338,6.239415,6.502414,3
8339,3.131896,4.5001087,5
8340,0.7284639,5.985172,8
8341,-1.5661557,15.088791,4
8342,2.511469,-0.88430494,2
8343,15.785431,6.1338663,0
8344,-0.26831985,13.182969,4
8345,-4.791842,9.478322,7
8346,0.8630979,13.710074,4
8347,16.416101,7.2368455,6
8348,-1.5821722,-3.3489394,1
8349,16.550388,6.64752,0
8350,6.664759,5.484529,3
8351,-4.2082944,2.467557,1
8352,10.686614,4.6344256,6
8353,-4.853027,8.80876,7
8354,14.198243,7.6472816,0
8355,15.987856,6.1926966,0
8356,1.4597069,12.167159,9
8357,11.555382,3.0502355,6
8358,1.2587037,11.622766,9
8359,-0.4073171,5.4706388,8
8360,5.95292,6.053149,3
8361,-4.951547,9.180568,7
8362,-3.9063947,10.179057,7
8363,-1.1881924,9.701594,9
8364,-5.09195,11.519,7
8365,-0.6510826,5.366405,8
8366,0.8469606,6.5509744,8
8367,11.04133,3.2168553,6
8368,15.467383,6.1298747,0
8369,15.462574,6.7625766,0
8370,-1.3707674,14.238078,4
8371,0.67131436,6.063653,8
8372,2.1273842,-0.4243261,2
8373,-2.9349344,0.66262245,1
8374,4.177476,-1.6786314,2
8375,-4.680945,9.229853,7
8376,11.721528,6.091706,6
8377,-4.355846,8.733957,7
8378,1.5130905,6.929629,8
8379,-4.231772,1.0857778,1
8380,0.39901567,14.614172,4
8381,6.1685205,3.5640619,3
8382,-0.6461962,-4.5420127,1
8383,-3.7371976,2.188185,1
8384,11.058384,3.6401298,6
8385,15.820997,5.982447,0
8386,0.56248206,7.330361,8
8387,14.480502,6.3219,0
8388,-3.8486247,1.7816371,1
8389,-4.844742,8.7354,7
8390,1.8614582,-0.8680728,2
8391,0.0144155035,5.91033,8
8392,3.4898212,7.065608,5
8393,-1.7978188,10.350384,9
8394,-2.8727832,-2.1268892,1
8395,6.4642916,4.013921,3
8396,-4.5918927,12.066418,7
8397,0.4172964,5.8852673,8
8398,10.919722,5.5478764,6
8399,-1.5081905,14.7163,4
8400,-0.7924217,14.185983,4
8401,-4.1334615,9.164084,7
8402,-3.422077,-1.7006918,1
8403,3.769221,-0.6173243,2
8404,-0.30505025,11.626315,9
8405,5.959815,3.293973,3
8406,5.3429065,4.805799,3
8407,11.671257,4.346716,6
8408,0.048388783,11.832057,9
8409,-1.6386333,9.720942,9
8410,10.324072,2.5426633,6
8411,4.69544,-0.80847865,2
8412,-0.9014195,15.093328,4
8413,4.6557713,-0.6369787,2
8414,4.6703033,7.730497,5
8415,-2.185353,14.48541,4
8416,-0.8553736,11.422878,9
8417,11.809053,4.4483795,6
8418,-2.9465425,-0.9392652,1
8419,3.2994802,4.5942516,5
8420,10.261552,4.0476565,6
8421,3.3003418,5.3822756,5
8422,-0.9361742,-4.4539223,1
8423,-3.9264607,1.4421583,1
8424,1.5405066,12.203771,9
8425,5.9170523,4.917952,3
8426,4.797788,7.2032914,5
8427,5.983368,3.3415573,3
8428,-2.1661065,-0.83581734,2
8429,-4.6899586,9.0401325,7
8430,-4.0999327,0.42992222,1
8431,-0.22858264,5.4127536,8
8432,0.5376696,6.9541717,8
8433,4.6718326,-1.0531917,2
8434,3.8409665,6.3662934,5
8435,3.33013,4.633276,5
8436,-4.8587875,10.877845,7
8437,-4.7056947,8.933259,7
8438,-0.83661366,13.56213,4
8439,-1.6393479,9.327609,9
8440,1.3178087,11.994394,9
8441,-0.19654402,5.404719,8
8442,1.5344566,12.555405,9
8443,4.305785,-0.32304567,2
8444,-4.756418,11.767344,7
8445,-4.0105133,2.558599,1
8446,3.0860121,-0.20038614,2
8447,6.9655867,3.9717133,3
8448,1.2386953,12.121616,9
8449,10.987396,2.4863818,0
8450,5.4278665,4.4381533,3
8451,-2.1446085,-1.8333515,1
8452,-1.6456975,-3.4680514,1
8453,2.9665287,-0.37301204,2
8454,10.280592,3.8282428,6
8455,7.0661354,5.04001,3
8456,-2.6845767,-1.8586972,1
8457,0.5023025,14.526919,4
8458,-0.8551106,-3.9252574,4
8459,2.733438,4.856695,5
8460,4.401237,-1.3198009,2
8461,11.534862,4.767529,6
8462,11.654398,6.2375145,6
8463,-4.1848483,9.966948,7
8464,-1.9225272,-2.9931495,1
8465,0.77238595,6.742189,8
8466,0.8176348,14.920095,4
8467,0.15410489,11.376261,9
8468,-0.116048664,14.085157,9
8469,16.436836,7.4986563,0
8470,2.8114471,-0.8139253,2
8471,-2.8711658,0.37214833,1
8472,15.378635,8.675932,0
8473,3.7366505,-1.0362974,2
8474,3.4925828,-1.8128545,2
8475,7.0092573,5.1395626,3
8476,-4.3980985,10.619547,7
8477,-0.38213086,14.832787,4
8478,10.805619,5.1054606,6
8479,2.9916773,5.1880956,5
8480,-3.805115,1.8007629,2
8481,10.574126,3.5722115,6
8482,0.3893523,5.891673,8
8483,-4.767383,10.386723,7
8484,0.376767,11.975005,9
8485,0.5837653,6.739282,8
8486,-2.0762763,-3.3495207,1
8487,0.028971558,11.262146,9
8488,10.910961,3.5895886,6
8489,16.355125,8.063171,0
8490,4.0695014,-1.2662011,2
8491,-2.3116648,-1.483224,1
8492,-0.7567005,11.481835,9
8493,3.7358181,-1.6036203,2
8494,5.605865,5.4201493,3
8495,-0.33014086,14.136661,4
8496,-0.51481557,5.584837,8
8497,11.332262,5.0183797,6
8498,6.926956,6.2369914,3
8499,-4.8997602,10.802074,7
8500,11.061874,4.8509307,6
8501,0.61633724,6.205592,8
8502,-4.034425,11.432096,7
8503,-0.2647712,11.15027,9
8504,3.1330643,5.9575934,5
8505,5.999097,4.1255503,3
8506,-1.2191063,-2.9323862,1
8507,0.9589125,7.681512,8
8508,0.9704801,14.099495,4
8509,15.64223,6.1265407,0
8510,0.2992006,11.0576725,9
8511,-5.0683417,10.796665,7
8512,-3.1622868,-0.09593666,1
8513,-2.770514,-0.451294,1
8514,-1.0209455,10.89736,9
8515,15.815691,7.134181,0
8516,-5.380411,12.035111,7
8517,-5.151901,10.802261,7
8518,-0.14088838,12.113471,9
8519,3.0159688,4.9383707,5
8520,5.599495,4.936543,8
8521,3.5141509,5.7681446,5
8522,2.184421,7.1161847,8
8523,11.45362,4.6819153,6
8524,6.3471446,5.111975,3
8525,-1.0936301,10.751149,9
8526,11.599877,5.181807,6
8527,14.461751,6.8851137,0
8528,5.6607175,6.0952077,3
8529,-2.7441928,-1.4022737,1
8530,-2.0731163,-3.298564,1
8531,15.303349,7.762512,0
8532,10.717709,4.391157,6
8533,15.985773,7.6783624,0
8534,0.09640985,14.701033,4
8535,0.5474081,6.829742,8
8536,0.70537984,5.8937974,8
8537,6.144937,6.0470066,3
8538,-2.3033803,-2.8288252,1
8539,0.3164806,14.830396,4
8540,14.635255,5.894722,0
8541,6.7136188,5.08459,3
8542,-1.3755198,-2.5457036,1
8543,-2.277158,-1.5315698,1
8544,5.696504,4.793151,3
8545,16.02826,7.751496,0
8546,11.373216,4.3621926,6
8547,-0.94527715,10.552524,9
8548,4.0345078,7.4583364,5
8549,2.8825862,5.058565,5
8550,-1.6279229,-3.5468543,1
8551,5.9231515,5.3210797,3
8552,3.1924548,0.4974804,2
8553,0.42062995,14.028195,4
8554,6.4498715,6.2438507,3
8555,-1.5983584,10.267539,9
8556,-3.2755253,9.522179,7
8557,6.9562507,4.9230957,3
8558,-1.736887,10.198716,9
8559,-4.9967217,10.655292,7
8560,0.045515005,12.742484,4
8561,11.341888,5.0636764,6
8562,-3.4352975,10.079329,7
8563,-1.2073495,11.071042,9
8564,2.9583535,-0.57433635,2
8565,3.721227,-1.302113,2
8566,-4.9506073,11.421886,7
8567,0.34588945,14.568366,4
8568,6.183854,5.5435805,3
8569,3.1142435,5.1394477,5
8570,0.33923915,14.498289,4
8571,-5.0906954,10.595841,7
8572,-4.8822083,11.130023,7
8573,3.3519428,-0.9872717,2
8574,-3.0372663,-2.5282664,1
8575,-2.2813299,-1.5691767,1
8576,-4.556902,8.648693,7
8577,11.13488,4.715204,6
8578,-2.7220683,-2.15005,1
8579,-0.99655324,14.095663,4
8580,0.4768068,14.844569,4
8581,-0.95017225,10.896768,9
8582,1.8986874,-0.43465233,2
8583,-0.88205546,14.622368,4
8584,5.745009,7.648099,8
8585,-0.8287267,10.427584,9
8586,2.2711222,12.729222,9
8587,-1.2055839,14.20884,4
8588,-3.215179,-0.66971284,1
8589,-3.5108824,0.93472236,1
8590,10.810225,5.575727,6
8591,4.363608,-1.1482226,2
8592,0.41702095,12.107803,9
8593,3.81495,-1.7051953,2
8594,-3.6613843,11.409361,7
8595,-2.311471,-1.5575874,1
8596,-4.4609647,12.286076,7
8597,5.786738,5.0492063,3
8598,2.6021643,-1.2080928,2
8599,2.5643961,-1.0515876,2
8600,-1.7485656,13.343039,4
8601,-0.56331885,10.897699,9
8602,-2.1184206,-1.8203754,1
8603,-0.4859141,14.754351,4
8604,-3.2658322,10.295961,7
8605,6.066503,5.442673,3
8606,6.843014,6.3124537,3
8607,0.8884518,6.48723,8
8608,1.4134015,11.922075,9
8609,3.7534158,-1.2519075,2
8610,-2.7815633,-2.9422503,1
8611,3.5795557,-1.0499605,2
8612,15.57518,8.667876,0
8613,3.661384,-1.2970572,2
8614,2.4426663,0.20731689,2
8615,-3.0995524,-0.098907016,1
8616,-4.9800696,10.524493,7
8617,3.6254346,-1.2411379,2
8618,0.75064236,7.2176843,8
8619,1.2988081,7.550977,8
8620,0.7341264,12.079105,9
8621,11.055109,5.242286,6
8622,-0.90292394,12.774354,4
8623,3.0745323,5.2578373,5
8624,3.7190294,7.4354777,5
8625,-3.3101978,0.5586356,1
8626,-0.5606128,11.922619,9
8627,11.565986,4.9755645,6
8628,11.583182,5.924332,6
8629,-4.9348855,11.434915,7
8630,-0.24960588,11.90636,9
8631,2.8953085,-0.98189217,2
8632,2.2108905,-1.0688745,2
8633,-1.9145216,-3.0844717,1
8634,-0.10290323,13.572709,4
8635,6.2854214,6.579452,3
8636,10.003155,3.1277652,6
8637,-4.51081,10.9346285,7
8638,11.76779,6.582686,6
8639,4.382944,5.947101,5
8640,1.759812,-0.41851044,2
8641,-0.65499693,10.522277,9
8642,4.0860987,6.7942824,5
8643,6.0725603,4.7941337,3
8644,1.0680325,13.895986,4
8645,0.57435054,7.6100426,8
8646,5.3608356,7.5560393,5
8647,-4.7012544,10.49154,7
8648,-3.0055273,-2.2312062,1
8649,3.056899,5.0382047,5
8650,0.9487132,13.827736,4
8651,-4.7055974,10.090949,7
8652,-2.1451058,-0.9156594,1
8653,16.21206,7.6763334,0
8654,0.42095527,12.099631,9
8655,-4.7478733,11.2164135,7
8656,5.3691044,7.521138,5
8657,-0.82861084,14.074958,4
8658,11.332003,5.6921153,6
8659,0.56353605,6.928249,8
8660,-1.4245965,-3.7397883,1
8661,0.5343032,7.6272774,8
8662,0.16778122,6.508837,8
8663,3.9258568,-0.70849013,3
8664,-2.6854148,-0.52115923,1
8665,-4.7974505,10.854012,7
8666,0.6297031,6.036141,8
8667,11.092411,5.098052,6
8668,5.481585,7.768292,5
8669,-0.7676018,10.436552,9
8670,3.0427551,-1.2737302,2
8671,-0.6855604,10.645348,9
8672,5.954424,6.068923,3
8673,-0.9314947,14.56921,4
8674,2.2353196,12.601559,9
8675,0.46035546,6.8827047,8
8676,1.8607706,12.846488,5
8677,-1.6546768,14.541954,4
8678,-0.17126346,-4.547888,1
8679,-3.2888598,1.4205077,1
8680,15.062708,8.930211,8
8681,15.9564495,6.9897723,0
8682,15.856435,7.498742,0
8683,11.565124,4.855047,6
8684,6.871349,4.2835393,3
8685,11.692298,5.1138105,6
8686,1.2337725,6.871479,8
8687,15.309631,7.7558513,0
8688,11.309905,5.45276,6
8689,-2.1779141,-1.7328501,1
8690,-3.518174,7.999067,8
8691,3.2298381,-1.167436,2
8692,10.749879,4.7722034,6
8693,0.016647812,6.952636,3
8694,-0.53220737,5.5110793,8
8695,0.5741333,14.931486,4
8696,0.9323213,13.607696,4
8697,11.00079,3.2074168,6
8698,-3.5357516,11.004044,7
8699,-4.722121,9.920563,7
8700,7.0462503,5.8762913,3
8701,-1.0422298,5.309319,8
8702,2.1927428,12.66928,9
8703,15.0522,7.216808,0
8704,-2.501141,-2.4930289,1
8705,-3.7374437,0.9183538,1
8706,-1.21429,13.359739,4
8707,3.3660226,-0.72439015,2
8708,4.8929677,5.0584416,3
8709,-1.2898208,10.574011,3
8710,6.7422667,5.5865073,3
8711,-0.08850179,15.066533,4
8712,10.919314,4.708408,5
8713,2.8628395,5.0956717,5
8714,5.4950476,5.8975167,9
8715,10.821494,2.3066163,6
8716,5.600933,6.1211457,3
8717,-4.8115573,10.001472,7
8718,-4.7293835,9.4700165,7
8719,-1.0688015,5.420317,8
8720,10.702359,4.8432937,6
8721,-0.29673353,10.913171,9
8722,0.33379206,6.0692782,8
8723,15.8942795,7.1377635,0
8724,14.15524,6.8386793,0
8725,-4.3075476,1.2166421,1
8726,9.946893,3.133904,6
8727,3.7926824,-0.7092601,2
8728,4.2053246,6.7292886,5
8729,-4.9295573,9.331848,3
8730,0.7424515,5.8168592,8
8731,3.6589868,5.7443333,5
8732,1.2572502,7.2046285,8
8733,10.770983,2.3519058,6
8734,3.0135596,5.068304,5
8735,-4.732856,10.047272,7
8736,0.77741563,12.463178,9
8737,-0.5322945,14.812397,4
8738,-2.0265284,-1.3361193,1
8739,14.961928,7.3885527,0
8740,2.6088896,-1.0519242,2
8741,-3.7740262,9.5843315,7
8742,2.9407742,-1.3995947,2
8743,3.3450186,-0.9148829,2
8744,6.359094,7.028462,5
8745,-1.6023567,11.184591,9
8746,-0.23662116,6.0607505,8
8747,-0.6902018,14.604203,4
8748,3.747458,6.7630353,5
8749,3.291219,0.1457379,2
8750,1.5773966,12.561849,9
8751,-1.6634096,10.293135,9
8752,3.7900026,-0.34399065,2
8753,-0.8081857,5.057696,8
8754,15.216558,8.345513,0
8755,-0.851307,15.204671,4
8756,6.8626266,6.3259907,3
8757,3.0664392,4.927355,5
8758,-4.141951,11.082193,7
8759,-0.5634967,4.9192476,8
8760,-4.2374654,0.603557,1
8761,2.1593208,4.4327717,8
8762,6.277418,5.793994,3
8763,16.6544,7.855429,0
8764,0.4819226,6.775187,8
8765,-3.3725615,8.507148,3
8766,4.238484,6.2158585,5
8767,2.6616335,4.9178886,5
8768,1.1388983,14.526793,4
8769,-1.0000011,15.251298,4
8770,10.108462,3.412319,6
8771,5.4826674,3.7645314,3
8772,-1.9248581,10.799035,1
8773,5.423944,3.7458367,3
8774,10.967991,5.26646,6
8775,-1.1909405,15.027311,4
8776,-1.0223665,11.883606,9
8777,10.957233,2.763315,6
8778,-1.0399189,-3.3819387,1
8779,3.0861928,5.204649,5
8780,2.4402168,7.000249,8
8781,-4.1130066,0.6950259,1
8782,-0.22342403,6.4221215,8
8783,-4.034176,9.285758,7
8784,3.556761,-1.4864604,2
8785,-4.0138326,2.8232214,8
8786,5.940595,5.2475524,3
8787,-0.9204105,15.11671,4
8788,14.639321,7.576086,0
8789,3.0534074,5.0406923,5
8790,4.806374,4.5759664,3
8791,-4.846077,10.844543,7
8792,11.51373,3.4785995,6
8793,3.9813504,-0.80605197,2
8794,5.518637,4.326284,3
8795,5.2888527,4.0531106,3
8796,0.5695408,13.523177,4
8797,10.667225,2.3187823,6
8798,-3.6978645,9.761376,7
8799,10.668676,2.19989,6
8800,5.9632583,4.894469,3
8801,-4.0560765,8.787239,7
8802,-1.0109714,10.815393,9
8803,-4.4754205,9.613361,7
8804,-4.3129992,11.165997,7
8805,-4.318909,9.246984,7
8806,-3.7905855,-0.43499753,1
8807,11.090923,4.2940392,6
8808,5.7344146,5.876781,3
8809,15.599879,6.9635725,0
8810,3.3459027,0.3706017,2
8811,-3.8011026,1.4031316,1
8812,14.949269,8.884743,0
8813,14.744609,6.3431067,0
8814,10.074515,3.1755552,6
8815,-2.9303548,-0.6021871,1
8816,6.8456244,4.8339853,3
8817,10.793975,2.3081086,6
8818,5.4342194,4.8437653,3
8819,2.6228187,5.3191705,5
8820,10.557253,5.0951347,6
8821,-1.1960771,10.035369,3
8822,10.828909,2.7248244,6
8823,-3.6517022,1.3288175,1
8824,5.252349,6.607737,3
8825,-0.99500465,15.096756,4
8826,11.571358,6.4952393,6
8827,-4.350358,8.719172,7
8828,-3.6508312,11.35965,7
8829,10.671142,3.2888288,6
8830,6.2453427,6.5922565,3
8831,3.5325563,-0.7917705,2
8832,-0.6000549,11.385156,4
8833,3.2504456,0.29500702,2
8834,2.8403962,-1.0258023,2
8835,2.5855684,4.7432866,5
8836,-2.4254305,-2.8835363,1
8837,-1.1324786,10.5166025,9
8838,15.588734,8.595471,0
8839,-4.069466,1.9988682,1
8840,-1.0285978,14.289913,4
8841,3.9946318,-0.6178522,2
8842,0.6239165,13.85847,4
8843,2.6869147,-0.43583843,2
8844,3.1478384,0.019533912,2
8845,-4.055166,9.307838,7
8846,10.3124275,2.6061919,6
8847,-1.8417255,10.367602,9
8848,11.548335,6.5679693,6
8849,-3.1832824,8.910021,7
8850,10.48093,4.5597258,6
8851,-1.7761209,10.127435,9
8852,1.5633407,-0.6267352,2
8853,-3.5461245,8.226607,2
8854,-1.40485,9.840623,4
8855,16.054094,7.4352303,0
8856,3.471832,6.6428823,5
8857,-1.3291706,10.373936,4
8858,1.6418679,-0.6334668,2
8859,-0.6805715,5.1429753,8
8860,10.094684,2.407797,6
8861,-3.881979,9.100673,7
8862,11.335115,6.203987,6
8863,15.2321005,5.8136973,0
8864,2.676129,-0.8779682,2
8865,-1.6145904,9.4611025,3
8866,-3.4777842,11.292313,7
8867,-0.75636417,4.8471966,8
8868,10.8968935,4.2623878,6
8869,-1.9028673,15.300332,4
8870,11.14002,5.0881853,6
8871,10.725804,2.2437124,6
8872,0.1475186,13.475914,4
8873,-4.2102985,1.7630614,1
8874,0.2762903,14.215968,4
8875,-1.0457407,15.098392,4
8876,3.2962313,6.354496,5
8877,15.314623,6.0752344,0
8878,1.995137,-1.0010798,2
8879,0.1621562,5.8989954,3
8880,5.9337378,4.989046,3
8881,10.560431,2.3302722,6
8882,5.835697,6.355378,3
8883,-3.3948824,8.18889,2
8884,5.1093464,5.7817097,3
8885,14.795239,7.5705853,0
8886,3.5158503,-0.3803675,2
8887,-1.9365774,14.877245,4
8888,5.874389,6.279481,3
8889,-1.0646269,5.321576,8
8890,0.6371447,13.311636,4
8891,-4.216252,1.9934969,1
8892,1.5153092,7.75397,8
8893,5.4309726,3.9531982,3
8894,15.300502,7.7422304,0
8895,-4.038564,2.812622,1
8896,15.346829,6.1107154,0
8897,15.2564535,6.843194,0
8898,10.148194,2.4491107,6
8899,-1.3376117,10.184518,9
8900,3.0318263,6.15239,5
8901,15.6208725,7.9336433,0
8902,0.47333223,12.301123,9
8903,-2.6234024,-0.1842538,1
8904,2.5493166,-0.7637007,1
8905,3.0561345,-0.80798656,2
8906,0.4462568,14.106517,4
8907,5.865443,5.693099,3
8908,10.094036,3.1345708,6
8909,3.877941,7.032198,5
8910,-4.288763,10.269246,7
8911,11.174362,4.8790355,6
8912,14.862917,7.6894507,0
8913,-4.279981,11.301985,7
8914,-0.32232657,13.546711,4
8915,-0.34526357,5.519314,8
8916,-3.3538485,-1.6582884,1
8917,15.909451,8.158596,0
8918,1.6687576,7.987856,8
8919,-2.7767105,-0.2734895,1
8920,0.037235107,7.6076183,8
8921,3.378294,-0.58003896,2
8922,1.3527665,-0.68959945,2
8923,6.0645833,5.6390142,3
8924,3.3079648,0.6018532,2
8925,-1.2996433,14.166333,4
8926,14.006216,6.9246526,0
8927,3.5102162,6.9293056,5
8928,-0.4596917,6.1228886,8
8929,11.517616,5.2966075,6
8930,-0.80559224,13.947469,4
8931,-4.709954,10.44521,7
8932,16.49496,7.659059,0
8933,-0.27537715,5.4674754,8
8934,-1.5343214,12.772006,1
8935,16.106073,7.874289,0
8936,5.60871,5.300546,3
8937,-2.646242,-0.06816072,1
8938,3.8854542,6.8018374,5
8939,2.8493955,-0.98882,2
8940,10.572209,3.611733,6
8941,6.0882607,5.832077,3
8942,11.232675,5.4335284,6
8943,-1.621266,14.038898,4
8944,0.75775534,14.056326,4
8945,3.9501874,6.743151,5
8946,6.7558656,6.5084186,3
8947,11.012099,4.17333,6
8948,6.8754625,5.4598985,3
8949,-4.767171,10.997176,7
8950,1.3939561,13.979596,4
8951,-0.24926147,5.401913,8
8952,3.2007337,-1.3240583,2
8953,-1.4509655,10.976072,9
8954,-5.191257,12.299784,7
8955,-0.004903106,5.402328,8
8956,0.39537728,13.987183,4
8957,6.4766073,5.038056,3
8958,5.8254027,6.4667716,3
8959,-3.899184,10.131687,7
8960,2.6758964,-0.79745466,2
8961,15.077307,8.360474,0
8962,-0.013653141,13.541761,4
8963,-3.2969103,-1.0737994,1
8964,1.0521703,14.421671,4
8965,-3.615812,9.591535,7
8966,-3.8537903,10.673118,2
8967,5.648507,5.089547,3
8968,2.1041574,12.632133,9
8969,15.329309,7.79389,0
8970,-2.7082255,-0.25782228,1
8971,-1.6462765,11.100646,9
8972,3.264927,-0.9755497,2
8973,-0.85467964,14.171595,4
8974,10.0763445,2.7041738,6
8975,3.3526628,6.6332903,5
8976,5.7219224,5.261849,3
8977,3.8108444,-1.2560644,2
8978,2.632138,-1.3477482,2
8979,15.558971,7.4127846,0
8980,-4.3145638,11.6952305,7
8981,11.327914,4.9339604,6
8982,14.493291,7.200494,0
8983,3.263029,-1.5994313,2
8984,-1.1969529,-3.0281672,1
8985,-2.5941615,-2.5541964,1
8986,5.282017,7.118409,5
8987,-2.9362702,-2.058506,1
8988,4.642903,7.580695,5
8989,-1.8494928,-1.5711745,1
8990,-5.0304966,11.930215,7
8991,-5.1101418,10.568067,7
8992,-2.1921697,-1.5666419,1
8993,3.6613102,-0.820809,2
8994,11.22122,4.4767785,6
8995,-1.6100101,14.311013,4
8996,0.9585797,13.655858,4
8997,3.2514725,-1.0297787,2
8998,0.77014035,12.72739,9
8999,-0.7801716,11.684754,9
9000,11.645776,6.029433,6
9001,-4.181853,9.599907,7
9002,-2.4308064,9.670788,9
9003,15.467952,8.449623,0
9004,6.9039807,5.31014,3
9005,15.642534,8.342152,0
9006,5.766734,5.350596,3
9007,-4.2897387,9.449128,7
9008,-0.4409113,4.960103,8
9009,3.7561023,6.333523,5
9010,11.03521,3.584048,6
9011,-3.6957674,0.3377417,1
9012,-0.68209404,-4.316011,1
9013,-2.798646,0.34308523,1
9014,1.4227656,7.4531813,8
9015,10.5824,3.931721,6
9016,11.658937,6.4789815,6
9017,-3.2314067,0.31198457,1
9018,14.718603,8.644287,0
9019,-0.026522059,5.4197273,8
9020,1.3132863,7.4027023,8
9021,3.723284,-1.3261743,2
9022,-3.9065082,10.991141,7
9023,-4.824937,11.601995,7
9024,10.872338,4.749575,6
9025,-1.2329721,13.304831,4
9026,0.56419855,14.611067,4
9027,15.157472,6.8559294,0
9028,5.2905474,6.8325677,5
9029,-1.7607772,13.961392,4
9030,-0.6568006,12.70864,4
9031,3.1642497,0.3226897,2
9032,14.047195,6.799644,0
9033,4.1419926,7.4605045,5
9034,14.991724,7.284598,0
9035,15.311886,8.036339,0
9036,2.6827304,-0.33383,2
9037,5.826525,5.7997904,3
9038,14.46244,7.125916,0
9039,-1.7969166,-1.5784314,1
9040,1.7615522,12.628668,4
9041,-1.9709892,10.172419,9
9042,11.387045,4.9260383,6
9043,-3.8252316,1.4479662,1
9044,3.228405,5.299124,5
9045,-2.7271454,-2.1177828,1
9046,0.27128306,14.854933,4
9047,15.616037,7.850301,0
9048,14.536826,6.449344,0
9049,11.04968,5.3586097,6
9050,0.57784843,6.44197,8
9051,-1.5940726,11.17501,9
9052,-3.6458433,8.667149,7
9053,6.1370363,5.798986,3
9054,2.255898,-0.8041044,2
9055,15.010712,7.6634116,0
9056,16.321877,6.861728,0
9057,-0.20507379,5.4774427,8
9058,11.440165,6.101977,6
9059,5.711701,5.2536516,3
9060,-3.955717,11.018667,7
9061,-1.4673297,11.028174,9
9062,4.6992655,7.6946473,5
9063,10.911878,3.7488477,6
9064,4.8385315,7.6784725,5
9065,6.997353,5.2088475,3
9066,0.8626573,12.294805,9
9067,14.985731,6.8010483,0
9068,10.679826,3.4621992,6
9069,-2.0035372,-2.4868033,1
9070,0.1254724,11.599632,9
9071,0.6090699,14.075746,4
9072,-2.9601593,-1.0799721,1
9073,5.0852404,7.2961073,5
9074,5.8881583,6.4934206,3
9075,9.855764,3.8561707,6
9076,0.9911201,6.7004614,8
9077,-4.2506,11.443482,7
9078,1.1804874,6.6680593,3
9079,0.51339024,7.1145377,8
9080,6.337888,5.5725985,3
9081,0.1777475,12.857058,9
9082,-4.914189,9.771194,7
9083,14.8420925,6.9627223,0
9084,4.72582,7.4177814,5
9085,-1.931631,-2.9662163,1
9086,-4.379091,11.710739,7
9087,4.000238,-1.1846504,2
9088,1.2369888,6.360752,8
9089,5.151495,4.7979198,3
9090,11.713085,5.479776,6
9091,-0.5409285,13.598558,4
9092,3.7599723,-1.3714452,2
9093,4.0216236,7.105872,5
9094,10.4740925,4.7071733,6
9095,10.550462,4.4538465,6
9096,5.229401,7.3668537,5
9097,-3.072547,10.588164,7
9098,6.767804,5.0262685,2
9099,0.34652972,6.359366,8
9100,1.5416702,14.282812,4
9101,15.658203,6.5138597,0
9102,-4.7947416,10.227108,7
9103,-2.8577738,-1.3021755,1
9104,-1.8158958,-1.2861595,2
9105,3.5076835,-0.46537453,2
9106,-2.4213147,-0.9709746,1
9107,5.581172,5.7449408,3
9108,-1.8672899,13.536873,4
9109,-0.56862897,13.958245,4
9110,-1.7661248,-1.5494845,1
9111,3.0179808,6.471202,5
9112,0.13331404,5.67115,8
9113,10.2992325,3.7431154,6
9114,-0.569895,12.273964,9
9115,-4.167724,11.259173,7
9116,1.5985761,14.259795,4
9117,-0.5297256,6.1013355,8
9118,2.1896334,12.74634,9
9119,-1.3410059,11.980826,9
9120,10.160127,2.6609857,6
9121,-2.9975312,-2.1887581,1
9122,-0.5877146,12.173072,9
9123,10.757903,5.335504,6
9124,5.222163,7.2708416,5
9125,-0.30309156,6.3653116,8
9126,9.786042,3.5341809,6
9127,-1.1096632,11.849987,9
9128,0.9527661,12.005631,9
9129,0.67770624,12.273429,9
9130,-1.3602549,-3.1085374,1
9131,15.582702,7.4749565,0
9132,-1.2489072,11.519932,9
9133,-2.7254121,-1.7292281,1
9134,0.7011353,6.8013296,8
9135,14.906915,6.2488303,2
9136,-3.0369647,-2.58713,1
9137,-0.45929796,14.005968,4
9138,3.0406659,6.6829405,5
9139,-1.3894525,14.245243,4
9140,6.0906215,5.4354243,3
9141,4.812678,4.6494536,3
9142,14.99154,8.550225,0
9143,-3.2623713,10.55781,7
9144,11.2953825,4.414614,6
9145,-1.2868268,13.591042,4
9146,6.200524,5.055867,3
9147,-1.7472478,14.268652,4
9148,0.80413145,14.714745,4
9149,-1.6996275,14.307551,4
9150,0.7390811,12.433334,9
9151,16.076681,7.186434,0
9152,5.5653963,7.8058453,8
9153,5.6755095,4.051347,3
9154,0.008317453,6.7918186,8
9155,-0.13430443,5.74794,8
9156,11.090999,4.927558,6
9157,-4.4235053,10.44617,7
9158,15.517449,8.952164,0
9159,2.7962174,5.218318,5
9160,3.1464639,5.222013,5
9161,-2.5035205,-2.6822224,1
9162,-3.9140084,8.671637,7
9163,3.027387,6.5561986,5
9164,1.0465338,7.143162,8
9165,-0.5725985,5.7520747,8
9166,15.424277,7.5755897,0
9167,0.9692279,12.082018,9
9168,5.8774424,5.625659,3
9169,3.673481,-1.5607339,2
9170,5.054916,6.980746,5
9171,3.4025838,6.090617,5
9172,1.6792507,14.407665,4
9173,-2.4393551,-2.759555,1
9174,11.789083,5.369093,6
9175,-2.675355,-1.521009,1
9176,1.600842,12.144974,9
9177,11.11805,5.589576,6
9178,1.7714924,7.2753944,8
9179,4.1021423,-1.282852,2
9180,6.362517,4.022225,3
9181,-2.4817054,-2.1002793,1
9182,5.5958247,5.3852625,3
9183,6.792117,6.2229943,3
9184,5.3591723,5.48621,3
9185,0.30297875,6.5088205,8
9186,2.1485941,-0.93786764,2
9187,10.074105,3.5175312,6
9188,-3.4498773,9.346427,7
9189,0.18736717,13.580729,4
9190,-0.45645663,12.947866,4
9191,1.7491261,12.403008,9
9192,6.40604,4.7281914,3
9193,15.399334,6.0397716,2
9194,14.321683,7.8296094,0
9195,14.983116,7.654174,0
9196,14.87521,8.327745,0
9197,15.682477,7.938857,0
9198,-3.5562785,11.188199,7
9199,-2.9553819,-2.8060465,1
9200,-4.958856,10.536012,7
9201,10.194936,4.487987,6
9202,11.651535,6.554294,6
9203,3.787785,-1.237773,2
9204,15.187055,8.868325,0
9205,3.4526033,6.9916706,5
9206,10.666088,4.1234746,6
9207,4.189269,7.156893,5
9208,1.8261405,7.321368,8
9209,14.867185,7.5982165,0
9210,11.506767,5.5713525,6
9211,3.4191902,0.63603145,2
9212,2.6544292,-1.3951125,2
9213,0.3316845,6.155937,8
9214,-4.50152,10.834501,7
9215,14.865188,6.5358834,0
9216,-0.35030812,13.080824,4
9217,10.2203245,4.0490823,6
9218,2.7961307,-0.073625244,2
9219,1.0498658,6.6828833,8
9220,-4.588585,9.432575,8
9221,-2.3321679,-1.7898251,1
9222,14.208221,7.0211477,0
9223,-4.035384,11.302935,7
9224,-4.0391307,9.114276,7
9225,0.51524514,12.025081,9
9226,5.7492995,6.492859,3
9227,-2.0811882,-3.0378203,1
9228,3.1444516,6.53887,5
9229,1.0015299,12.134367,9
9230,6.331707,4.2622223,3
9231,3.1987646,-1.2469898,2
9232,3.9363005,6.6142683,5
9233,10.172629,4.43244,6
9234,0.77803785,5.9001,8
9235,-3.1080673,10.505992,7
9236,3.9089472,6.730996,5
9237,10.490321,4.1834807,6
9238,0.45352954,12.376449,9
9239,10.867535,4.6435623,6
9240,-3.0527954,-1.7405308,1
9241,0.33242902,6.318037,8
9242,3.9226174,-0.06618373,2
9243,-3.7617702,9.774945,7
9244,11.15037,5.9603925,6
9245,-0.8825964,13.979674,4
9246,3.133996,-1.2902987,2
9247,0.09053903,11.851617,9
9248,1.4475846,-0.53013104,2
9249,4.0593433,-1.2038608,2
9250,0.97826,6.816789,8
9251,-2.371714,-2.5020893,1
9252,3.928091,-1.636805,2
9253,5.4510384,4.7020392,3
9254,10.522341,3.8458395,6
9255,4.9312334,4.764452,3
9256,-1.098744,-3.2859468,1
9257,15.8246155,7.3430877,0
9258,4.8769226,-1.0559657,2
9259,3.598686,6.62234,5
9260,-1.327195,-4.002079,1
9261,2.728629,5.478434,5
9262,10.907757,5.3364544,6
9263,-4.042545,11.177156,7
9264,-2.292215,-3.0983548,1
9265,0.6371055,12.047356,9
9266,-3.383897,8.985789,2
9267,-3.6853223,11.088278,7
9268,5.4550705,5.578235,3
9269,15.102801,6.485694,0
9270,-4.1208124,10.855294,7
9271,2.6624353,-1.1273626,2
9272,5.4678817,5.766642,3
9273,-4.162878,11.263177,7
9274,-4.114771,10.717209,7
9275,0.55632466,11.931073,9
9276,-3.3883593,10.014268,7
9277,-2.7813833,-2.066529,1
9278,6.1494637,6.174628,3
9279,3.5715396,7.062431,3
9280,10.63384,3.8004105,6
9281,10.210299,3.8582702,6
9282,0.39267522,14.124089,4
9283,-3.616136,10.96171,7
9284,3.0990584,-1.3143224,2
9285,0.44530794,5.701327,8
9286,-3.486829,11.476044,7
9287,14.406462,6.0368805,0
9288,-2.571724,-2.1325052,1
9289,4.911156,5.135315,3
9290,-0.023756027,12.863828,9
9291,2.8906558,6.472594,5
9292,-2.9301665,-2.2446826,1
9293,5.1434965,4.6982636,3
9294,-3.405477,8.852126,3
9295,9.995686,4.0773,6
9296,15.774147,7.995523,0
9297,16.020916,7.1846404,0
9298,-3.4874723,-0.2556944,1
9299,-3.0808554,-0.26848567,1
9300,6.779615,5.436339,3
9301,4.541631,-1.3407243,2
9302,5.695944,3.3307989,3
9303,5.380267,5.4091415,3
9304,0.58520997,12.281367,9
9305,11.826111,5.1574473,6
9306,2.1987379,12.697188,9
9307,-5.3808465,10.318883,7
9308,1.3920991,12.499787,9
9309,-0.53108,5.9295726,8
9310,15.152353,8.498783,0
9311,-0.64600325,10.480971,9
9312,-3.568299,-0.9897084,1
9313,16.317997,8.548032,0
9314,0.88818294,6.5603304,8
9315,-2.470624,-0.53235275,1
9316,10.647602,3.8656523,6
9317,4.4259443,-1.3626809,2
9318,1.5172578,-0.6806986,2
9319,6.1519246,5.832199,3
9320,2.9878523,5.8723717,5
9321,0.6055463,14.634542,4
9322,14.558133,7.1929297,0
9323,2.6738207,4.6921625,5
9324,6.22008,4.7742896,3
9325,10.6524935,2.7390556,6
9326,4.966016,6.382076,5
9327,-4.933048,11.263549,7
9328,3.4929748,6.7347565,5
9329,16.402325,8.385191,0
9330,2.9196079,6.085945,5
9331,-3.9879186,0.44467074,1
9332,-3.442405,0.11215109,1
9333,4.3654413,-1.1779464,2
9334,0.274185,6.5039873,8
9335,6.955637,5.6935368,3
9336,5.657188,7.734239,5
9337,0.38566512,14.867288,4
9338,10.508208,4.322886,6
9339,2.8615026,4.938195,5
9340,5.5744686,6.8921885,5
9341,11.384766,3.858548,6
9342,15.512652,7.132387,0
9343,-5.4065304,10.1307955,7
9344,2.0104723,7.508505,5
9345,-0.35418105,6.016029,8
9346,1.8994143,12.777857,9
9347,-0.7402727,9.993368,9
9348,-0.7778394,15.021121,4
9349,0.57997864,6.42546,8
9350,-1.8217212,-1.4084889,1
9351,-4.66825,10.495119,7
9352,3.6759589,7.0297475,5
9353,-0.59329814,14.161847,4
9354,-2.54856,-3.5033443,1
9355,6.6978617,5.5988555,3
9356,-4.859345,10.729172,7
9357,0.26184532,10.886419,9
9358,0.44235948,6.542776,8
9359,1.3188292,6.7100797,8
9360,3.5651002,-1.272999,2
9361,-0.11066524,6.496384,8
9362,-1.4543543,14.162838,4
9363,5.845311,5.4568715,3
9364,1.7738354,7.4056745,8
9365,-3.1654012,1.0549449,1
9366,4.5543923,7.533533,5
9367,2.595542,4.6188297,5
9368,5.187582,7.874203,5
9369,0.4392168,5.649401,8
9370,-1.0290151,13.062689,4
9371,4.213809,-1.501977,2
9372,4.872489,5.0636754,9
9373,-4.4530287,10.318609,7
9374,2.789775,-0.83941686,2
9375,-0.14530991,14.659839,4
9376,2.8008616,5.983081,5
9377,4.583563,-0.88990164,2
9378,-0.19967392,-4.5432796,1
9379,10.720661,4.703714,6
9380,6.3815384,6.618063,3
9381,3.7123735,6.5077252,5
9382,-4.091885,8.8227005,7
9383,4.0493073,-0.98331827,2
9384,3.1812992,6.597717,5
9385,0.11367077,14.663659,4
9386,6.6072216,5.7095146,3
9387,3.4214182,6.0463347,5
9388,-0.1198779,13.910103,4
9389,10.996537,3.8350005,6
9390,1.7619916,11.943257,9
9391,-1.0535734,14.668843,4
9392,0.59114534,14.942688,4
9393,-3.7322376,0.87596226,1
9394,1.1314149,11.993028,9
9395,-4.6310925,9.494403,7
9396,-0.6233055,5.4031987,2
9397,2.6721737,4.838681,5
9398,1.998124,-0.3361872,2
9399,-3.5028732,0.9849779,1
9400,6.2174935,6.4094133,3
9401,5.9679427,4.9463706,3
9402,14.305676,8.1886215,0
9403,5.7126985,5.976358,3
9404,-3.7811084,-0.16588195,1
9405,11.671093,4.7100744,6
9406,14.473504,6.685539,0
9407,-1.210145,10.2026205,9
9408,2.1907883,7.614399,8
9409,11.493787,3.1982343,6
9410,1.7161705,14.40883,4
9411,5.9350057,4.8322167,3
9412,6.6434526,4.735317,3
9413,7.0962677,5.5562363,3
9414,5.054441,6.8115253,5
9415,-2.2703135,-1.6937405,1
9416,-5.160259,12.0465145,7
9417,10.365618,2.6859646,6
9418,6.0392957,5.6469955,3
9419,4.5002556,6.3608027,5
9420,5.3061376,5.801371,3
9421,10.947957,3.6889212,6
9422,14.456524,7.9863124,0
9423,-2.16704,-2.7274065,1
9424,6.2339044,4.722454,3
9425,-0.90418214,10.838023,9
9426,-5.0821214,12.349575,7
9427,6.432947,3.9028707,3
9428,5.7690487,5.150593,9
9429,-4.7963643,9.624231,7
9430,-3.272242,-1.9413619,1
9431,-0.9609267,14.8964405,4
9432,-3.240557,10.725358,7
9433,0.3128258,14.83363,7
9434,-4.326628,11.322655,7
9435,16.638702,8.078898,0
9436,0.4170698,14.809729,4
9437,-0.29037836,10.339294,9
9438,10.199668,3.434184,6
9439,16.207403,7.352344,0
9440,14.928824,8.713372,0
9441,16.735064,7.193904,0
9442,-1.3030398,13.25487,4
9443,6.441928,3.6955488,3
9444,-4.7109747,10.176262,7
9445,-4.850567,9.493387,7
9446,10.778631,4.0580206,6
9447,-0.948157,10.086448,9
9448,5.165126,4.8235745,9
9449,3.972344,0.05234112,2
9450,4.83322,6.8689885,5
9451,16.660986,7.740292,0
9452,14.163696,8.027912,0
9453,-3.5704427,0.62049025,1
9454,-4.5448546,10.911427,7
9455,15.086543,6.376576,0
9456,15.8989725,8.7618885,0
9457,-3.0466552,0.3945048,1
9458,14.8610935,8.445792,0
9459,15.490594,7.436131,0
9460,10.642143,3.3533645,6
9461,-1.8479841,14.222973,4
9462,4.282307,6.6981444,5
9463,15.591185,5.9342217,0
9464,3.413209,6.4399467,5
9465,-0.82282585,14.016641,4
9466,5.2402987,5.9140325,3
9467,-4.903711,9.67677,7
9468,11.690443,6.5073566,6
9469,-0.9590622,9.923638,9
9470,-3.3206267,10.728883,7
9471,4.112325,-0.7068116,2
9472,3.6724515,0.52584577,2
9473,15.164894,7.016294,0
9474,-2.402454,-3.713586,1
9475,10.997084,2.8035908,6
9476,15.018495,8.931219,0
9477,4.5516768,-0.76897585,2
9478,15.245659,8.027142,0
9479,4.576327,-0.91655046,2
9480,-1.7181084,-3.670145,1
9481,-0.9846525,9.73151,9
9482,5.3187747,4.591787,3
9483,-1.3516717,9.561334,9
9484,2.5557578,-0.80644476,2
9485,14.803281,8.5577755,0
9486,11.145275,5.756553,6
9487,-0.8361232,-4.0436516,1
9488,3.747833,-1.627072,2
9489,3.8722124,-1.6743778,2
9490,1.2363194,7.0946217,8
9491,5.44913,5.7950478,3
9492,-3.3244264,-1.9098209,1
9493,1.2127912,13.8393345,4
9494,-5.1751213,12.230474,7
9495,3.08123,6.5701756,5
9496,0.24386969,14.918146,4
9497,11.640401,5.7476373,6
9498,-3.4472797,10.319633,7
9499,-5.099708,12.319351,7
9500,10.525008,3.2087393,6
9501,-0.2581434,6.017157,8
9502,-5.14739,12.227189,7
9503,0.76210934,12.613878,9
9504,-1.9533067,10.389897,9
9505,14.8308525,8.639991,0
9506,15.521816,6.274422,0
9507,-0.71706796,-4.092525,1
9508,1.832397,-0.58735245,2
9509,3.6312304,-1.5380443,2
9510,-4.685687,8.921954,7
9511,5.713612,5.537988,3
9512,10.169045,3.2468815,6
9513,1.0140344,13.2882185,4
9514,4.799661,7.4455004,5
9515,2.879551,5.8567576,5
9516,5.086993,4.7265615,3
9517,11.641749,5.9877462,6
9518,3.795727,-1.9263078,2
9519,-4.5503607,11.94718,7
9520,5.918392,6.192194,3
9521,-0.19774328,6.528592,8
9522,-5.358584,10.587566,7
9523,14.504326,8.260436,0
9524,15.327714,8.23225,0
9525,-1.2309992,-3.179532,1
9526,10.302465,2.3524013,6
9527,3.9048946,-1.4363956,2
9528,10.009367,3.3341613,8
9529,5.463292,5.3341293,3
9530,15.1147175,6.939804,0
9531,3.0333974,6.1647716,5
9532,1.7707142,12.551463,9
9533,11.772144,6.217917,6
9534,9.643839,3.3568404,6
9535,-4.8663993,12.09257,7
9536,0.39513257,14.903349,4
9537,-0.5981942,6.0473695,8
9538,-4.775652,9.004295,7
9539,3.5643456,5.541585,5
9540,-2.7991087,-1.6591257,1
9541,0.016267838,13.273391,4
9542,1.6099833,-0.7625484,2
9543,-0.09356524,6.321531,8
9544,15.780128,8.228093,0
9545,-4.0892253,11.339238,7
9546,3.760037,-1.6356866,2
9547,-0.042844553,13.325212,4
9548,-3.715849,10.841511,7
9549,-4.89837,12.007513,7
9550,-1.8962053,-3.1172585,1
9551,-4.074136,11.097791,7
9552,16.401579,8.46544,0
9553,6.6726804,5.6041565,3
9554,-0.78451306,5.1823993,8
9555,0.7967368,12.632688,9
9556,10.464479,4.730078,6
9557,0.11326698,6.455406,8
9558,-0.1177986,13.564123,4
9559,-0.68576634,6.1547513,8
9560,-4.0445395,10.775926,7
9561,5.2397943,5.0036836,3
9562,-1.0407795,-3.738045,1
9563,-1.0480368,-3.939155,1
9564,1.5424155,6.69145,8
9565,3.500892,6.7671304,5
9566,0.021452513,13.729559,4
9567,0.14158063,6.419929,8
9568,4.698171,6.199974,5
9569,3.1097083,-1.6751999,2
9570,-2.7741444,-3.0823874,1
9571,-4.592873,11.429531,7
9572,2.914863,-0.71947277,2
9573,1.1478679,13.77304,4
9574,11.734652,6.562779,6
9575,2.828596,-1.2303417,2
9576,10.700719,5.446412,6
9577,11.003884,5.7396665,6
9578,3.6882808,6.4298754,5
9579,-2.2364547,-3.06026,1
9580,10.468458,3.179436,6
9581,3.3635542,5.472593,5
9582,-3.4851778,10.999492,7
9583,3.637035,-1.6754922,2
9584,-1.1066694,-3.239048,1
9585,0.68384355,13.637108,4
9586,0.17446299,14.871185,4
9587,4.027206,7.0648127,5
9588,-0.5610871,-4.1114297,7
9589,3.653493,7.0139256,5
9590,-2.5890505,-2.6836143,1
9591,-1.2520022,13.91393,8
9592,5.8838053,6.2946324,3
9593,10.643147,4.552417,6
9594,0.056158654,6.4889107,8
9595,0.08249845,13.378804,4
9596,10.732702,2.5407376,6
9597,0.9354233,13.637368,4
9598,-3.9523053,11.253101,7
9599,-1.0074507,-4.1858277,1
9600,2.9249942,-0.8949945,2
9601,0.06550846,6.4409513,8
9602,4.778388,4.847518,3
9603,-4.649072,12.029437,7
9604,3.3095486,-1.5999515,2
9605,3.3571312,5.966123,5
9606,-4.0156293,9.96544,7
9607,2.8146548,5.176311,5
9608,2.0384607,-0.6257089,8
9609,-1.6592388,-3.6080403,1
9610,6.5994887,5.831531,3
9611,-1.8816866,14.648128,8
9612,5.4418674,5.8846498,3
9613,1.8545631,12.7617,9
9614,1.2324251,12.677724,9
9615,-1.64599,-3.8394928,1
9616,-2.0788755,-1.4802815,1
9617,6.7062526,5.2230716,3
9618,-2.4379537,-3.2046068,1
9619,10.618473,4.795904,6
9620,5.16177,5.9044194,3
9621,5.547647,5.423052,3
9622,-3.11554,0.9120457,1
9623,5.971429,5.2170005,3
9624,6.1052647,6.243544,3
9625,4.1891913,-0.8983385,2
9626,-0.21262036,13.845428,4
9627,3.4364367,-1.8190278,2
9628,-0.78802156,-4.233732,1
9629,10.988783,5.4555454,6
9630,0.48515943,12.543646,9
9631,1.3171324,12.620423,9
9632,0.38390997,14.193847,4
9633,0.9632753,12.782217,9
9634,1.5202726,14.539629,4
9635,11.300422,5.562985,6
9636,6.2415504,4.9258285,3
9637,5.417528,5.446204,3
9638,6.385489,4.336177,3
9639,5.5777497,5.2831645,3
9640,-0.6371935,5.8419075,8
9641,-4.1857247,1.7720194,8
9642,1.3506536,12.540497,9
9643,-1.1242824,-3.3590808,1
9644,-4.8250914,8.706452,7
9645,11.391227,5.8852553,6
9646,4.153912,6.6470847,5
9647,3.4081092,5.8634152,5
9648,6.0483966,4.930815,3
9649,11.186139,5.2837343,6
9650,1.9951046,7.0695148,8
9651,-4.195127,2.4153185,8
9652,4.1817284,6.7273717,5
9653,-1.3271251,-3.234343,1
9654,1.274209,12.0747,9
9655,0.95239824,12.579926,9
9656,-4.15264,11.220854,7
9657,-4.5978255,11.925192,7
9658,4.5546274,-1.3462398,2
9659,11.134909,5.283574,6
9660,-5.3951306,11.738933,7
9661,-1.3068534,14.520596,8
9662,11.626788,5.299028,6
9663,5.6567154,5.382192,3
9664,6.9070964,6.0064464,3
9665,-4.7887435,12.094343,7
9666,15.46621,7.70016,0
9667,1.2118167,14.028213,4
9668,3.1672795,-1.1178119,2
9669,-4.614084,12.020941,7
9670,5.389704,5.3020115,3
9671,14.165868,7.2637806,0
9672,2.5054336,-0.075213976,2
9673,1.2472802,12.605772,9
9674,-3.2334528,1.2705358,1
9675,14.577652,6.538377,0
9676,-4.2957687,9.252844,7
9677,14.017659,6.1943374,0
9678,-2.7490017,-3.017329,1
9679,6.869064,5.471461,3
9680,5.3364797,5.5721464,3
9681,-4.6056676,12.043747,7
9682,3.985516,-1.1597337,2
9683,1.0248309,12.686591,9
9684,3.4181929,6.332742,5
9685,6.7154303,5.5211706,3
9686,2.1351767,7.20703,8
9687,14.94126,8.314646,0
9688,15.411224,8.800324,0
9689,3.7536585,-1.5771755,2
9690,4.861427,6.74009,5
9691,14.067682,6.836379,0
9692,10.6166725,3.2577875,6
9693,-1.37998,-2.8364363,1
9694,1.7287476,7.092383,8
9695,15.049679,8.453912,0
9696,5.88198,4.889685,3
9697,-1.7132095,-3.6411297,1
9698,15.959199,8.030826,0
9699,14.758451,8.32109,0
9700,10.730757,4.3560576,6
9701,1.0768964,13.865793,4
9702,10.313395,3.8839266,6
9703,14.064529,7.0725994,0
9704,0.5308697,14.47821,4
9705,-2.100763,-3.2955456,1
9706,6.697741,5.5509806,3
9707,14.1403475,7.239286,0
9708,-0.21083762,12.162381,9
9709,1.2183425,14.263778,4
9710,15.003705,8.535184,0
9711,-4.5073237,11.861713,7
9712,3.2287788,-1.556568,2
9713,0.7871454,12.627762,9
9714,1.335597,14.120653,4
9715,3.6726465,-1.6963096,2
9716,-3.8736975,11.501587,7
9717,14.606841,8.085685,0
9718,0.28113103,14.0128565,4
9719,11.137259,5.22397,6
9720,14.199143,7.8964505,0
9721,2.9715304,-1.5362529,2
9722,2.5816948,-0.96548545,2
9723,10.687786,4.856202,6
9724,-4.427783,9.840158,7
9725,3.9528193,-1.4592888,2
9726,0.9227182,7.1593432,8
9727,14.149038,7.110475,2
9728,-0.2420156,11.986087,9
9729,1.2713177,12.04019,9
9730,6.8072767,5.6200624,3
9731,0.82975817,12.700925,9
9732,1.8251923,7.1339602,8
9733,16.289019,7.5879393,0
9734,-1.2695363,-2.4807336,1
9735,-3.4161685,0.123963475,1
9736,1.8731345,-0.61223567,2
9737,3.9883728,-1.3240358,2
9738,2.9293773,6.1860127,5
9739,6.840718,4.90706,3
9740,-4.483938,11.955283,7
9741,-1.1691768,14.670811,4
9742,14.952696,7.58373,0
9743,3.3552456,5.5539136,5
9744,14.666936,6.722373,0
9745,11.633072,4.936965,6
9746,0.041018285,13.740842,4
9747,-4.1374364,9.166622,7
9748,2.5057025,-1.237774,2
9749,0.6987439,6.1909122,8
9750,15.7775755,7.952111,0
9751,-1.5344638,10.901735,9
9752,0.7145949,12.396113,9
9753,16.564577,7.8963614,0
9754,-0.7204331,11.812708,9
9755,-2.9788132,0.609437,1
9756,1.4114444,-0.37565175,2
9757,4.7067513,-1.1192522,2
9758,-1.0504098,12.214272,9
9759,5.951014,4.333607,3
9760,10.81832,5.8527193,6
9761,-1.2017018,14.799559,4
9762,0.09061896,5.570585,8
9763,2.6796534,4.94721,5
9764,0.50912964,6.506372,8
9765,11.631561,3.689289,6
9766,6.534428,4.7264285,3
9767,-5.084196,9.576536,7
9768,-4.128455,10.79933,7
9769,-0.6671207,6.0561476,8
9770,3.155634,6.3159413,5
9771,-0.8061488,10.753983,9
9772,1.9693631,-0.78624624,2
9773,16.45,7.4878635,0
9774,-2.9451752,-2.1477296,7
9775,-3.417653,1.5736808,1
9776,1.9473972,-0.67518955,2
9777,4.6344166,-1.1148283,2
9778,6.132179,7.339519,3
9779,6.607148,4.210265,3
9780,3.3993402,-1.4301512,2
9781,-1.6470029,14.982511,4
9782,-1.8939072,13.71077,8
9783,3.569017,5.5924544,5
9784,-1.4977936,11.046553,9
9785,11.7501335,3.895881,6
9786,5.8144064,5.370183,3
9787,-4.7488694,8.992407,7
9788,-3.491971,8.287698,7
9789,3.7617512,5.960845,8
9790,14.46912,6.3627105,0
9791,-2.0574167,9.435669,9
9792,0.6131737,6.68057,8
9793,-4.1573753,9.914856,7
9794,2.2764685,7.570416,8
9795,-1.8131344,13.79557,4
9796,-3.2396848,-0.9381351,1
9797,6.6019635,4.067914,3
9798,10.252442,4.3882747,6
9799,0.6756835,6.100561,8
9800,4.6327143,6.663741,5
9801,3.1239202,5.4231057,5
9802,10.62087,3.0346575,6
9803,-2.278555,-0.6879446,1
9804,-0.40337744,-4.3345265,1
9805,0.63710123,5.8434515,8
9806,14.357275,7.222865,0
9807,3.6151805,5.67718,5
9808,10.660106,3.8310387,6
9809,3.9156024,-0.774805,2
9810,2.1655107,12.314914,9
9811,-0.531039,5.696745,8
9812,5.7903576,5.18785,3
9813,11.1804695,2.882525,6
9814,5.9278727,7.2386713,5
9815,-3.6044786,-1.0207692,1
9816,10.087364,2.4442039,6
9817,-1.7492878,10.530379,9
9818,11.732676,6.014209,6
9819,3.8670847,-1.1577935,2
9820,16.468578,8.089618,0
9821,-1.0819148,14.71443,4
9822,15.180903,8.411163,0
9823,16.459421,8.04932,0
9824,2.9360576,6.1891637,5
9825,-0.99123245,10.5704565,9
9826,3.5769987,-1.6458658,2
9827,-1.3608966,10.999768,9
9828,10.041315,3.3056264,6
9829,6.4857054,4.615353,3
9830,2.9543614,0.007683808,2
9831,-4.14899,9.053562,7
9832,-0.13734335,5.732734,8
9833,-4.0267215,9.139246,7
9834,15.390378,8.367029,0
9835,-1.5167718,10.060112,9
9836,3.4375484,-1.5877383,2
9837,-3.8094058,0.7867281,1
9838,0.28571478,11.642599,9
9839,-0.13487513,5.788141,8
9840,15.7500925,6.844758,0
9841,4.5013347,-1.2902478,2
9842,-1.1920377,-3.7316384,1
9843,-4.25947,8.838533,7
9844,0.58038485,6.135609,8
9845,3.1105435,5.575668,5
9846,0.39919612,12.390643,9
9847,0.42458215,6.128961,8
9848,5.4005404,5.9881306,3
9849,2.772787,4.6994276,5
9850,3.2070189,-1.2004313,2
9851,6.5710607,3.7486618,3
9852,1.5437672,6.3840394,8
9853,4.498734,-1.0186832,2
9854,-4.017771,8.691807,7
9855,4.489234,-1.0190274,2
9856,-2.1356022,-3.244766,1
9857,16.600565,7.896438,0
9858,5.3022156,7.705557,5
9859,2.8708317,5.210335,5
9860,12.054439,6.432276,6
9861,-0.72261864,5.6040916,8
9862,2.9267654,0.22261171,2
9863,11.86154,4.6718316,6
9864,6.2143955,6.3185606,3
9865,16.221287,8.092097,0
9866,1.1806359,7.3588395,8
9867,-4.227884,1.1614255,4
9868,6.749016,5.6595683,3
9869,15.634134,6.7474365,0
9870,-4.842132,10.6239,9
9871,6.552588,4.390685,3
9872,10.574404,3.0171525,6
9873,0.16227643,6.1026497,8
9874,14.330706,6.4458365,0
9875,-3.8191743,0.49652398,1
9876,2.2153697,12.6613035,9
9877,16.485916,7.6460834,0
9878,-3.3678312,10.665071,7
9879,6.5916824,4.0676327,3
9880,1.7926347,14.5573845,4
9881,16.421413,8.066252,0
9882,-4.7205663,9.602366,7
9883,-1.37458,14.057653,4
9884,-2.3379784,-2.941251,1
9885,-4.106798,8.55788,7
9886,-4.8939505,10.94105,7
9887,-1.3616325,13.924622,4
9888,-3.9571974,11.656599,7
9889,-0.6249591,10.297787,9
9890,14.353563,8.279266,0
9891,3.6875181,-1.278407,2
9892,11.304024,6.238092,6
9893,-0.6950287,10.832226,9
9894,2.8178499,0.23562048,2
9895,-3.2950664,-0.052887965,1
9896,0.79317534,11.961687,9
9897,3.410385,-0.22788285,2
9898,4.912825,7.0216374,5
9899,3.290637,5.304046,5
9900,1.3138248,7.11565,8
9901,-4.354391,8.437437,7
9902,-1.6575041,-3.5906007,1
9903,-2.2255185,-0.8329701,1
9904,6.147701,4.858409,3
9905,-5.370606,10.558461,7
9906,-0.99625397,-3.1378345,1
9907,-2.558994,-0.29405248,1
9908,-4.6133685,8.644763,7
9909,11.219988,3.0776918,6
9910,-1.8491764,-3.7300587,1
9911,-4.319696,8.539907,7
9912,4.4829445,-1.5843995,2
9913,6.352323,3.8924317,3
9914,14.252424,8.175182,0
9915,6.49681,3.959638,3
9916,6.930947,5.0566936,3
9917,11.187539,3.0032773,6
9918,-0.46247008,5.561206,8
9919,2.7668488,4.5718813,5
9920,0.09078886,13.970594,4
9921,11.370811,2.7849486,6
9922,16.122051,8.042261,0
9923,3.8885734,-0.69908106,2
9924,-3.2158318,-1.6700596,8
9925,-0.5495263,5.968817,8
9926,10.201828,4.5754266,6
9927,-3.8416145,8.290941,7
9928,10.742232,5.3480835,6
9929,11.102286,2.5205464,6
9930,-1.874836,-1.8884352,1
9931,-0.16617317,14.669426,4
9932,4.4427176,6.7834563,3
9933,-1.4686955,10.22428,9
9934,15.333781,8.88065,0
9935,-0.2247506,5.902421,8
9936,2.1925478,7.6337194,8
9937,0.3726956,6.1643233,8
9938,-1.2012641,11.9083185,9
9939,4.103249,-0.67631066,2
9940,-2.3633711,10.368379,4
9941,-0.6356753,10.654126,9
9942,-1.5735586,-3.260538,1
9943,11.404523,3.7083302,6
9944,0.8698471,5.8964295,8
9945,3.5574415,5.6918516,5
9946,10.4982395,3.9250758,6
9947,2.7980728,4.7991157,5
9948,0.9444803,7.564563,8
9949,-1.1833427,9.719297,9
9950,0.51887244,12.16791,9
9951,2.770271,4.9834533,5
9952,1.8033913,7.189875,8
9953,6.4693627,3.9333498,3
9954,-3.8225682,9.515228,7
9955,-4.9045835,9.038327,7
9956,2.0207388,7.322579,8
9957,-1.9122411,15.098241,4
9958,4.965057,7.558688,5
9959,6.1022573,3.493134,3
9960,-1.7779982,-1.5793934,1
9961,10.877629,2.6166446,6
9962,1.6807642,-0.18126537,2
9963,16.333916,6.5829096,0
9964,3.3118856,-1.6886462,2
9965,16.620262,7.5157847,0
9966,15.985665,7.3663583,0
9967,11.520198,3.2529814,6
9968,0.8771857,12.096492,9
9969,-1.877164,9.911867,9
9970,0.14242397,6.359603,8
9971,16.485807,7.80636,0
9972,2.572393,-1.3559008,2
9973,-4.290818,1.2916491,1
9974,5.7698627,5.428678,3
9975,-3.3228798,1.2386968,1
9976,-1.6344228,15.044144,4
9977,6.232803,3.7551944,3
9978,14.643949,5.5860114,0
9979,3.701622,0.15570626,2
9980,1.291449,14.548657,4
9981,-3.4274867,1.4639093,1
9982,1.0146168,6.70943,8
9983,16.737913,7.5412846,0
9984,1.4692944,14.504622,4
9985,16.482767,7.0241,0
9986,15.100199,8.89565,0
9987,-2.8776376,-0.630391,1
9988,-4.29734,10.899359,7
9989,4.1710486,-0.6422227,2
9990,-4.132847,8.689422,7
9991,6.8713627,4.848966,3
9992,-5.285557,11.041854,7
9993,-1.4432653,14.128215,4
9994,14.676529,8.669601,0
9995,3.3881729,6.2672553,5
9996,1.0425372,7.485598,8
9997,10.568081,2.3911672,6
9998,-0.22072998,11.998332,9
9999,-4.2724376,9.091097,7
10000,5.9375963,5.277087,3
10001,-0.13090143,5.2657065,8
10002,-4.284437,11.143752,7
10003,-0.44135165,12.125486,9
10004,1.1998264,12.274153,9
10005,16.163464,7.1425877,0
10006,-1.6870345,-1.7401038,1
10007,-3.5916386,0.25546503,1
10008,4.7708025,7.4775114,5
10009,4.0568414,-0.8759622,2
10010,14.66176,8.6586275,0
10011,5.806172,5.0321856,3
10012,2.4020865,7.342121,8
10013,0.10900495,15.003538,4
10014,-3.5025818,10.892486,7
10015,3.1672351,5.3002105,5
10016,3.4405806,-1.6449498,2
10017,11.197174,3.7435145,6
10018,0.15148567,13.17667,4
10019,-4.2453246,9.380501,7
10020,-2.1029701,-3.7737408,1
10021,-0.09519814,5.228151,8
10022,14.284839,7.262535,0
10023,-0.26079747,11.32051,9
10024,2.1540208,-0.019970316,2
10025,16.410767,6.9116592,0
10026,16.042894,7.8310814,0
10027,-3.609153,1.7555277,1
10028,2.1721997,12.306004,9
10029,4.498104,-0.4786436,2
10030,4.303725,7.341739,5
10031,5.875803,4.5862536,3
10032,11.846651,6.5181484,6
10033,-0.84196293,14.575401,4
10034,6.9136815,4.895548,3
10035,3.300237,5.2510877,5
10036,10.42904,2.905037,6
10037,10.495449,2.4658146,6
10038,2.2867162,12.775015,9
10039,-4.7517443,9.488698,7
10040,-1.7874335,-1.5584177,1
10041,0.7173675,6.1848297,8
10042,6.9833016,5.5915103,3
10043,-1.4110565,10.472396,9
10044,10.337483,4.128515,6
10045,16.456278,7.2891426,0
10046,-4.038024,9.9337435,7
10047,-0.008970979,12.02666,9
10048,-3.501703,-1.2947012,1
10049,4.069678,6.1623163,5
10050,-5.0308948,11.934927,7
10051,3.3787527,5.60263,5
10052,5.7836537,5.539419,3
10053,11.064723,3.8278217,6
10054,0.72132057,7.335603,8
10055,-1.888129,10.099953,9
10056,4.0475254,5.850819,5
10057,-0.73681766,5.5993757,8
10058,-1.9828656,-3.5857558,1
10059,-1.776823,10.292216,9
10060,-1.3443003,14.228354,4
10061,-0.08445461,5.4895377,8
10062,5.007351,7.492688,5
10063,-4.305091,9.716887,7
10064,0.10758982,15.046168,8
10065,2.8768435,5.1061625,5
10066,1.1116083,5.932264,8
10067,-3.878855,2.1580877,1
10068,-1.1586869,-3.5310688,1
10069,16.6446,6.71362,0
10070,1.1210426,12.579286,9
10071,16.353672,7.340796,0
10072,3.6805413,-1.597792,2
10073,4.444829,-0.6362232,2
10074,7.03999,4.9955254,3
10075,3.902216,-0.87524843,2
10076,11.125745,6.020111,6
10077,-4.424947,9.538185,7
10078,2.8052185,-0.8462796,2
10079,-0.24785975,5.369134,8
10080,14.27973,7.508361,0
10081,3.4460223,-0.36594325,2
10082,1.9296788,-0.46162358,2
10083,16.260557,7.4408927,0
10084,1.9682668,-0.617334,2
10085,-3.4398139,-1.5034115,1
10086,-4.854558,12.0710745,7
10087,3.9252715,-0.65950054,2
10088,-0.7990642,11.915431,9
10089,10.290838,2.1910136,6
10090,3.6642396,-0.9796135,2
10091,4.49302,6.6822844,3
10092,4.3654957,7.0780554,5
10093,5.7757773,4.725869,3
10094,1.1097642,12.117034,9
10095,-3.9522898,9.308063,7
10096,-3.3595514,9.281197,7
10097,5.859505,4.0854144,3
10098,-1.8212448,-3.9855938,1
10099,6.4733744,3.920127,3
10100,2.6896572,-1.2013305,2
10101,11.286608,2.9978487,6
10102,1.388997,12.491959,9
10103,-1.860611,13.651037,4
10104,0.49849758,13.887417,4
10105,-1.2371619,11.234679,9
10106,1.9586531,-0.85459155,2
10107,15.98213,6.290721,0
10108,10.388202,2.4519918,6
10109,-2.0801919,10.124774,9
10110,-1.2134802,-3.2103026,1
10111,3.7538536,6.1871266,5
10112,1.2378204,12.310636,9
10113,4.573355,-0.7828116,2
10114,-0.82939833,12.636192,4
10115,-0.14979911,5.680897,8
10116,-4.259934,11.353068,3
10117,4.5697737,-0.6577453,2
10118,-1.5529102,-3.287652,1
10119,16.360897,7.6234374,0
10120,15.731668,8.739005,0
10121,16.1876,6.8839536,0
10122,3.83724,-0.67124426,2
10123,-4.260384,0.6304169,1
10124,-0.6425866,5.6822515,8
10125,5.8605433,4.24246,3
10126,0.5214033,6.710004,8
10127,3.7906396,-0.07237909,2
10128,14.866284,8.615439,0
10129,-4.1041827,2.0328913,1
10130,3.7928557,-1.5574101,2
10131,-3.449131,9.151264,7
10132,-0.00044272092,12.372729,9
10133,-1.7947687,14.292404,4
10134,-3.0871286,-0.16404417,1
10135,10.862779,2.6884367,6
10136,-0.92781,-3.9577792,1
10137,6.4058,4.1927714,3
10138,2.3308566,-0.5789855,2
10139,-3.1283581,0.91467017,1
10140,15.485667,6.616182,0
10141,5.9840403,5.4530697,3
10142,-1.3212578,11.880576,9
10143,-1.2370318,10.584052,9
10144,6.3383627,5.276237,3
10145,-3.560378,1.4681771,1
10146,3.83867,5.736229,5
10147,-4.094246,9.669034,7
10148,-4.1932545,9.513188,7
10149,11.107402,2.4838083,6
10150,-0.45441255,14.354547,4
10151,0.14222285,5.2425613,8
10152,-0.8653957,-3.6677837,1
10153,-1.5654607,14.552967,4
10154,-3.963895,11.000577,7
10155,6.542753,3.8988364,3
10156,-4.229784,1.0737222,1
10157,-4.3090963,2.1070445,1
10158,3.3011067,-1.704111,2
10159,-2.0871024,14.95807,4
10160,-3.733185,9.117868,7
10161,5.9306817,3.9383488,3
10162,4.7621913,6.983696,5
10163,11.253007,3.0026934,6
10164,11.366468,4.9672914,6
10165,-1.2072132,10.235531,9
10166,0.026383316,11.766125,9
10167,16.242872,7.0247903,0
10168,14.784031,7.4113026,0
10169,-4.095379,0.8411676,1
10170,-3.9175828,11.518794,7
10171,-4.1289663,9.316925,7
10172,-1.7155973,13.5416765,4
10173,2.5141878,4.710576,5
10174,10.198606,3.0047307,6
10175,-2.049851,14.869714,4
10176,14.920936,7.3420324,0
10177,-2.014507,14.830382,4
10178,-5.1432776,11.604788,7
10179,-5.072252,10.04363,7
10180,-2.9648778,-2.340803,1
10181,-4.0115633,9.676102,7
10182,4.588158,6.629304,5
10183,-0.17900492,11.089527,9
10184,1.4358836,12.125638,9
10185,3.674335,5.3843822,5
10186,1.1634414,11.721403,9
10187,-3.460224,1.7601688,8
10188,14.699302,8.618537,0
10189,-0.11933258,5.421625,8
10190,11.256201,5.197107,6
10191,-2.0283167,14.23063,4
10192,4.994185,6.7411985,5
10193,-1.8475691,10.229609,9
10194,3.0190938,-0.9280519,2
10195,15.999475,5.9172564,0
10196,1.0053538,14.477803,4
10197,-0.18116125,5.350983,8
10198,-0.46375522,11.765518,9
10199,-1.047651,10.526336,9
10200,2.615123,-0.4032773,2
10201,-0.6613166,5.652905,8
10202,2.9788294,12.193807,7
10203,15.550191,7.3635435,0
10204,15.629379,7.5234246,0
10205,-2.8176491,0.040217716,1
10206,7.026472,5.0392056,3
10207,3.5979426,-0.5141128,2
10208,-0.7857499,11.189397,9
10209,-0.8979028,14.290923,4
10210,6.194058,6.5837436,3
10211,1.1330684,5.824843,5
10212,1.7905504,14.62876,4
10213,11.278569,3.6295354,6
10214,5.1365056,4.358806,3
10215,-5.005768,10.91287,7
10216,-0.2957032,13.770722,4
10217,0.8972275,7.336096,8
10218,11.708902,5.752305,6
10219,-0.36962909,10.954759,9
10220,-0.9678142,-4.378893,1
10221,15.477999,7.3138742,0
10222,0.5688435,7.0720763,8
10223,-2.9588025,0.050176345,1
10224,10.205382,3.3511734,6
10225,-1.6525108,15.058379,4
10226,5.4163823,7.654655,5
10227,3.0099518,5.3150973,5
10228,2.7739832,-1.3624879,2
10229,11.610929,3.3517232,6
10230,14.8819065,8.36091,0
10231,-5.145739,10.811626,7
10232,-0.383578,10.640778,9
10233,0.09972298,6.1788735,8
10234,11.668764,5.3686113,6
10235,-1.3424898,10.135724,9
10236,-0.28198937,14.650786,4
10237,15.775064,7.9347334,0
10238,6.1103716,6.640377,3
10239,-2.896857,0.5551888,1
10240,14.445811,6.1435194,0
10241,-1.0754824,14.513466,4
10242,14.399066,6.410408,0
10243,-4.4969406,10.177573,7
10244,5.960654,7.0507464,5
10245,15.457909,7.300663,0
10246,11.242314,4.8132834,6
10247,-0.76307434,10.801756,9
10248,-0.97296864,-4.5388856,1
10249,-0.87879413,10.903084,9
10250,1.139623,6.6167607,8
10251,-2.6388478,9.714985,7
10252,-0.5455193,14.157724,4
10253,-4.7188954,10.4919615,7
10254,14.675632,7.8445563,0
10255,2.8611963,5.067965,5
10256,6.1905894,4.6689897,2
10257,-3.6122625,2.0546021,1
10258,5.287968,7.2183437,5
10259,16.205404,7.478737,0
10260,4.920601,5.474418,3
10261,16.449669,7.5071864,0
10262,1.3194611,14.119262,4
10263,-4.746793,10.371559,7
10264,2.1692014,-0.37311292,2
10265,16.447458,8.182476,0
10266,-1.8193048,-1.5921949,1
10267,-2.8435116,0.33460623,1
10268,-3.2846808,0.36501524,1
10269,-1.0075254,14.785101,4
10270,10.064804,2.894994,6
10271,11.598742,3.2540545,6
10272,14.947078,6.4362025,0
10273,0.9293172,5.9793606,6
10274,1.0046386,6.2146506,8
10275,10.795251,2.5796044,6
10276,14.324719,7.716913,0
10277,2.9699287,5.4590735,5
10278,6.827286,5.468116,3
10279,3.8564003,-1.02135,2
10280,3.9337626,7.4014797,5
10281,0.015256504,6.9781547,8
10282,5.5195847,5.3390827,3
10283,15.646723,7.3983955,0
10284,0.5063012,12.339938,9
10285,-2.92331,0.1252239,1
10286,5.177278,7.60863,5
10287,-4.30504,10.347243,7
10288,5.1965613,7.4674873,5
10289,11.219735,3.7326515,6
10290,-2.1460834,-2.435749,1
10291,3.2155201,0.32132435,2
10292,1.6820511,12.10742,9
10293,-2.6469347,-0.8790264,1
10294,11.089439,3.774377,6
10295,-4.3676205,10.000952,7
10296,-4.308763,10.310123,7
10297,-4.591355,9.752255,7
10298,10.618163,2.23166,6
10299,11.484003,3.8951392,6
10300,2.1382816,-0.7968433,2
10301,-3.1066444,0.7353784,1
10302,-4.365468,11.211033,7
10303,0.38577852,14.985203,4
10304,11.851499,5.593755,6
10305,-0.96088463,10.680282,9
10306,0.85150486,12.481107,9
10307,10.97347,3.421123,6
10308,2.089257,-0.9503668,2
10309,-4.464268,10.045969,7
10310,0.76961946,14.136078,4
10311,-0.8937977,14.133473,4
10312,1.6342614,-0.4597875,2
10313,-0.6055562,14.108961,4
10314,6.0461373,6.4416156,3
10315,-4.175268,9.701858,7
10316,5.101338,7.7019706,5
10317,3.718251,-0.47241274,2
10318,-1.7892239,-3.4092448,1
10319,-0.20498428,6.8157005,8
10320,-1.5895691,13.868735,4
10321,3.0486763,0.295367,2
10322,6.4837675,4.200773,3
10323,15.480026,7.0579805,0
10324,-4.1640396,10.747396,7
10325,-2.89442,-1.2436281,1
10326,14.934599,7.207712,0
10327,4.1202335,-0.9559911,2
10328,5.450599,5.452862,3
10329,6.7360964,4.987949,3
10330,5.7764864,5.2472506,3
10331,-0.4757457,14.464949,4
10332,10.359735,4.988515,6
10333,4.8381767,7.3576465,5
10334,15.458144,8.516386,0
10335,11.063173,3.2139084,6
10336,0.48769644,12.398565,9
10337,-4.6936145,9.911984,7
10338,-0.53555065,15.079645,4
10339,0.77361023,7.0276475,8
10340,16.526217,7.4085903,0
10341,0.05006397,10.886647,9
10342,-3.5476732,-1.2403744,1
10343,16.169054,7.7292285,0
10344,11.726483,6.540101,6
10345,-3.0382254,0.90934026,1
10346,-2.0199754,-3.713265,1
10347,4.526495,-1.2094148,2
10348,14.50219,8.588932,0
10349,6.638412,5.2092814,3
10350,1.8221223,14.603693,4
10351,-0.715193,12.958083,4
10352,15.177137,7.6681795,0
10353,3.7200603,5.548547,5
10354,2.9827425,-0.466874,2
10355,10.810466,3.4280622,6
10356,10.676187,5.0697145,6
10357,-4.9901686,10.075178,7
10358,-3.3918402,-1.4609636,8
10359,1.3079861,7.0145545,8
10360,5.379145,6.004151,3
10361,0.010839168,10.542941,9
10362,-1.454141,-3.9354305,1
10363,15.639395,8.067974,0
10364,-2.2994175,-2.6773834,1
10365,-3.455249,0.136076,1
10366,14.665657,6.3311214,0
10367,4.3205595,-1.3677058,2
10368,2.3517919,-0.1133691,2
10369,6.2878623,5.095192,3
10370,4.4550276,6.6633644,5
10371,-0.20669821,14.973126,4
10372,14.850574,8.802484,0
10373,3.5862377,5.4189696,5
10374,-0.44344357,11.988424,9
10375,10.825991,2.7922733,6
10376,-3.1211805,-2.1755583,1
10377,-4.1709075,9.674299,7
10378,-1.3005258,-2.9250143,1
10379,-0.27725014,6.2884636,8
10380,14.674749,8.090046,0
10381,-0.377076,10.314814,9
10382,-0.9767146,10.50672,9
10383,11.504237,3.4425774,6
10384,15.426726,8.786147,0
10385,4.7261,7.072625,5
10386,3.322935,6.6509194,5
10387,-0.6656278,10.185184,9
10388,-4.621643,11.348516,7
10389,6.268011,5.5653253,3
10390,6.703731,6.2500567,3
10391,-1.3658339,13.645257,4
10392,-3.9434097,10.098043,7
10393,6.459189,4.121492,3
10394,-4.477864,10.109525,7
10395,0.2541813,7.1128583,8
10396,0.35695502,13.799452,4
10397,5.3330636,7.5587864,5
10398,0.0062331567,6.675886,8
10399,-3.1987932,-0.20403363,1
10400,5.1787534,7.6042275,5
10401,5.0798197,6.751593,5
10402,5.6523905,5.4726353,3
10403,4.7419515,-1.1041481,2
10404,-0.6311545,-4.4038854,1
10405,5.978997,5.608161,3
10406,2.7652974,-0.14185157,2
10407,16.560516,7.3187504,0
10408,-4.1939178,10.688736,7
10409,-2.6471725,-0.04010396,1
10410,-1.529293,10.162357,9
10411,4.7179394,-1.2323319,2
10412,6.0192122,7.66984,5
10413,-2.6313968,-0.09068625,1
10414,0.55466276,11.54524,9
10415,6.458063,4.446601,3
10416,-2.7522378,-1.7773964,1
10417,4.6757464,-1.0689121,2
10418,11.808177,5.053522,6
10419,11.027361,3.0999358,6
10420,-2.3097885,-3.4584877,1
10421,4.5483155,6.5940523,5
10422,0.32165453,6.0568514,8
10423,6.842269,4.8539505,3
10424,6.811278,5.9098797,3
10425,15.825184,6.798726,0
10426,-0.39623475,6.1124034,8
10427,-4.4353633,9.713673,7
10428,0.15219522,12.418289,9
10429,4.373582,-1.0629969,2
10430,5.658428,5.5945315,3
10431,-3.4546509,9.575022,7
10432,3.953924,6.380761,5
10433,-1.1528236,15.00189,4
10434,3.459646,6.282284,5
10435,11.271415,3.0459495,6
10436,1.8303143,-0.4514578,2
10437,-0.3892677,13.184388,4
10438,5.4091372,6.213521,9
10439,15.723625,7.211638,0
10440,10.242487,3.8816154,6
10441,4.57749,6.5536275,5
10442,10.614259,5.0912795,6
10443,0.20952676,10.787042,9
10444,1.051009,7.370613,8
10445,-0.2719267,10.683229,9
10446,1.8076749,7.476109,8
10447,1.0348465,6.669075,8
10448,-3.2747104,-0.4612581,1
10449,-0.20620298,10.810547,9
10450,5.010176,4.770536,3
10451,4.67119,7.2369146,5
10452,11.213627,4.806808,6
10453,7.1135554,5.463234,3
10454,6.4555807,5.027837,3
10455,-2.6230433,-0.1767147,1
10456,15.2827215,6.1592345,0
10457,-3.645943,9.7219925,7
10458,-2.5993178,-2.066303,1
10459,-0.76191235,14.392576,4
10460,-1.7364151,13.8476,4
10461,-5.0602484,9.50903,7
10462,0.06335223,13.651682,4
10463,11.028498,2.6883304,6
10464,4.1896887,-1.4154732,2
10465,4.996951,7.3201046,5
10466,4.932709,4.746622,3
10467,-1.137088,15.033595,4
10468,-3.1267877,-0.1581456,1
10469,16.395111,7.1139727,0
10470,6.7017007,4.840874,3
10471,16.392347,7.6361384,0
10472,4.6458864,-1.3175797,2
10473,10.807376,2.9062521,6
10474,-3.7883408,9.374406,7
10475,11.043281,2.786278,6
10476,1.8038566,-0.16530886,2
10477,4.220652,-0.40183988,2
10478,-0.65817714,12.001763,9
10479,16.517849,7.4663644,0
10480,1.9145848,12.741583,9
10481,11.055425,2.6612933,6
10482,1.1476353,6.48951,8
10483,5.776719,4.2184176,3
10484,9.87809,3.423674,6
10485,-3.3170907,9.394806,7
10486,0.98451865,6.633406,8
10487,-4.5662556,9.17547,7
10488,14.9131975,8.404387,0
10489,-0.74127156,13.079899,4
10490,1.0322305,6.9144087,8
10491,-0.32049695,12.869446,4
10492,4.5309877,6.8125086,5
10493,5.6664863,4.5210648,3
10494,0.5663605,14.826098,4
10495,-0.21524855,11.005131,9
10496,-4.7851377,9.68136,7
10497,4.639235,-1.3979723,2
10498,3.1364655,4.8229947,5
10499,1.1407026,6.5066996,8
10500,-2.7794034,-1.7160902,1
10501,-0.20640457,11.138026,9
10502,2.0079346,-1.015992,2
10503,11.497698,4.1595855,6
10504,-0.8276046,13.983584,4
10505,15.811207,7.6345735,0
10506,4.053339,5.9933376,5
10507,-0.45229325,10.553057,9
10508,-1.5324615,-1.823872,1
10509,3.9065092,5.248267,5
10510,-3.445409,8.605576,7
10511,6.0182343,5.1770015,3
10512,10.297858,4.99536,6
10513,5.462893,4.307286,8
10514,2.612123,-1.4394585,2
10515,0.68311423,7.49438,8
10516,-0.07273596,11.204905,9
10517,-3.383986,9.271583,7
10518,5.142668,5.441613,3
10519,-3.7403061,1.1838344,1
10520,6.206242,5.851149,3
10521,-0.9380854,12.222571,4
10522,-5.0447006,12.280456,7
10523,15.699116,7.6641035,0
10524,2.008908,12.810233,9
10525,-1.0154636,14.052164,4
10526,2.0152075,-0.19976737,2
10527,6.9234695,4.7391105,3
10528,2.8748262,-0.9924497,2
10529,-0.024845086,10.871915,9
10530,14.91833,7.0161877,0
10531,15.7842,6.8652587,0
10532,10.71035,4.573782,6
10533,-3.7525663,8.942698,7
10534,11.28194,4.573122,6
10535,4.6416745,-0.70560414,2
10536,4.2120414,6.6013083,5
10537,-2.8269389,0.2590696,1
10538,3.5216498,6.156309,5
10539,0.25892535,10.779472,9
10540,10.286741,4.947282,6
10541,-3.476671,0.8075886,1
10542,15.721912,6.1400123,0
10543,4.1126304,5.9854126,5
10544,-4.907425,11.899409,7
10545,-3.314297,0.9071306,1
10546,3.0151575,5.5590425,5
10547,-4.258655,9.667594,7
10548,-4.5629764,11.100245,7
10549,-0.94486916,13.118537,4
10550,11.015637,4.7411265,6
10551,0.8772458,7.320666,8
10552,11.234946,4.547251,6
10553,10.682517,2.3584707,6
10554,2.5483043,-0.011273226,2
10555,-3.9114695,0.5615876,1
10556,-0.93616205,-4.285163,1
10557,11.057261,2.742462,6
10558,-0.23001833,14.149671,4
10559,0.52681154,6.9334464,8
10560,0.03597184,14.366836,4
10561,0.41678515,6.483187,8
10562,-3.3597333,-1.5119394,1
10563,16.332916,6.836265,0
10564,14.427147,6.388081,0
10565,-3.5177815,0.66289246,1
10566,5.561076,7.5174284,5
10567,3.8400793,-0.5115123,2
10568,-3.4918888,0.34186065,1
10569,6.7888503,4.7606153,3
10570,4.673045,-0.6607254,2
10571,-1.6117238,14.841154,4
10572,1.4981035,7.378738,8
10573,-4.701451,8.753525,7
10574,3.0581543,-1.0281184,2
10575,-0.022801822,6.5195994,8
10576,1.7500597,12.6615505,9
10577,-1.1669995,10.7582655,9
10578,5.0048747,7.3216043,5
10579,16.725563,7.1337914,0
10580,-3.6503544,-0.85170496,1
10581,-4.145826,1.3951397,1
10582,3.334849,-1.5253605,2
10583,4.1570134,-0.32001933,2
10584,-0.037379213,6.259692,8
10585,6.6852,4.3923006,3
10586,4.8928823,6.982596,5
10587,-1.7909935,15.050211,4
10588,0.6952244,12.291355,9
10589,3.2203517,4.692402,5
10590,-5.374811,10.335225,7
10591,11.711683,4.164286,6
10592,0.96133935,7.3605237,8
10593,-4.8714557,8.8604355,7
10594,0.2932781,14.224067,4
10595,-0.72283304,6.07488,8
10596,1.3476044,6.9689827,8
10597,-1.8579891,10.46142,9
10598,4.5254974,6.699907,5
10599,16.169014,7.2350316,0
10600,11.214444,5.398331,6
10601,-3.6114943,0.34986198,1
10602,-0.81865317,-4.086158,1
10603,3.2631283,-0.47311774,2
10604,14.788237,8.248817,0
10605,6.540037,4.4461617,3
10606,5.6676016,4.605061,3
10607,-1.4905858,15.1361065,4
10608,5.336214,4.8867326,3
10609,-4.756075,9.023538,7
10610,4.723569,6.880202,5
10611,-0.18728693,6.0535245,8
10612,-0.64182216,14.585958,4
10613,-1.0269898,10.834179,9
10614,0.46634316,12.232456,9
10615,-3.211434,1.161177,1
10616,1.5213218,-0.6155178,2
10617,10.77445,2.9975822,6
10618,1.3147837,14.0449,4
10619,0.20870452,6.7281284,8
10620,3.1438103,-1.6454678,2
10621,-1.4695805,10.642189,9
10622,4.8413105,7.139275,5
10623,-0.16245301,10.868623,9
10624,-3.060403,-2.1286469,1
10625,15.768951,7.330199,0
10626,1.0858204,14.844269,4
10627,-3.8117843,1.3625747,1
10628,1.0568687,7.1571736,8
10629,3.9718575,-0.7101468,2
10630,11.277301,4.939451,6
10631,-1.8540603,13.638801,4
10632,2.1831212,7.5456076,8
10633,-1.5203863,14.791819,4
10634,0.5393303,13.575005,4
10635,6.9329267,4.489875,3
10636,0.59347665,13.456919,4
10637,-4.6084533,8.791772,7
10638,-3.2669265,-1.8439457,1
10639,-1.567908,15.109701,4
10640,-4.140457,11.239706,7
10641,-2.1170442,14.3845625,4
10642,-0.16436988,13.038352,4
10643,-0.8828282,15.302456,4
10644,5.8871427,7.3540297,3
10645,16.70838,7.0018764,0
10646,-0.69658226,10.71768,9
10647,6.847709,4.465897,3
10648,-3.4030585,9.786737,7
10649,0.018703299,6.8305,8
10650,10.584661,5.3271422,6
10651,-4.951432,9.026636,7
10652,3.880382,6.888092,5
10653,2.6687737,4.7186484,5
10654,10.70452,2.24426,6
10655,0.114587195,7.2153077,8
10656,5.22732,7.4718895,5
10657,3.9704068,-0.6775963,2
10658,-0.71863806,10.955599,9
10659,-2.5966883,-0.74028534,1
10660,0.2685263,11.802852,9
10661,3.0184095,4.6840587,5
10662,-1.5453305,-1.8357017,1
10663,1.361754,7.302768,8
10664,14.990596,8.453179,0
10665,3.7938564,4.9803677,5
10666,6.8266335,5.9127827,3
10667,-3.269395,0.37778237,1
10668,5.6545568,6.2460356,3
10669,-4.243465,1.7309856,1
10670,0.19957343,14.95709,4
10671,11.511623,3.9650729,6
10672,11.026643,3.3790023,6
10673,4.398164,-0.4840695,2
10674,5.6563563,6.6981153,3
10675,-3.7329981,1.4871871,1
10676,5.8454843,6.489432,3
10677,6.913009,4.79602,3
10678,5.143214,4.8647714,3
10679,-1.3744851,14.382622,4
10680,4.234986,-1.3494339,2
10681,-1.2754749,9.896205,9
10682,-4.4384828,10.35214,7
10683,-2.0823724,14.337167,4
10684,-1.5074935,-3.9903126,1
10685,-0.47180653,10.7763815,9
10686,-2.0025845,-3.006539,1
10687,4.5169973,-0.6705968,2
10688,2.9967265,-0.01447604,2
10689,15.722225,6.6584945,0
10690,1.3014743,13.894011,4
10691,16.294348,7.297847,0
10692,-2.9009447,-0.17953157,1
10693,-1.3915253,15.329878,4
10694,0.7254551,6.6874332,8
10695,-1.6886389,14.7526045,4
10696,6.6406126,5.464818,3
10697,11.566971,3.6441712,6
10698,10.363524,4.783191,6
10699,4.5972857,-0.6206662,2
10700,14.336018,6.8463006,0
10701,3.211323,4.795874,5
10702,-4.6067514,9.9073515,7
10703,3.0347786,4.583294,5
10704,0.827733,13.975802,4
10705,16.575512,7.3158665,0
10706,0.693576,12.536403,9
10707,3.7265215,0.25180766,2
10708,-4.919365,11.909464,7
10709,11.299663,3.3444383,6
10710,1.1387235,7.698351,8
10711,-0.457605,6.165795,8
10712,-3.350364,-1.900612,1
10713,-3.7358878,0.80991936,1
10714,2.1179702,-0.14934014,2
10715,-4.5239472,9.181796,7
10716,-3.1726265,9.610619,7
10717,-0.9007918,10.854782,9
10718,-3.2919233,10.421809,7
10719,-3.7660635,0.4144786,1
10720,1.0302169,6.287206,8
10721,-1.1025031,10.508069,9
10722,2.1220968,12.657473,9
10723,4.0407176,-0.7091548,2
10724,0.41350484,14.547324,4
10725,11.49398,3.8672156,6
10726,1.7081739,7.9643226,8
10727,-4.993773,9.153137,7
10728,5.8326726,4.864587,3
10729,11.553522,3.236953,6
10730,6.008626,5.7691665,3
10731,11.620356,3.7472842,6
10732,14.420075,8.473302,0
10733,0.45186806,7.318561,8
10734,5.7556424,5.758041,3
10735,-4.113681,9.156496,7
10736,11.555434,6.4364953,4
10737,-1.363159,14.577626,4
10738,0.46835884,7.764118,8
10739,3.9036603,-0.68503994,2
10740,3.711994,6.50325,5
10741,-4.0223727,1.1285567,1
10742,5.0538235,6.988828,5
10743,6.1957674,4.513243,3
10744,-3.701514,11.448216,7
10745,5.6461787,4.0874763,3
10746,-2.1767924,9.989686,9
10747,16.52083,7.0504966,0
10748,10.924032,5.112211,6
10749,3.1428795,4.7092733,5
10750,15.030876,6.341233,0
10751,3.283395,5.1250553,5
10752,-0.11391936,11.554698,9
10753,-0.26232997,6.615675,8
10754,10.287023,2.7707,6
10755,16.65993,6.882948,0
10756,3.0602164,0.665478,3
10757,6.7848663,4.2601123,3
10758,-0.29704046,13.394975,4
10759,-5.065572,9.081292,7
10760,6.266693,5.5987725,3
10761,-1.0658706,9.898527,9
10762,4.9419417,4.819697,3
10763,-4.937237,9.136346,7
10764,5.3478127,7.368785,5
10765,5.883426,4.6213655,3
10766,3.0107453,-1.130614,2
10767,11.773193,3.8200788,6
10768,1.7699852,14.649015,4
10769,-4.239415,8.449941,7
10770,3.5991678,5.7106247,5
10771,0.050565723,6.045252,8
10772,0.52166855,12.494517,9
10773,16.252478,6.659675,0
10774,10.147284,2.4461439,6
10775,5.655331,4.422451,3
10776,3.3969522,-1.1800315,2
10777,3.1652365,4.6287446,5
10778,0.51884866,13.63373,4
10779,2.1450117,-0.042568147,3
10780,0.16016123,12.598547,9
10781,14.893365,7.751207,0
10782,2.56874,4.7022457,5
10783,-2.1101475,-1.4930173,1
10784,-0.9468739,11.176499,9
10785,3.5558598,-1.3130131,2
10786,10.517072,4.660833,6
10787,5.712538,5.7877946,3
10788,-3.8118196,10.737487,7
10789,-1.3628131,14.167754,4
10790,11.042151,3.1643443,6
10791,3.6818326,4.9699173,5
10792,11.434926,4.145389,6
10793,11.047277,3.285415,6
10794,1.071739,12.670174,9
10795,-3.9294627,9.338665,7
10796,5.655449,5.082696,3
10797,-0.3622699,6.3294063,8
10798,5.334635,7.5875325,5
10799,-1.2714593,11.803651,9
10800,6.6957903,5.0761347,8
10801,14.598841,6.3972282,0
10802,4.6311536,-1.4874883,2
10803,-3.2217512,-0.3848569,1
10804,4.1672025,7.545233,5
10805,4.1697774,-1.303242,2
10806,14.900604,8.635838,0
10807,6.295069,4.585099,3
10808,2.0491786,12.664044,9
10809,-0.90733737,14.586572,4
10810,0.55720115,12.120198,9
10811,3.3590415,4.7063737,5
10812,0.9273072,14.157993,4
10813,11.073984,3.3374922,6
10814,5.381714,7.832816,5
10815,-4.6278677,10.01345,7
10816,10.956861,5.294987,6
10817,-0.7945569,5.7596245,8
10818,0.10766529,6.4623895,8
10819,-0.68439335,11.868504,9
10820,1.9309458,12.755435,9
10821,14.972493,7.442946,0
10822,5.2133584,7.4244547,5
10823,-3.2640138,-0.5841263,1
10824,-2.9719284,10.456952,2
10825,3.9500072,-1.6250585,2
10826,5.695585,5.8554053,3
10827,6.39895,4.711359,3
10828,-4.8416824,10.348717,7
10829,-0.78001726,14.944042,4
10830,6.743392,4.853357,3
10831,3.2306232,4.868333,5
10832,0.6087939,14.593662,4
10833,11.118599,2.5745237,6
10834,-2.2701852,-2.772669,1
10835,-4.7800765,9.708766,7
10836,10.505365,4.4351053,6
10837,-0.063887015,5.368924,8
10838,-1.8321239,-3.2699928,1
10839,-1.5204282,10.917888,9
10840,14.23721,7.148005,0
10841,-4.2753086,10.304458,7
10842,-2.3487973,-2.8060768,1
10843,10.568196,3.014015,6
10844,14.940656,7.2991004,0
10845,-1.2181859,13.960371,4
10846,1.7803199,-0.48626098,2
10847,6.4563193,3.8587024,3
10848,-1.2307692,11.000001,9
10849,14.935476,7.7036753,0
10850,-0.81668615,13.242987,4
10851,11.149638,2.622564,6
10852,1.7854245,-1.1916271,1
10853,11.154899,2.5466301,6
10854,0.9140931,13.633187,4
10855,11.004985,2.4093833,6
10856,1.4037327,6.520582,8
10857,-1.423084,11.250974,9
10858,0.3856766,14.246089,4
10859,15.732331,6.7767096,0
10860,0.45087445,12.106692,9
10861,15.1257,7.098311,0
10862,0.99557287,6.3236985,8
10863,-2.9227705,-1.3882812,1
10864,-3.3764672,11.150529,7
10865,6.3694882,3.9380605,3
10866,1.4206374,7.2651076,8
10867,-1.1215066,11.465602,9
10868,-2.4874685,-2.191823,1
10869,-0.25484478,15.142002,4
10870,0.53640634,14.168065,4
10871,3.1442933,4.791337,5
10872,7.0215535,4.847696,3
10873,-5.2853,10.216344,7
10874,14.946985,8.027059,0
10875,-1.3697301,10.3381195,9
10876,6.9844313,4.559821,3
10877,3.1703796,5.2669597,5
10878,-2.086577,-1.0330342,1
10879,11.146209,3.0039845,6
10880,6.7241726,4.0836654,3
10881,-0.031273667,6.09135,8
10882,6.173914,6.0189137,3
10883,-1.0127807,11.593141,9
10884,2.3300374,4.435842,5
10885,-2.8369043,-1.5326767,1
10886,-2.2538939,-2.9291081,1
10887,5.368039,5.1409206,3
10888,0.52033466,14.066585,4
10889,-0.23344967,5.540107,8
10890,-3.2122343,10.676126,7
10891,3.6923175,6.0203547,5
10892,-2.9570835,-2.7497547,1
10893,-5.2564588,9.94724,7
10894,3.382602,6.4937296,5
10895,-0.051481847,5.760111,8
10896,5.4849806,5.786018,3
10897,-3.4541333,0.8606584,1
10898,3.3149042,-0.26311994,2
10899,-1.1392225,14.513718,4
10900,6.680344,5.200222,3
10901,-0.3386941,5.4726214,8
10902,6.4146495,4.025114,3
10903,3.0986547,5.037348,5
10904,3.0056603,4.5243225,5
10905,-0.35209146,5.6948295,8
10906,-0.54853284,10.65046,9
10907,-3.1010153,0.705576,1
10908,0.19899398,13.526937,4
10909,15.418856,5.8453884,0
10910,11.245023,5.857329,6
10911,-4.099619,8.617581,7
10912,0.06575751,13.608503,4
10913,11.222878,2.8881743,6
10914,15.584433,7.5304046,0
10915,-4.064633,1.6010844,1
10916,15.934809,8.879212,0
10917,11.083791,3.1195505,6
10918,1.1404405,14.417395,4
10919,15.236403,7.004938,0
10920,2.9268415,-1.5683748,2
10921,6.376833,4.7053375,3
10922,-1.7340003,-3.5598083,1
10923,-2.0393605,14.486912,4
10924,14.617855,8.7894745,0
10925,10.460548,2.2942882,6
10926,-2.5299666,-2.0422041,1
10927,-0.1527184,5.3459296,8
10928,0.24747516,13.347835,4
10929,-0.4752476,11.496168,9
10930,10.974048,5.722697,6
10931,3.9502888,-0.67393935,2
10932,-3.5687032,11.356801,7
10933,-2.4113686,-0.43694097,1
10934,-0.6513814,12.259193,9
10935,-3.884355,9.148484,7
10936,1.9625106,7.8216176,8
10937,-1.4988834,14.060434,4
10938,14.09109,6.271557,0
10939,3.647562,5.6702833,5
10940,-3.1411612,9.471124,7
10941,4.414359,-1.3183264,2
10942,0.3489006,14.370071,4
10943,3.3082516,5.6092067,5
10944,3.7281528,6.6942353,9
10945,3.9122734,-1.2355789,2
10946,-4.6228476,11.51984,7
10947,-2.5803826,-0.18870188,1
10948,0.15438505,6.976013,8
10949,3.435124,-1.3546433,2
10950,11.15726,4.6315494,6
10951,-0.70116484,10.651216,9
10952,-1.5134143,13.691091,4
10953,6.409155,4.7685223,3
10954,3.8561351,6.98141,5
10955,-0.9689018,10.453259,9
10956,11.751574,4.9924946,6
10957,3.8833141,-1.5328671,2
10958,5.346387,7.163911,5
10959,3.8091793,-1.0986141,2
10960,1.497994,14.655832,4
10961,3.3429468,4.772342,5
10962,3.0549307,-0.57021564,2
10963,-0.17529781,5.492699,8
10964,-0.7076927,14.190375,4
10965,-3.8943655,8.741707,7
10966,5.6113086,4.8996496,3
10967,-1.9330862,14.498103,4
10968,10.513578,3.6617332,6
10969,-4.515145,9.394395,7
10970,-0.58018845,11.933233,9
10971,-2.8707669,0.3090361,1
10972,3.0499117,-0.6231293,2
10973,-0.5925288,5.2731414,8
10974,14.870097,8.096381,0
10975,15.742946,6.1014214,0
10976,11.390949,6.2141504,6
10977,-1.4749309,10.057502,9
10978,3.9423788,-1.3764529,2
10979,10.783975,2.295679,6
10980,10.5057,4.9813876,6
10981,-0.2966805,5.3919616,8
10982,-1.4149787,-2.8588686,1
10983,-2.913029,-1.0075727,1
10984,6.432704,5.8441525,3
10985,-3.1072376,0.8824895,1
10986,-4.5169196,8.597837,7
10987,3.707817,5.4549193,5
10988,2.6702538,-1.1570814,2
10989,-4.2439656,9.375789,7
10990,0.5321679,13.551713,4
10991,11.793663,4.1131253,6
10992,10.880451,5.2935314,0
10993,6.8209705,4.788069,3
10994,5.154126,5.3468704,3
10995,3.3405838,4.67798,5
10996,11.388654,5.9077725,6
10997,-1.7220185,14.6417,4
10998,5.881428,5.990724,3
10999,4.354112,-1.133553,2
11000,10.868716,4.418892,6
11001,-0.9391681,10.984251,9
11002,6.03107,5.183351,3
11003,15.566812,6.703918,0
11004,-2.3113778,-2.8882992,1
11005,-1.5913168,15.146647,4
11006,2.2038157,-0.58388203,2
11007,-4.535266,8.651271,7
11008,1.4986278,14.674789,4
11009,-1.8705158,14.730025,4
11010,5.7879167,6.087284,3
11011,6.119614,3.8559816,3
11012,5.2212353,5.7364798,3
11013,3.9599617,-1.6063191,2
11014,14.716998,7.1228194,0
11015,-0.58030665,11.644423,9
11016,-1.1501498,14.251781,4
11017,3.949462,-1.297182,2
11018,3.2201517,0.53266215,2
11019,15.656961,7.6274023,0
11020,-4.5690384,12.261306,7
11021,5.555876,5.274924,3
11022,14.630867,5.9667253,0
11023,-1.2242296,14.951774,4
11024,-1.299742,15.359784,4
11025,3.5805945,4.920546,5
11026,14.507878,8.223984,0
11027,14.964115,6.4316196,0
11028,0.9661868,6.637262,8
11029,16.12132,7.6742,0
11030,2.390911,-1.3714514,2
11031,6.4415617,3.9888065,3
11032,2.491488,-1.1552576,2
11033,4.1474,-1.4480476,2
11034,6.560611,5.1458044,3
11035,0.05718163,5.7678447,8
11036,16.496056,7.4478755,0
11037,5.750327,4.6355705,3
11038,11.557331,6.3166084,6
11039,1.6314696,7.0419736,3
11040,-0.8503207,12.977297,4
11041,16.63724,7.755515,0
11042,6.2794495,5.038126,3
11043,-4.05928,-0.1668669,1
11044,1.65524,13.99484,4
11045,16.250807,7.1561065,0
11046,0.8896965,13.9502535,4
11047,-3.6327283,1.728841,1
11048,11.022926,5.0415387,6
11049,-5.151125,9.8580265,7
11050,-3.7338736,0.4416547,1
11051,-2.7909658,0.08563369,1
11052,14.859444,8.29201,0
11053,6.5341005,4.2499785,3
11054,-3.6297364,11.479271,7
11055,3.0823753,5.3554378,5
11056,-4.501909,10.059694,7
11057,-3.9658754,1.6018244,1
11058,-2.3720105,-3.37378,1
11059,-4.1079497,9.552947,7
11060,15.35348,7.065542,0
11061,-2.4380617,-0.43415627,1
11062,10.361544,2.4681134,6
11063,-0.0100742765,5.607807,8
11064,3.2669315,6.329649,5
11065,11.062634,3.935252,6
11066,3.519037,-1.3319837,2
11067,0.38721192,6.5125113,8
11068,1.367054,12.439915,9
11069,-3.399537,0.14532737,1
11070,0.025135657,6.461403,8
11071,15.267578,6.33151,0
11072,14.140145,7.140891,0
11073,-1.6176733,14.068477,4
11074,5.6771035,6.52636,9
11075,6.976275,4.3524194,3
11076,-3.9714646,8.512208,7
11077,14.938082,7.278378,0
11078,0.059807137,12.323526,9
11079,-3.7984293,-0.27440637,1
11080,-3.5979095,11.354193,7
11081,3.0154297,-1.1672504,2
11082,-0.70863825,-4.3364124,1
11083,6.9109664,5.5051017,3
11084,1.8273962,-0.88473785,2
11085,-4.597899,9.784044,7
11086,2.0149243,-0.9683226,2
11087,1.6571035,6.28564,8
11088,-4.6241984,11.882701,7
11089,-0.8776796,10.957683,9
11090,-0.33906674,11.987838,9
11091,14.976455,8.54479,0
11092,-3.4155438,11.145513,7
11093,-3.847774,0.34702012,1
11094,5.5604644,7.827257,5
11095,3.4011977,-0.9491967,2
11096,0.34910476,10.8774605,9
11097,5.82285,5.75586,3
11098,10.093038,3.6128154,6
11099,-4.8252034,10.16376,7
11100,10.090426,4.293103,6
11101,1.7101953,6.463286,8
11102,-1.2364253,11.57808,9
11103,-1.4477558,10.575009,9
11104,3.3969002,0.20907852,3
11105,16.14836,7.97762,0
11106,2.8266282,-1.0919731,2
11107,-4.1787257,1.3193353,1
11108,1.6969442,7.013509,8
11109,3.8266401,-0.8288314,2
11110,2.1538184,-0.020432783,2
11111,7.0143046,5.584359,3
11112,-2.6032403,-3.396942,1
11113,-1.708215,14.759215,4
11114,6.854041,5.742627,3
11115,2.622653,4.7031875,5
11116,14.748402,6.391914,0
11117,11.467632,3.769941,6
11118,4.0408506,7.216657,5
11119,-4.3676534,8.749472,7
11120,0.7227167,5.8578253,8
11121,1.9188704,6.434447,8
11122,-3.3897588,11.180398,7
11123,-1.6166459,9.763399,9
11124,1.0592192,13.65607,4
11125,-4.244608,10.324396,7
11126,-1.7875123,13.40934,4
11127,-1.655185,13.427161,4
11128,10.786818,5.45263,6
11129,15.319363,7.49522,0
11130,-3.9201472,11.243562,7
11131,-1.7019913,14.743125,4
11132,10.284672,2.8919406,6
11133,15.613505,8.098612,0
11134,-1.9873271,-3.0325005,1
11135,-3.8431182,-0.24979374,1
11136,4.35057,7.056576,5
11137,-4.6736765,11.19723,7
11138,6.633297,5.886311,3
11139,-1.791679,10.082139,9
11140,10.560854,3.4519393,6
11141,3.0197906,5.434764,5
11142,-0.1738905,6.60252,8
11143,-2.9898767,0.6059693,1
11144,0.59749085,13.92895,4
11145,-0.45029494,14.805475,4
11146,0.6535817,6.7339673,8
11147,3.760892,-1.3069588,2
11148,-1.5869255,13.799149,4
11149,0.8754196,5.9100666,8
11150,0.5850203,12.316676,9
11151,-2.1515963,9.651996,9
11152,-1.6379964,-3.5736892,1
11153,-1.0725014,15.142602,4
11154,5.814417,7.7893705,5
11155,6.792335,4.6238084,3
11156,-2.3590894,-0.9900424,1
11157,-3.0709732,0.14166817,1
11158,10.679902,4.25865,6
11159,-4.204652,9.17139,7
11160,1.1937276,6.5757794,8
11161,1.2164717,6.0435853,8
11162,14.370572,5.7605624,0
11163,2.9455605,-0.3125173,2
11164,-4.6286516,11.849399,7
11165,-1.1435277,15.3543005,4
11166,-4.081953,11.482725,7
11167,-1.7301649,15.112478,4
11168,-3.3591373,10.636045,7
11169,6.9336023,5.587775,3
11170,-4.7263007,10.12239,7
11171,6.2711463,5.440419,3
11172,14.383045,7.7298427,0
11173,11.348676,5.292044,6
11174,10.481186,4.0549455,6
11175,-1.920449,9.9675045,9
11176,0.21749759,6.56249,8
11177,-1.6312551,9.796618,9
11178,-2.6133814,-2.9007773,1
11179,3.7474778,6.478894,5
11180,-4.3129683,8.49309,7
11181,1.292018,6.5812173,8
11182,4.560968,7.0851283,5
11183,11.368024,4.0358753,6
11184,-0.1594325,13.90318,4
11185,-5.0586195,10.379922,7
11186,1.4329674,11.990659,9
11187,14.954898,7.67106,0
11188,-3.6245086,9.083333,7
11189,10.944562,4.13707,6
11190,-0.93829554,11.63068,9
11191,1.9159071,6.498817,8
11192,-0.4011425,11.429207,9
11193,3.7016115,-1.331941,2
11194,2.1136842,12.649254,9
11195,11.289787,4.07619,6
11196,0.8463932,12.093368,9
11197,5.2744384,5.293725,3
11198,3.147012,5.0468454,5
11199,-1.8967181,9.875804,9
11200,-1.8792688,-3.7813332,1
11201,5.578092,5.0166383,3
11202,5.7922964,4.976228,9
11203,3.0612862,-0.8961374,2
11204,-3.452197,10.999992,7
11205,-3.3523917,1.423712,1
11206,-1.9690633,10.174502,9
11207,-4.379475,9.173352,7
11208,5.666914,5.6542835,9
11209,-1.1064247,15.444827,4
11210,-0.62399364,12.237291,8
11211,1.7880356,6.341982,8
11212,0.62381685,11.878197,9
11213,1.7558808,6.4641895,8
11214,-1.7863369,-3.436533,1
11215,-1.8479599,9.918143,9
11216,4.879254,5.0939565,3
11217,15.02922,8.34381,0
11218,10.037716,3.6209552,6
11219,6.3681946,4.6588573,3
11220,-5.1468406,10.771091,7
11221,5.734537,4.9295077,3
11222,15.153817,8.016808,0
11223,-1.0218979,10.309362,9
11224,0.4534168,12.530501,9
11225,-1.7698528,9.968004,9
11226,11.343823,6.284255,6
11227,-1.6823294,15.038469,4
11228,-2.9837704,-2.04302,1
11229,-4.1429276,1.9754807,1
11230,4.056737,-1.624658,2
11231,15.460999,6.90842,0
11232,5.510637,4.2153673,3
11233,5.2866836,5.141259,3
11234,2.9328668,0.19641975,3
11235,-4.219896,9.953166,7
11236,-2.6128998,-2.1328347,1
11237,3.6106699,5.537003,5
11238,3.010361,6.166619,5
11239,2.4506211,7.1966634,8
11240,15.831497,8.926938,0
11241,1.3946135,6.1286545,8
11242,-1.261596,-2.4716766,2
11243,4.5139375,-1.29448,2
11244,5.5815344,5.470612,3
11245,-0.9900923,10.210518,9
11246,-1.1127831,10.7066555,9
11247,-3.5369358,9.211478,7
11248,-1.4048399,-4.291278,1
11249,-4.2321906,1.1564355,1
11250,1.8746135,-0.4295013,2
11251,3.3714206,-0.9482913,2
11252,-1.0418977,11.515868,9
11253,11.369405,4.33899,6
11254,-3.4058938,9.073707,7
11255,-1.4605594,15.328,4
11256,0.10995486,13.909164,4
11257,4.5108447,-1.0411382,2
11258,1.5964164,7.446955,8
11259,6.7909627,4.5500593,3
11260,3.1046503,5.126938,5
11261,11.578074,5.313772,6
11262,-3.8127222,0.47443253,1
11263,11.276993,4.15412,6
11264,0.19582872,14.189677,4
11265,3.099894,5.371083,5
11266,-4.8461843,9.120595,7
11267,16.26686,8.103627,0
11268,-1.9607834,-3.9030745,1
11269,16.072266,8.820231,0
11270,6.271287,7.3475285,5
11271,3.2925858,-0.9010912,2
11272,-1.1538498,-2.8379698,1
11273,2.0315063,6.9152727,8
11274,-4.3954268,11.771915,7
11275,-3.639299,-0.8629467,1
11276,0.030728912,11.541995,9
11277,11.162902,3.7886121,6
11278,-1.2579211,-2.478023,1
11279,-3.6540797,2.0908988,1
11280,0.7322189,12.426525,9
11281,16.098766,7.360255,0
11282,10.812954,5.1290693,6
11283,-1.9894443,14.231629,4
11284,5.5969424,6.130666,3
11285,6.961935,5.153344,3
11286,3.064265,-1.3015318,2
11287,-3.6631424,1.042881,1
11288,-0.030845087,5.555575,8
11289,11.352568,4.167799,6
11290,-4.3151264,11.023498,7
11291,-3.541637,1.5656168,1
11292,-1.7364671,-2.9346108,1
11293,-1.2111741,10.282812,9
11294,-3.8815258,11.627177,7
11295,15.429081,5.8478837,0
11296,5.8727508,5.250988,3
11297,-2.6397526,-1.3064082,1
11298,1.5485699,-0.6515048,2
11299,2.4514508,-1.1442884,2
11300,2.1510472,12.585509,9
11301,6.749346,4.633812,3
11302,6.145653,6.283135,8
11303,0.14913854,14.652159,4
11304,14.748139,8.638327,0
11305,3.9662206,5.7420144,5
11306,1.9405588,-0.4834494,2
11307,10.470935,3.1393237,6
11308,-3.39457,-1.8124855,1
11309,-4.4293766,10.229495,7
11310,4.7104163,7.23996,5
11311,-0.18189242,6.244443,8
11312,-3.2681818,-1.8445876,1
11313,-1.4117092,10.84623,9
11314,0.07533235,14.112755,4
11315,15.966161,7.23132,0
11316,11.295165,5.334757,6
11317,-2.8021562,-1.0343515,1
11318,14.436146,7.0241065,0
11319,4.519952,-0.93359375,2
11320,14.200944,7.825779,0
11321,6.489701,5.483496,3
11322,-0.099587664,5.222819,8
11323,-0.5277633,14.035857,4
11324,3.1241953,6.5594773,5
11325,3.3169715,6.656709,5
11326,-1.1480017,-2.5498044,1
11327,10.588272,3.1151903,6
11328,-3.2253678,10.317542,7
11329,-4.533048,9.743402,7
11330,14.465728,8.44635,0
11331,-0.05109153,5.7158856,8
11332,-4.0999475,10.9289055,7
11333,-0.722692,11.36966,9
11334,-4.745421,10.863016,7
11335,15.141985,7.4461517,0
11336,11.626278,6.28333,6
11337,-2.9316273,-0.72326154,1
11338,5.577507,7.778172,5
11339,3.4701,0.19089305,2
11340,14.702865,6.0386286,0
11341,6.754016,5.4161983,3
11342,-2.31936,-3.0308533,1
11343,-0.9355172,15.040058,4
11344,1.607754,-0.844873,2
11345,3.118639,5.754672,5
11346,3.4744525,-0.5783124,2
11347,10.773188,2.5103579,6
11348,10.735892,3.3256588,6
11349,-4.5739913,9.288656,7
11350,-4.3688593,10.213237,7
11351,-0.8500016,5.6343336,8
11352,-3.439,-0.007220418,1
11353,-0.7457091,11.344758,9
11354,15.368033,7.1979723,0
11355,-0.3510791,5.8553686,8
11356,5.7925234,7.5062633,5
11357,10.822738,4.161533,6
11358,-1.4105998,-2.7951477,1
11359,5.13101,6.699769,5
11360,-1.5598063,-3.4741867,1
11361,15.098501,5.977808,0
11362,-3.7260048,-0.55196124,1
11363,10.577516,3.7053187,6
11364,1.8432995,0.11410606,2
11365,-0.3695343,6.129961,8
11366,-2.453732,10.9286585,9
11367,-0.14520869,11.183562,9
11368,1.910879,12.7866745,9
11369,-1.3847249,13.939594,4
11370,-3.4610896,11.080363,7
11371,-2.774383,0.1921431,1
11372,-3.3101437,10.273872,7
11373,0.19056672,10.616927,9
11374,1.8156146,7.473186,8
11375,3.553627,5.2254467,5
11376,1.0955937,12.148392,9
11377,6.037186,3.3582845,3
11378,-0.5772079,14.218495,4
11379,16.039948,6.269089,0
11380,2.9176483,-1.5499384,2
11381,-0.79803634,14.5452,4
11382,-0.07953543,6.6753707,8
11383,-0.20056902,6.068689,8
11384,2.1498525,-0.827923,2
11385,-1.4856158,10.662406,9
11386,11.403119,6.11848,6
11387,-3.5621314,-0.5146926,1
11388,1.9423358,12.780463,9
11389,-1.3428689,14.3132515,4
11390,10.678527,4.477935,6
11391,15.528681,5.734724,0
11392,6.2517104,5.3887763,3
11393,3.5367358,6.0800595,5
11394,3.5814478,-1.406861,2
11395,-3.5429394,1.2526563,1
11396,4.5395865,6.361493,5
11397,3.1984394,5.2190666,5
11398,1.6403193,7.535581,8
11399,-4.232544,9.780688,7
11400,-4.3767056,10.438557,7
11401,10.967548,3.456449,6
11402,3.5800593,6.6217422,5
11403,15.503703,6.7068715,0
11404,-0.90126747,-3.852414,1
11405,-3.732328,-0.38259912,1
11406,5.694786,6.269909,8
11407,-4.693723,9.297562,7
11408,1.4242982,14.699727,4
11409,15.771757,6.114949,0
11410,5.98913,6.8185425,5
11411,10.462926,2.7815614,6
11412,-2.3149853,-2.8586252,1
11413,-0.33484298,5.6544147,8
11414,-1.5905461,13.921043,4
11415,-0.18082227,11.148003,9
11416,-0.9167872,11.501239,9
11417,3.6288717,5.3409257,5
11418,-1.4653478,-2.0775087,1
11419,-1.2075149,14.613209,4
11420,4.083427,-1.6543351,2
11421,-4.7371845,9.892365,7
11422,14.912272,8.666977,0
11423,-0.9217522,11.278835,9
11424,1.122561,14.828923,4
11425,-0.37860924,5.52773,8
11426,-3.7695918,11.545948,7
11427,10.958788,4.457704,6
11428,15.095294,7.3181443,0
11429,15.674867,6.893999,0
11430,-3.7101452,11.33855,7
11431,0.52843404,5.5988503,8
11432,-2.267171,-2.6062593,1
11433,-2.074476,-1.1312386,1
11434,1.177376,13.490296,4
11435,-4.626931,10.625545,7
11436,4.051676,-1.5217702,2
11437,-4.5724783,9.950625,7
11438,-0.41183433,-4.151954,2
11439,-3.9101524,-0.15280488,1
11440,-2.7035856,-3.015943,1
11441,6.458502,4.6001434,3
11442,1.951254,12.861027,9
11443,3.6970663,-0.8723318,2
11444,0.6829045,6.2265863,8
11445,-2.7362316,-0.24061203,1
11446,3.478411,-0.3938398,2
11447,-0.8760222,14.5629835,4
11448,11.357284,5.318134,6
11449,4.018087,-1.5087398,2
11450,1.6777351,6.7117906,8
11451,15.774861,6.4692607,0
11452,0.8658825,11.984704,9
11453,16.155401,7.1673493,0
11454,6.6561575,5.9566827,3
11455,-4.500855,10.6657095,7
11456,4.9494944,7.3636394,5
11457,-0.024663072,5.3752255,8
11458,3.1192744,-1.3425307,2
11459,-1.2087045,14.417923,4
11460,0.95147115,14.554154,4
11461,10.6267185,3.1232781,6
11462,14.371059,7.949976,0
11463,-1.8484598,13.712566,4
11464,-0.87192374,12.465634,9
11465,1.3960283,11.786533,9
11466,10.810842,3.00102,6
11467,6.0703254,4.007161,3
11468,-0.7453114,12.876887,4
11469,-0.4258745,5.623317,8
11470,3.084705,6.586118,5
11471,-1.355773,14.299862,4
11472,4.095342,6.6703157,5
11473,-5.198707,10.189136,7
11474,1.3836935,12.411453,9
11475,3.7058756,-1.3247839,2
11476,7.0170555,4.503361,3
11477,3.4613001,6.0556335,5
11478,0.9453935,6.087567,8
11479,10.542488,2.5761836,6
11480,5.836802,4.5042033,3
11481,6.6993876,4.2408557,3
11482,-1.0766451,5.062792,8
11483,10.631048,2.4637058,6
11484,3.972589,6.7479353,5
11485,-0.96207875,10.8173895,9
11486,3.788986,6.3951693,5
11487,10.3560705,2.9735768,6
11488,-4.241158,12.1023445,7
11489,6.3757024,5.1675706,3
11490,10.448405,3.4865022,6
11491,3.5318477,-0.88476914,2
11492,4.798296,7.2674074,5
11493,4.25937,-0.9735256,2
11494,1.7016137,14.577759,4
11495,-1.2330071,14.5785,4
11496,-1.7995813,14.106129,4
11497,10.977524,2.6755235,6
11498,-3.9958177,11.479095,7
11499,-1.0459915,10.627649,9
11500,6.0105205,7.6289225,5
11501,15.257261,5.8562818,0
11502,-1.5783849,-1.5952557,1
11503,2.99822,-0.6394106,2
11504,-1.8081973,-2.889458,1
11505,4.4653673,6.2727475,5
11506,0.25672275,5.8156304,8
11507,4.1408467,6.497965,5
11508,-4.1322966,1.0783577,1
11509,-2.851031,0.025711097,1
11510,-4.114669,11.408455,7
11511,5.9577765,4.0205674,3
11512,-0.9870674,13.616078,4
11513,5.7238345,4.203629,3
11514,14.917687,8.527615,0
11515,-0.47599462,11.102208,9
11516,-5.4704037,12.122878,7
11517,-4.5548344,10.472694,7
11518,-0.8386479,-3.4229493,1
11519,4.533086,-0.791037,2
11520,6.7594414,5.9067245,3
11521,4.268039,-1.0004821,2
11522,-4.184939,0.9026886,1
11523,3.1552134,4.8153467,5
11524,5.5427904,4.4185605,3
11525,-5.220077,10.02295,7
11526,15.410581,8.624066,0
11527,0.3335351,11.276342,9
11528,-4.6768584,8.991586,7
11529,-0.5282982,5.921876,8
11530,11.676593,4.1773124,6
11531,3.8039854,-0.4248148,2
11532,14.214551,8.067815,0
11533,-2.9294517,0.5546233,1
11534,-5.4350653,9.758214,7
11535,6.2752314,4.5022044,3
11536,0.35416594,12.1196375,9
11537,-3.9604545,-0.040808864,1
11538,0.7684754,11.937171,9
11539,6.203304,4.1149874,3
11540,-4.1241884,11.049349,7
11541,15.536526,8.113073,0
11542,4.3929625,7.264602,5
11543,-3.0418046,-0.4000323,1
11544,5.420136,5.278159,3
11545,6.246454,3.7374084,3
11546,0.33869785,6.808407,8
11547,-0.7897634,15.048297,4
11548,-4.9928527,10.689356,7
11549,3.4025347,5.570217,5
11550,-2.059637,9.716349,9
11551,10.171697,3.331279,6
11552,3.7153182,-1.1250429,2
11553,-4.533163,9.864133,7
11554,5.285071,4.63406,3
11555,-0.50743484,5.4582696,8
11556,5.6739173,5.3004203,3
11557,-1.7054921,10.639685,9
11558,-2.72023,-3.240006,1
11559,15.751763,6.037572,0
11560,2.9214866,-1.492228,2
11561,-3.3807764,1.0942932,1
11562,14.68962,8.428227,0
11563,4.2647595,-1.1459706,2
11564,-3.6175184,8.492774,7
11565,6.2510033,3.5643458,3
11566,-4.8817673,11.686049,7
11567,-1.4936641,15.20005,4
11568,1.6107997,7.0325537,8
11569,3.9672463,5.6269326,5
11570,-4.0360026,11.240135,3
11571,10.786232,3.5564845,6
11572,14.33361,7.1252613,5
11573,-4.400934,9.187761,7
11574,14.303491,8.057223,0
11575,-0.7155072,5.289907,8
11576,1.8703526,-0.43026596,2
11577,16.017586,6.304855,0
11578,-0.19657414,13.452998,4
11579,-3.8734899,1.1303262,1
11580,2.0128694,12.479024,9
11581,4.112221,-0.77473325,2
11582,1.0757668,11.898146,9
11583,6.2739053,3.6099436,3
11584,15.80417,7.5128894,0
11585,-1.4066912,15.017261,4
11586,5.7034664,7.607808,8
11587,3.4619873,5.6336303,5
11588,15.317401,8.967959,0
11589,10.415908,3.0238128,6
11590,5.1379876,7.656237,5
11591,-5.2912393,10.256382,7
11592,10.263962,2.466619,6
11593,-1.7156655,10.539565,9
11594,-4.900589,11.918138,7
11595,-3.7219012,9.115664,7
11596,5.133829,7.2421007,5
11597,14.88216,6.3886247,0
11598,-3.8185136,-0.08131527,4
11599,3.2149954,5.270457,5
11600,3.2409618,0.65352404,2
11601,3.7371771,-0.46671796,2
11602,0.12876914,6.7278156,8
11603,-1.9383693,10.220759,9
11604,-0.6126483,-3.7820027,1
11605,15.519239,6.8728833,0
11606,-2.970173,-2.1693282,1
11607,-3.9729552,2.3338652,1
11608,-2.2742527,-1.0820153,1
11609,3.1169887,4.8415027,5
11610,10.19385,2.856631,6
11611,-0.73021203,5.041705,8
11612,15.914576,7.0560455,0
11613,-3.468865,1.8145009,8
11614,0.4725178,5.547866,8
11615,15.4778,7.162675,0
11616,-5.022653,12.296217,7
11617,-2.1161873,9.533612,9
11618,6.108648,5.4843397,3
11619,6.322006,3.5733016,3
11620,14.461369,7.6776767,0
11621,3.4695835,-0.5305052,2
11622,-2.2185528,-1.6535536,1
11623,-3.8186083,8.962311,7
11624,1.5733105,14.426429,4
11625,-0.831245,5.0331903,8
11626,2.139834,12.767154,9
11627,-1.8415834,15.285917,4
11628,1.1344813,11.97531,9
11629,-1.1523677,14.970061,4
11630,-0.9726806,-4.187053,1
11631,2.856128,5.8155255,5
11632,-1.0942963,-2.891817,2
11633,-1.9649805,10.186288,9
11634,-1.875713,-3.01925,1
11635,10.621988,2.973651,6
11636,15.74493,6.2363005,0
11637,-4.225215,0.8293903,1
11638,2.859863,6.089545,5
11639,15.775481,6.2444863,0
11640,-5.038251,11.412967,7
11641,-1.3709916,15.140367,4
11642,-4.4618473,10.901336,7
11643,3.5579975,5.48336,5
11644,3.191851,6.5854673,5
11645,5.905219,3.5304072,3
11646,1.2068025,14.31769,4
11647,-1.581925,10.286482,9
11648,4.5964108,-1.5196292,2
11649,-1.1135103,15.206354,4
11650,-4.9815264,11.831086,7
11651,6.3033934,4.0328975,3
11652,1.6361836,14.214635,4
11653,-1.8344034,14.647518,4
11654,16.215263,8.27133,0
11655,4.3892446,-0.907354,2
11656,3.7604184,6.5942063,5
11657,-0.16835234,10.607479,0
11658,-0.81646234,13.613163,4
11659,3.3413494,6.0269337,5
11660,-5.2480273,12.168898,7
11661,14.484305,6.626404,0
11662,0.4028198,6.2189426,8
11663,-3.6592484,1.3483421,1
11664,-4.515023,11.365812,7
11665,5.8869085,4.054402,3
11666,-2.5617352,-1.8569264,1
11667,3.2934148,-0.32095006,2
11668,1.1928085,11.646425,9
11669,-1.5272862,10.804146,9
11670,0.19251661,14.012646,4
11671,-2.7049682,-0.0139854485,1
11672,1.1448842,7.1620183,8
11673,10.772501,3.0845945,6
11674,5.054915,7.628228,5
11675,15.751587,6.2229495,0
11676,-2.9820633,-2.2708976,1
11677,-2.545418,-0.2615473,1
11678,10.991936,5.2981935,6
11679,-2.5017939,-0.5942468,1
11680,10.87889,5.03538,6
11681,-0.17405008,5.2823954,8
11682,-0.6318597,12.092371,9
11683,15.370389,6.1633945,0
11684,10.532926,4.9979606,6
11685,-1.6350949,15.126062,4
11686,-4.800363,10.858222,7
11687,-3.46296,8.517468,7
11688,1.3027647,12.701381,9
11689,-3.6238277,8.474485,7
11690,0.6394324,14.022428,4
11691,10.959537,3.005994,6
11692,0.6877704,14.331063,4
11693,6.1808043,3.5080662,3
11694,14.561651,7.540197,0
11695,3.7004666,5.890496,5
11696,5.2474804,7.912242,5
11697,11.17403,4.043075,6
11698,0.5804037,12.229737,9
11699,11.039589,2.5702689,6
11700,2.912965,-1.4221026,2
11701,15.814928,6.2054825,0
11702,-1.5245166,13.30153,1
11703,-3.7318282,8.566979,7
11704,1.1848769,6.987363,8
11705,3.394993,-1.2007868,3
11706,5.1593194,6.9292474,5
11707,3.9608471,6.2257447,5
11708,5.1119065,4.8044667,3
11709,-2.1535544,14.464339,4
11710,6.9148736,5.959276,3
11711,3.6831884,0.5528547,2
11712,14.38642,5.862746,0
11713,-1.5336434,15.178556,4
11714,6.1119714,5.580084,3
11715,-3.950001,1.3436432,1
11716,-4.3874907,11.584219,7
11717,-0.5318895,5.241974,8
11718,2.1139836,-0.42242238,2
11719,5.9498115,3.5594165,3
11720,1.4872144,7.4729877,8
11721,3.5368598,5.402517,5
11722,0.9596348,6.538187,8
11723,10.606601,3.9509747,6
11724,0.51329815,6.2024417,8
11725,3.625337,5.4031277,5
11726,1.1417649,6.636484,8
11727,3.3966236,-0.6686143,2
11728,-3.7731335,0.13201399,1
11729,16.27272,7.3626556,0
11730,10.296639,3.8078215,6
11731,10.703454,2.9421737,6
11732,0.40366364,12.160704,9
11733,-4.739144,9.985685,7
11734,2.50871,12.521766,8
11735,-3.808764,1.6464984,1
11736,-4.386214,9.762946,7
11737,3.7059896,-0.62647134,2
11738,1.6705414,-0.55335957,2
11739,3.2384145,5.4100556,5
11740,-0.2264504,13.209944,4
11741,-0.53343487,5.225074,8
11742,14.60386,6.3818846,0
11743,-2.839957,-0.44295198,1
11744,0.42224592,13.694294,4
11745,-2.5869126,9.568523,9
11746,14.858328,7.556137,0
11747,6.2715645,3.6118438,3
11748,3.2295184,-1.4816039,2
11749,-0.5708046,5.1133156,8
11750,1.2319447,6.5655956,8
11751,-0.6677181,5.628552,8
11752,5.52614,5.354509,3
11753,-0.031394463,5.706771,8
11754,14.416654,7.1811714,0
11755,6.427899,4.547636,3
11756,5.8249707,5.5667706,3
11757,-4.5858107,9.846536,7
11758,15.633519,8.123382,0
11759,-3.4131935,0.27456763,6
11760,-3.1080048,-2.1315992,1
11761,-0.43647122,5.1788383,8
11762,2.1008606,12.330037,9
11763,-4.976888,9.398993,7
11764,0.2933762,13.824564,4
11765,-3.9640718,1.6518264,1
11766,-4.110708,11.501786,7
11767,-4.3649645,1.9220408,4
11768,-3.5127923,9.168874,7
11769,10.615831,2.8370583,6
11770,-1.0777977,13.6687155,4
11771,-4.5485682,9.496268,7
11772,3.5394702,-1.7167213,2
11773,-0.79754394,10.315804,9
11774,3.7160306,0.06402497,2
11775,-1.8612406,10.351318,9
11776,2.771621,4.6727357,5
11777,6.3586106,3.6257098,3
11778,-3.748007,11.354286,7
11779,15.455098,5.968174,0
11780,15.609711,8.502752,0
11781,5.7508974,4.384188,3
11782,5.146237,7.081146,5
11783,-1.4067954,13.91002,4
11784,11.610134,6.54024,6
11785,3.1437201,5.226037,5
11786,-4.1371045,9.324112,7
11787,10.122429,2.832063,6
11788,6.042561,4.316838,3
11789,-5.046284,11.104368,7
11790,3.0744374,6.8573804,5
11791,15.120546,6.443057,0
11792,14.098632,6.84246,0
11793,-3.237205,-1.0964173,1
11794,14.142846,7.0507812,0
11795,2.8357291,-0.38702914,2
11796,0.33874068,5.6644835,8
11797,1.5840766,6.518387,3
11798,-5.3238225,11.265053,7
11799,-0.40212473,13.755284,4
11800,11.0783825,5.371582,6
11801,3.6001284,5.940685,5
11802,3.9615798,5.2672524,5
11803,10.76314,3.1951036,6
11804,5.5644054,5.807974,3
11805,-4.404233,11.035296,7
11806,3.8320913,6.7528944,5
11807,15.516406,7.192901,0
11808,1.1359689,6.942135,8
11809,-2.5314665,-0.3161164,1
11810,-3.8676305,10.2690935,7
11811,3.3050566,-0.9728225,2
11812,2.1819675,-0.36587077,2
11813,6.158749,4.34282,3
11814,1.344138,12.206668,9
11815,-1.5834217,13.704767,4
11816,-0.54500127,11.350537,9
11817,3.3715498,5.9595065,5
11818,0.61927116,13.857334,4
11819,10.374964,2.8944702,6
11820,1.1423265,12.321662,9
11821,-4.711321,11.013143,7
11822,-5.28543,12.248391,7
11823,-0.27209643,6.2147574,8
11824,0.63714075,14.250727,4
11825,-1.1864681,11.157096,9
11826,2.4651346,-0.7441097,2
11827,-1.9055817,10.04645,8
11828,10.139441,3.711082,6
11829,-3.8275588,11.136199,7
11830,0.4686273,13.313374,9
11831,-4.60792,11.052006,7
11832,10.751502,4.210332,6
11833,15.858489,6.00251,0
11834,14.360749,7.6074133,0
11835,-3.3933852,-0.973235,1
11836,1.134102,6.6305685,8
11837,6.3277855,4.3202963,3
11838,-3.964992,11.754809,7
11839,3.7920988,5.910714,5
11840,-0.08171669,11.988096,9
11841,3.2127461,0.017696891,2
11842,3.0188727,6.3069024,5
11843,-1.6028053,9.663329,8
11844,1.935622,-0.013494656,2
11845,15.703471,6.056042,0
11846,15.187079,8.654602,0
11847,-0.5224216,10.798626,9
11848,15.655536,7.262049,0
11849,10.7504635,2.5580232,6
11850,4.6624303,7.48611,5
11851,15.67296,5.956603,0
11852,0.59059274,14.939916,4
11853,-2.6519005,9.286151,9
11854,-4.5825133,9.778849,7
11855,-2.7519906,-0.42512462,1
11856,3.833794,-1.7381955,2
11857,-3.4629128,1.4101883,1
11858,-0.028836893,5.079856,8
11859,0.22947982,6.2485337,8
11860,15.003587,8.556355,0
11861,-1.5075336,14.072131,4
11862,-0.19745006,11.770607,9
11863,5.6469655,4.0457463,3
11864,5.359364,6.7772837,5
11865,2.8358207,-0.20941351,2
11866,10.992092,4.236857,6
11867,-2.6656468,-0.32717115,1
11868,-2.236501,-2.2507555,1
11869,2.6848016,-0.24008955,2
11870,14.957533,7.157473,6
11871,10.448975,2.9384687,6
11872,0.99815595,6.377425,8
11873,3.1590693,5.1936016,5
11874,6.032635,5.304517,3
11875,10.902716,3.3345761,6
11876,3.443303,6.5483966,5
11877,-5.1476965,11.068511,7
11878,9.924011,3.952129,6
11879,-0.5696719,13.804165,4
11880,-0.1884779,5.3640485,8
11881,0.55078644,6.1314073,8
11882,3.841876,6.3151126,5
11883,-2.016449,-1.2633015,1
11884,1.9182534,12.361529,9
11885,-0.7355475,10.209116,8
11886,0.28996977,13.956168,4
11887,15.583726,5.814637,0
11888,15.913819,7.0884504,0
11889,10.598123,2.358444,5
11890,0.36568904,6.6145678,8
11891,-0.01711703,11.408887,9
11892,11.10369,3.8996418,6
11893,-0.37442568,13.898829,4
11894,-4.3405185,11.715045,7
11895,-3.1979392,-1.5289437,1
11896,2.0791538,-0.2800336,2
11897,-1.1869867,11.741182,9
11898,-5.126454,12.168741,7
11899,2.8834994,-0.55791515,2
11900,0.17340055,11.71849,9
11901,-2.9238112,-1.6347514,1
11902,16.03797,7.574455,0
11903,-1.0846417,11.855268,9
11904,0.40480193,5.406235,8
11905,10.195506,2.9644842,6
11906,1.9057722,12.407181,9
11907,-3.9168644,10.638449,7
11908,0.5032706,6.6532125,8
11909,-0.6448309,11.179873,9
11910,6.879922,5.8028545,3
11911,14.975641,5.8153906,0
11912,0.3807619,12.023108,9
11913,-1.307859,14.149423,4
11914,14.963452,8.593829,0
11915,11.007708,2.8596632,6
11916,0.31121868,14.881245,4
11917,-4.318161,1.0811578,1
11918,0.15011156,11.567503,9
11919,-4.3481574,9.599414,7
11920,15.397703,6.435617,0
11921,5.8603354,4.4542913,3
11922,3.6814768,7.1445827,5
11923,0.16939613,5.9551415,8
11924,-1.0659689,11.8475895,9
11925,-1.8905437,10.34468,9
11926,0.9392273,12.431463,9
11927,11.231045,2.9685524,6
11928,5.292358,7.6150494,5
11929,6.0936046,4.5913177,3
11930,1.1826193,14.373091,4
11931,-1.2486354,11.807456,9
11932,11.451354,5.2128334,6
11933,15.318551,5.810966,0
11934,-0.42070347,11.506911,9
11935,4.52969,6.7841063,5
11936,4.433049,6.581065,5
11937,-3.6379714,9.810659,7
11938,0.3604663,11.613273,9
11939,-2.740915,0.072597526,1
11940,5.384292,5.9704447,8
11941,10.141464,3.2108417,6
11942,1.7068995,6.608957,8
11943,-4.1249714,2.166548,1
11944,-3.7777643,9.952093,7
11945,16.217333,6.842979,0
11946,-4.707848,12.057664,7
11947,-0.88601303,10.655536,9
11948,14.275158,7.88063,0
11949,-1.8177214,-2.502872,3
11950,2.1455636,6.8635855,8
11951,5.481952,4.9706974,3
11952,10.494796,3.015331,6
11953,-1.697325,13.566462,4
11954,-3.2920144,-1.6233683,1
11955,-1.3349562,13.630096,4
11956,0.34680527,14.7419615,4
11957,15.122227,5.8251977,0
11958,6.2492867,6.5871654,3
11959,10.627888,3.0010548,6
11960,6.283312,5.8174644,3
11961,2.1826622,-0.88648134,2
11962,0.6186142,13.8399,4
11963,3.3907254,6.0215945,5
11964,11.80995,6.2578278,6
11965,-1.5294129,13.67697,4
11966,4.106191,7.2676563,5
11967,-1.4927714,13.63796,4
11968,-1.3363012,-4.151767,1
11969,15.5951185,5.8008966,0
11970,1.4800195,12.151079,9
11971,2.8474772,-0.2782591,2
11972,10.692245,3.4327996,6
11973,16.300316,6.9965963,0
11974,14.622326,6.6531987,0
11975,-3.5067372,1.7126037,1
11976,9.859611,3.1303792,6
11977,4.5392256,-1.056746,2
11978,6.48754,4.4048543,3
11979,5.727344,3.777574,3
11980,4.4954386,7.1160975,5
11981,0.05983101,15.044167,4
11982,-2.3531244,-2.8494375,1
11983,3.0383244,4.885004,5
11984,0.30334792,7.309341,8
11985,11.321682,3.1824152,6
11986,-1.393704,15.285132,4
11987,-4.292001,10.017865,7
11988,-0.8087792,13.429267,4
11989,0.080247395,6.176307,8
11990,1.7534413,12.27403,9
11991,-1.6203854,10.302124,9
11992,-2.9302099,9.891223,9
11993,16.360363,7.5627623,0
11994,-3.5475264,11.182774,7
11995,-3.342605,0.8066694,1
11996,11.6784315,5.126998,6
11997,3.862944,-0.954098,2
11998,0.9298063,7.1856346,8
11999,5.6463423,3.8053315,3
12000,-3.9064605,9.187218,7
12001,-0.7900884,15.054914,4
12002,10.416991,4.934536,6
12003,2.98911,4.814647,5
12004,14.276585,6.8335395,0
12005,11.136022,3.076723,6
12006,1.0586985,12.570165,9
12007,-4.2007604,9.658859,7
12008,15.289172,7.1680307,0
12009,0.041083958,6.3118124,8
12010,0.99003893,6.8048286,8
12011,16.43701,7.670307,0
12012,4.998535,5.4205713,3
12013,-3.3043592,1.0499676,1
12014,1.8800182,7.283581,8
12015,4.385173,-0.84484905,2
12016,3.1789765,5.4625587,5
12017,5.7905145,3.5702906,3
12018,-3.7525983,11.509961,7
12019,-1.1361483,15.344666,4
12020,14.629465,7.2701225,0
12021,2.9597564,4.7266097,5
12022,5.9016814,6.7034583,3
12023,11.108558,2.7420616,6
12024,6.7995377,5.8937945,3
12025,-3.7438602,9.028147,7
12026,1.0179418,6.757809,8
12027,-0.6085549,6.3940487,8
12028,-0.0945496,14.647324,4
12029,-0.62984806,10.24722,9
12030,-1.9959714,-2.50503,1
12031,-5.059621,10.234848,7
12032,0.4953002,7.491281,8
12033,-1.3181306,14.136688,4
12034,0.1345083,13.775556,4
12035,6.15954,3.9796405,3
12036,1.8279078,14.168911,4
12037,0.103125505,5.987755,8
12038,-2.533847,-3.3443427,1
12039,2.6753242,5.342778,5
12040,-3.0473518,-2.638794,1
12041,-3.8215096,1.5149401,1
12042,-2.6665509,-3.0261245,1
12043,0.66152805,6.233307,8
12044,6.8569593,5.61256,3
12045,-0.020821184,5.634739,8
12046,4.646759,7.314299,5
12047,11.639722,5.2198005,6
12048,-4.560865,11.049201,7
12049,-3.2649977,0.8845038,1
12050,-0.766396,11.275784,9
12051,-0.9176286,10.331896,9
12052,-0.13149543,12.94913,4
12053,3.5135138,-0.27559644,2
12054,-0.0871287,5.2356544,8
12055,-1.0565959,15.074911,4
12056,-0.85460365,-3.2019687,1
12057,15.849178,6.8055067,0
12058,-0.42910588,14.46716,4
12059,-0.07829514,10.571072,9
12060,-2.4598167,-1.8263158,1
12061,-0.4054188,10.318094,9
12062,-4.093458,10.48922,7
12063,5.849204,3.553256,3
12064,0.99509007,14.304642,4
12065,-3.6776507,8.309399,7
12066,2.3059113,6.8332314,8
12067,-3.822753,8.679902,7
12068,10.413468,4.4308205,6
12069,-1.7279979,10.281288,9
12070,0.3145286,13.70915,4
12071,-3.1556947,-0.13682713,1
12072,-1.317556,-2.5572498,1
12073,-0.17578386,6.2591805,8
12074,1.4686258,12.104764,9
12075,-0.7387365,14.660668,4
12076,-1.1889659,11.860964,9
12077,-0.7416896,14.685513,4
12078,-0.1814889,-4.5399613,1
12079,3.4123557,-0.33315963,2
12080,5.232796,5.569504,3
12081,-4.8225904,10.335044,7
12082,3.8252459,6.55534,5
12083,2.9660685,5.133836,5
12084,0.45268047,5.7459784,8
12085,-0.13464749,6.503077,8
12086,5.459862,5.563193,3
12087,3.2567105,5.4546757,5
12088,10.641838,3.16669,6
12089,5.4150815,3.844295,3
12090,10.480588,2.9288619,6
12091,3.8928251,-1.1361425,2
12092,3.9222,6.329066,5
12093,3.5493367,-0.9467729,2
12094,6.705518,5.738862,3
12095,15.942832,6.7118406,0
12096,0.86017275,12.316034,9
12097,3.210132,4.835858,5
12098,-1.6871669,14.849704,4
12099,-0.107635915,6.4474425,8
12100,6.2950177,3.9161482,3
12101,11.653245,5.1555023,6
12102,1.137158,13.79307,4
12103,15.733615,7.2887535,0
12104,10.114142,3.1559331,6
12105,-0.9563732,14.409772,4
12106,-3.43642,-1.2420487,1
12107,16.036232,7.0688443,0
12108,6.700773,5.696351,3
12109,5.5607424,3.954081,3
12110,3.301665,6.5749297,5
12111,0.3125133,6.1913314,8
12112,4.9005117,7.2610936,8
12113,-2.5067139,-0.3023472,1
12114,10.413806,2.8185375,6
12115,16.276543,6.7268257,0
12116,-4.576476,10.863908,7
12117,5.681619,3.6840978,3
12118,0.916957,6.240113,8
12119,15.636957,5.834366,0
12120,-1.0256382,10.671055,9
12121,-0.7350837,14.622771,4
12122,-0.454538,13.194552,4
12123,-3.7935188,0.9630037,7
12124,5.44841,5.389881,3
12125,-1.2235675,15.090939,4
12126,-3.74807,8.182725,7
12127,0.28521982,10.750961,9
12128,-2.6826456,-3.2071936,1
12129,4.3614287,-0.833822,2
12130,1.1174735,6.76,8
12131,-0.33018258,10.359194,9
12132,-3.1671858,-2.3298943,1
12133,-3.0852973,0.8198169,1
12134,15.425192,6.2841263,0
12135,3.629278,-0.32067952,2
12136,-2.4036872,-3.438231,1
12137,3.7399638,5.5619283,5
12138,-3.6648097,9.893963,7
12139,-3.36556,9.185195,7
12140,14.494647,7.6234536,0
12141,-3.33339,0.23168266,1
12142,14.828633,8.834104,0
12143,-3.8843582,8.913245,7
12144,14.621828,8.280256,0
12145,-3.2542105,1.3330364,1
12146,5.5000505,7.588856,5
12147,11.128302,3.2782648,6
12148,6.882036,6.1054196,3
12149,-4.3405185,9.948158,7
12150,14.841217,8.355445,0
12151,6.008772,3.4162536,3
12152,5.629121,5.146064,3
12153,5.819129,3.5910287,3
12154,-1.1234674,-3.4330018,1
12155,10.850624,3.2139108,6
12156,4.09322,-0.9096368,2
12157,3.0798345,4.713349,5
12158,-3.5638695,-1.2373012,1
12159,11.354324,4.417566,6
12160,0.029621556,11.89988,9
12161,4.243851,-1.1156515,2
12162,-1.5038096,10.20046,9
12163,-0.23233946,6.3262577,8
12164,0.59841,5.812339,8
12165,-3.7810156,9.72817,7
12166,-1.156377,-2.7199495,1
12167,10.732209,3.3824599,6
12168,14.920691,8.770866,0
12169,-0.8932294,14.062837,4
12170,10.662936,4.1402593,6
12171,-0.12855995,11.214238,9
12172,-0.0075959237,11.985203,9
12173,0.039232284,6.233505,8
12174,-0.26667708,6.056878,8
12175,0.30891004,10.796102,9
12176,-4.820057,10.666073,7
12177,11.052041,2.8493645,6
12178,-1.1660268,-3.177368,1
12179,-0.24958153,10.337351,9
12180,14.527041,8.367832,0
12181,3.443717,5.1371684,5
12182,1.4621332,6.6483073,8
12183,3.6247609,-0.934101,3
12184,14.163604,7.8259892,0
12185,-3.67453,9.132216,7
12186,6.8391743,6.3209424,3
12187,-1.2400001,15.244529,4
12188,-5.3071966,12.04143,7
12189,5.8832464,3.6403003,3
12190,-0.7960957,5.8300924,8
12191,10.976765,4.1750546,6
12192,1.1548468,14.704065,4
12193,15.337404,5.818518,0
12194,1.0209895,14.704392,4
12195,15.910061,6.8772,0
12196,3.2617512,0.6327677,2
12197,-0.67078644,14.786854,4
12198,1.065923,7.1358614,8
12199,11.465643,4.3353224,6
12200,1.0393391,12.383963,9
12201,11.535303,4.584318,6
12202,2.1288445,12.649057,9
12203,-0.36306435,10.494883,9
12204,2.7422597,-1.0049798,2
12205,16.118416,6.716875,0
12206,-3.1776454,-2.2888775,7
12207,-2.3153777,-0.7597839,1
12208,-3.4252205,11.193217,7
12209,-3.5917695,1.8129977,1
12210,4.385992,6.8283596,5
12211,-0.5645267,5.483212,3
12212,-0.7596436,-3.9550507,1
12213,4.334679,-0.83680344,2
12214,6.4735684,4.2857738,3
12215,-3.7091894,1.2972034,1
12216,10.491006,3.5912194,6
12217,16.261604,6.493886,0
12218,5.963189,5.2564807,3
12219,15.908305,5.9982753,0
12220,12.059401,6.4666605,6
12221,-3.022985,0.13185194,1
12222,6.7098618,5.4495997,3
12223,3.0207255,-0.84896165,2
12224,0.40666246,14.682366,4
12225,6.4215403,3.949883,3
12226,-1.4507864,-3.966459,1
12227,-1.355378,15.184351,4
12228,6.1523952,4.7708616,3
12229,3.3712587,5.515898,5
12230,-3.2187428,-0.076582246,1
12231,10.602294,3.0166605,6
12232,3.9476473,6.626722,5
12233,-4.6307206,8.553889,7
12234,4.0683618,-1.5688369,2
12235,-0.83509636,5.4913464,8
12236,-4.021265,1.3092406,1
12237,-1.2065169,9.751981,9
12238,1.7214512,-0.08848516,2
12239,16.432127,6.791277,0
12240,-1.0225958,10.644936,9
12241,-2.9446497,0.50241923,1
12242,0.7740382,7.1681485,8
12243,3.5593874,-1.0868573,2
12244,5.1776524,5.879342,3
12245,6.7076206,4.426568,3
12246,5.424042,4.9240813,3
12247,-1.6481538,15.270221,4
12248,-0.2933518,11.991128,9
12249,3.0069516,5.182333,5
12250,2.4391901,7.424032,8
12251,11.063736,3.311605,6
12252,-4.425022,11.642685,7
12253,-3.9962416,8.24657,7
12254,1.9612037,0.10560027,2
12255,-0.66375476,5.4145446,8
12256,0.3144223,14.898292,4
12257,-1.0617174,9.634309,9
12258,11.76163,4.9743986,6
12259,16.652113,6.8682303,0
12260,6.008097,4.0948114,3
12261,-3.0319934,0.85300565,1
12262,10.28048,4.582114,6
12263,3.6911628,-0.86969703,2
12264,16.42379,8.129725,0
12265,5.8733373,3.6872334,3
12266,14.444521,7.169754,0
12267,-1.8412757,15.335461,4
12268,3.9143724,5.587463,8
12269,2.7390537,4.5269923,5
12270,11.01442,4.960045,6
12271,11.095546,2.7259972,6
12272,1.332136,12.504244,9
12273,-3.7256546,8.074721,7
12274,5.6444774,6.022424,3
12275,-0.8070672,5.6183305,8
12276,14.114554,6.472947,0
12277,-2.4598136,8.835386,9
12278,-5.102161,11.754795,7
12279,-1.7265894,15.006796,4
12280,-1.7990919,10.422259,9
12281,4.011726,-1.0722631,2
12282,1.687398,6.3788714,8
12283,11.255555,2.8568485,6
12284,3.7607925,6.4837794,5
12285,-1.9379277,15.280406,4
12286,3.488008,-0.9054594,2
12287,-4.132102,9.141348,7
12288,1.4946103,7.137542,8
12289,3.8772845,5.5289316,5
12290,11.527041,4.6917434,6
12291,-1.9215314,15.218906,4
12292,-5.000827,11.759553,7
12293,-4.8955226,9.726987,7
12294,-0.2055884,11.348281,9
12295,-0.25419873,6.0587993,8
12296,-3.857502,10.672977,7
12297,-4.221145,8.373334,9
12298,1.3340927,6.4377556,8
12299,4.1289773,-0.57749295,2
12300,6.189009,6.107108,3
12301,-1.7445579,9.29002,9
12302,1.5102262,-0.7164136,2
12303,5.9103594,5.277141,3
12304,-5.296361,12.218184,7
12305,-0.84311056,9.802844,9
12306,0.090179734,13.529529,4
12307,5.9756494,3.3612394,3
12308,1.1782379,7.661345,8
12309,-0.7116229,5.494189,8
12310,-0.5383739,-4.252583,1
12311,3.8486109,-0.83976895,2
12312,5.641737,5.4772563,3
12313,16.75399,7.1517563,0
12314,-1.9052948,-1.7319832,1
12315,-0.54982656,10.3126,9
12316,1.0213907,14.692786,4
12317,-0.55016595,5.5247474,8
12318,-1.2903678,-3.3235464,1
12319,11.442195,3.3579874,6
12320,2.04421,12.791387,9
12321,16.501165,6.525974,0
12322,-0.024446812,13.411951,4
12323,-3.2070704,1.1338495,1
12324,14.842646,6.499778,0
12325,15.842894,6.305633,0
12326,5.939022,5.8433056,3
12327,-0.7374229,15.19228,4
12328,-1.128239,13.581167,4
12329,5.58471,4.3827834,3
12330,5.822852,6.306427,3
12331,2.8354247,4.6002507,5
12332,1.7386136,14.553852,4
12333,5.5988865,3.8343341,3
12334,5.3722014,5.6834645,3
12335,-0.8155172,5.6824155,8
12336,-1.6064185,-3.4988058,1
12337,16.722795,6.917712,0
12338,5.5945115,4.876243,3
12339,16.84354,7.7289853,0
12340,10.961754,3.961935,6
12341,3.157865,5.080801,5
12342,2.249436,12.762379,9
12343,-2.2383184,15.116744,4
12344,5.6893077,6.131321,3
12345,5.5253654,3.9016047,3
12346,6.8535986,5.6114535,3
12347,2.593113,5.160118,5
12348,-4.5975337,10.887284,7
12349,5.4874015,3.7952247,3
12350,6.3540196,6.1789193,3
12351,16.223127,6.239546,0
12352,3.866639,-0.3601863,2
12353,-0.6898816,5.4781184,8
12354,11.386165,6.2443094,6
12355,5.731392,3.6726925,3
12356,-1.3429576,-4.276876,1
12357,16.54538,6.7587276,0
12358,5.9173265,7.5413456,5
12359,10.96732,2.9697695,6
12360,15.487846,6.493808,0
12361,3.5976667,-0.97609127,2
12362,-3.0215158,-1.3692526,1
12363,-3.9623134,8.179425,7
12364,-4.08506,11.662239,7
12365,-4.001209,2.0586238,1
12366,2.7917678,-0.9027594,2
12367,-3.4825318,1.7766578,1
12368,0.40889427,11.883657,9
12369,-0.26020762,5.8836784,8
12370,1.9576992,-0.097377025,2
12371,-3.3452427,0.85789937,1
12372,-3.7314997,10.811859,2
12373,-3.4480708,8.399392,7
12374,14.620141,8.562947,0
12375,-4.133412,1.0999011,1
12376,4.4505177,7.645603,5
12377,5.984673,3.3675153,3
12378,1.1084218,7.106681,8
12379,-0.6209173,5.5680203,8
12380,-0.3322502,12.178248,9
12381,3.1235015,5.4910464,5
12382,-1.1543007,-2.5748885,1
12383,-4.0682445,2.5965917,1
12384,0.65823805,13.899608,4
12385,4.185372,-0.6226773,2
12386,3.8809805,7.0399947,5
12387,16.552965,6.806481,0
12388,-3.6363945,1.5892692,1
12389,-1.7025813,9.317427,9
12390,-3.7493744,9.796954,7
12391,-4.8621426,9.171463,7
12392,4.9890575,4.9544334,3
12393,11.745068,4.1529,6
12394,-1.65861,-3.155497,1
12395,-4.554426,8.426232,7
12396,1.1969069,14.034553,4
12397,-1.7230494,15.412666,4
12398,-0.11323683,14.637819,4
12399,-4.0268617,2.8004086,1
12400,-0.32385117,5.4631944,8
12401,11.448649,2.778836,6
12402,10.931835,3.335476,6
12403,-4.442899,9.18406,7
12404,3.422481,-1.9091506,2
12405,3.126083,5.17616,5
12406,1.3553741,11.959805,9
12407,-3.449178,1.3799293,1
12408,-4.748881,11.731281,7
12409,4.2181034,-0.98721987,2
12410,11.1596155,4.615884,6
12411,11.072283,3.0625331,6
12412,-0.82611364,-4.132623,1
12413,-4.5155544,8.348451,7
12414,15.184768,8.893068,0
12415,-3.919289,1.898978,1
12416,6.4397025,4.8792825,3
12417,-0.5822657,10.312363,9
12418,1.3507825,14.754932,4
12419,-0.10936643,6.290471,8
12420,-3.9413579,11.403384,7
12421,16.149235,6.254645,0
12422,2.7244232,-1.6503255,2
12423,11.486581,3.653232,6
12424,4.0337663,-1.4588107,2
12425,-0.7175163,9.973722,9
12426,3.971072,0.76668227,2
12427,-1.6306717,15.325274,4
12428,-3.9724383,10.447976,7
12429,-0.58803165,10.212055,9
12430,6.550469,5.580922,3
12431,-2.0974643,9.161645,9
12432,-1.7213728,10.159933,9
12433,10.721578,2.85901,6
12434,-1.0972831,-4.4210486,1
12435,3.6976032,-0.88348734,2
12436,-2.7703831,-2.7336051,1
12437,6.627038,4.1418695,3
12438,0.7020266,14.481732,4
12439,-4.59482,8.683192,7
12440,1.3312387,13.198596,9
12441,-3.8834178,1.7782272,1
12442,-0.5138002,11.084377,9
12443,-1.5848757,9.309149,9
12444,1.9251176,7.3776045,8
12445,3.5930252,-0.2007972,2
12446,6.840206,4.9817815,3
12447,3.7352097,-0.9402754,2
12448,10.992334,4.809313,6
12449,2.8586679,4.6229615,5
12450,10.566617,2.8441513,6
12451,6.313092,3.8334358,3
12452,10.105965,3.1027327,6
12453,-4.0131564,8.25543,7
12454,-4.5112586,11.9225025,7
12455,-0.07460426,5.5557976,8
12456,14.762652,6.176963,0
12457,16.666721,7.624255,0
12458,-0.077025935,13.153468,4
12459,-3.7116318,0.38868508,1
12460,0.90602964,14.419228,4
12461,2.5873847,-0.28610292,2
12462,10.650152,4.6320477,6
12463,5.4266577,4.6545725,3
12464,-3.3720515,9.686594,7
12465,-1.6476525,13.873191,4
12466,-0.9129131,-4.115253,8
12467,4.368964,6.9198246,5
12468,11.598814,6.0603905,6
12469,11.709981,4.582869,6
12470,5.9817505,7.768905,5
12471,-4.623349,9.590418,7
12472,0.057052962,14.236206,4
12473,1.9542361,6.7423854,8
12474,3.5130372,0.37866396,2
12475,-0.22351284,11.038286,9
12476,5.45464,7.5405393,5
12477,16.702341,7.951648,0
12478,-5.0143285,11.68354,7
12479,-3.5322495,1.0468668,1
12480,10.703174,4.88767,6
12481,3.4249563,-0.046435665,2
12482,1.0066621,7.1922183,8
12483,5.6997237,4.077289,3
12484,2.906012,6.499395,5
12485,-1.5426552,14.217901,4
12486,-2.5670679,-3.3198428,1
12487,3.3879912,5.4439707,5
12488,3.672104,6.9332857,5
12489,11.764407,3.8163853,6
12490,5.4904037,5.602329,3
12491,-3.8667922,8.790186,7
12492,-5.0914793,11.82385,7
12493,5.512506,7.243614,8
12494,1.9448522,6.912472,8
12495,-0.8007401,10.786108,9
12496,0.30084154,12.159189,9
12497,16.865791,7.7295823,0
12498,5.7471533,4.0188317,3
12499,-3.6588957,1.3369286,1
12500,14.351205,7.627529,0
12501,2.0453002,-0.18844314,2
12502,3.0692239,6.544758,5
12503,5.868542,4.9404573,3
12504,16.432047,8.069625,0
12505,-1.4329661,14.771843,4
12506,5.5834575,5.956686,3
12507,3.4835594,5.4111233,5
12508,-1.8082366,-3.164088,1
12509,11.623385,3.4102595,6
12510,-2.083454,-2.9609885,1
12511,-4.6762385,9.220991,7
12512,-0.93314433,-4.0586863,1
12513,5.5569797,6.929983,8
12514,2.5049846,-1.2667531,2
12515,-0.3143708,10.680245,9
12516,15.391629,6.9043617,0
12517,2.8150778,-0.5964997,2
12518,11.7005415,5.8528037,6
12519,4.4482193,7.1089315,5
12520,10.774652,3.9287336,6
12521,-4.2897143,1.6682521,1
12522,0.40845725,5.7288356,8
12523,11.756754,4.878691,6
12524,-3.4438033,10.383038,7
12525,-1.710518,13.770055,4
12526,-3.4642346,10.109342,7
12527,6.0394316,3.9492033,3
12528,11.363198,6.0395164,6
12529,-0.83463895,10.212737,9
12530,1.2492992,14.396801,4
12531,-1.1023446,10.454165,9
12532,-3.1904137,-2.355058,1
12533,16.035442,7.7666287,0
12534,0.15678233,7.037242,8
12535,-0.44025666,10.4158325,9
12536,5.5102153,4.445545,3
12537,-4.263155,8.7040615,7
12538,-0.052961066,13.886955,4
12539,-3.6703522,1.5405364,1
12540,5.624706,7.49105,5
12541,11.793213,4.9391727,6
12542,15.3415985,6.2024026,0
12543,-1.618446,13.835665,4
12544,5.965938,6.3375874,3
12545,5.71196,4.2348166,3
12546,4.9220605,4.6952686,3
12547,11.431155,3.210778,6
12548,3.907373,6.8066244,5
12549,2.453612,-0.15083764,2
12550,15.3891945,6.899166,0
12551,-0.27189597,5.8661227,2
12552,10.40358,4.964508,6
12553,16.77105,7.935194,0
12554,16.679531,7.3062487,0
12555,16.849371,7.6129603,0
12556,-2.9548507,-2.099989,1
12557,-0.46002388,5.837728,8
12558,-3.156318,10.50995,7
12559,0.25883472,5.515867,2
12560,3.8405704,-0.05234347,2
12561,3.1552167,5.59797,5
12562,-0.8907852,11.352185,9
12563,-1.4941367,9.499203,9
12564,0.40498284,14.738995,4
12565,-0.46446508,6.204703,8
12566,6.1748004,7.416528,5
12567,11.410482,3.1703756,6
12568,16.130276,6.9922857,0
12569,3.326224,5.290734,5
12570,0.7110009,11.979169,9
12571,-4.860726,9.140478,7
12572,5.0616755,6.4032803,5
12573,16.28772,6.872989,0
12574,3.3505194,6.7003775,5
12575,15.931389,7.682937,0
12576,-4.7567425,10.63343,7
12577,-1.6219594,13.867211,4
12578,-3.4539866,-1.1224691,1
12579,-4.4666553,8.560845,7
12580,0.44011122,6.115358,8
12581,-2.0229118,14.412477,4
12582,3.5350554,-1.7705381,2
12583,6.1122465,5.4002056,3
12584,14.799183,6.5197215,0
12585,-0.27409104,5.8460374,2
12586,1.1865624,5.952599,8
12587,2.4579315,-0.14526267,2
12588,4.975011,6.6340036,5
12589,-1.4113287,14.759676,4
12590,-1.227088,-3.1085675,1
12591,-3.964479,1.795983,1
12592,4.709953,4.8675623,3
12593,5.6738563,4.0490484,3
12594,1.5849947,6.6135983,8
12595,-1.6860701,14.248577,4
12596,10.965623,5.6821046,6
12597,-4.049045,8.687024,7
12598,3.0423517,-0.43233514,2
12599,-4.231498,8.88834,7
12600,-1.3753955,10.076869,9
12601,-4.750754,8.781194,7
12602,6.9585667,5.5956974,3
12603,0.19236764,5.497846,2
12604,3.428112,6.4614577,5
12605,16.249464,7.587069,0
12606,10.352591,3.8950098,6
12607,-0.57970876,10.487434,9
12608,2.7475383,-1.3761225,2
12609,-0.4876769,5.799105,8
12610,0.4614876,13.606716,4
12611,4.5607862,6.6383357,5
12612,-0.06974169,12.988686,4
12613,11.802166,3.844276,6
12614,0.8139411,11.12568,9
12615,-1.5987958,15.0350275,4
12616,1.3509898,6.3937135,8
12617,5.6863055,4.8386517,3
12618,1.0924239,13.568372,4
12619,-0.23977801,5.990626,8
12620,3.4948616,-1.7193807,2
12621,2.2978995,-0.22922558,2
12622,0.3513169,6.5640125,8
12623,6.4560604,3.8883972,8
12624,-3.8325965,10.159984,7
12625,5.6542997,4.131123,3
12626,4.6373444,7.123842,5
12627,-0.26316205,6.003106,8
12628,-5.182551,11.538678,7
12629,-1.5604844,9.47638,9
12630,2.2363605,7.6282353,8
12631,4.3756385,6.966534,5
12632,-0.9707101,-3.1466107,1
12633,5.671299,4.3038087,8
12634,-3.309839,-2.101022,1
12635,15.8332405,7.2444816,0
12636,10.8499775,5.684617,6
12637,3.5025396,5.3213835,5
12638,3.0214932,5.6879873,5
12639,-1.9247043,13.848825,4
12640,11.698686,6.127936,6
12641,-4.744289,9.309316,7
12642,-2.6638434,-3.257578,1
12643,-4.158368,1.9014223,1
12644,1.3155053,14.545417,4
12645,6.074762,5.8736744,3
12646,1.1561549,11.8711405,9
12647,-4.149052,1.9097365,1
12648,1.5880386,7.032409,8
12649,-4.892843,9.484697,7
12650,1.9171779,12.755825,5
12651,-3.8691006,8.339731,9
12652,14.178759,8.005382,0
12653,16.757172,7.744232,0
12654,-1.3369428,14.061912,4
12655,-0.9714234,9.316747,9
12656,6.6705914,6.7573667,3
12657,-3.6312535,1.5007066,1
12658,0.79313844,6.110438,8
12659,-4.1804924,8.361046,7
12660,-0.8354122,5.7769537,8
12661,5.6919227,4.1639433,3
12662,14.048325,6.97741,0
12663,5.5859437,7.6775646,8
12664,-2.4036686,-3.5929751,1
12665,16.466345,7.4749722,0
12666,14.810545,6.4602914,0
12667,5.728867,3.753106,3
12668,-5.102007,12.3016815,7
12669,-0.98029935,10.386564,9
12670,15.355662,8.630949,0
12671,-3.7464397,1.4989226,1
12672,2.982938,-0.437012,2
12673,11.859328,4.9189534,6
12674,-0.5387,10.826688,9
12675,-1.0806384,12.318421,4
12676,-3.9722066,10.564182,7
12677,5.8115463,5.6063676,3
12678,-3.622082,9.923756,7
12679,-0.44220567,6.031682,2
12680,-1.8584594,-1.3662711,1
12681,-3.6624084,1.4646219,1
12682,4.0818214,-1.623277,2
12683,0.18403836,5.6174192,8
12684,2.9237583,5.505908,5
12685,11.742467,3.6726327,6
12686,14.600765,5.5467033,0
12687,-1.6936792,14.293141,4
12688,3.9919953,6.7411036,5
12689,4.3434415,6.9918904,5
12690,14.871627,6.9018703,0
12691,16.069887,7.2425866,0
12692,9.882095,2.7993917,5
12693,-4.3208604,2.1912253,1
12694,4.4148903,6.89118,5
12695,3.5116441,5.4165535,5
12696,1.8921597,12.714857,9
12697,3.4006035,5.2333627,5
12698,5.374768,5.6763005,3
12699,11.750743,3.612052,6
12700,5.7808375,6.4786596,3
12701,3.3557675,5.361482,5
12702,4.1436987,8.010454,3
12703,15.184795,7.8786736,0
12704,-2.669796,-2.360437,1
12705,-1.4095262,-2.3422146,1
12706,-0.94320154,-3.4017856,1
12707,3.6510382,-1.9144229,2
12708,-0.012581862,10.873801,9
12709,6.9083676,6.170217,3
12710,0.982999,6.764298,8
12711,-0.06803517,13.511794,4
12712,-0.44195142,5.2345357,8
12713,4.4907455,7.5405755,5
12714,3.396194,7.0038867,5
12715,10.603156,5.2481103,6
12716,14.46386,7.77635,0
12717,-4.2779717,11.950632,7
12718,2.0736454,-0.78046227,2
12719,0.21509454,7.1433225,8
12720,6.73656,5.4641433,3
12721,1.176989,11.880973,9
12722,-1.4611503,-2.1379354,1
12723,15.246365,8.089042,0
12724,-3.886158,9.887544,7
12725,-2.508086,-2.902063,1
12726,1.5599746,14.582957,4
12727,3.3235762,-1.6184914,2
12728,10.651551,2.9000251,6
12729,6.59483,6.3656,3
12730,-4.191379,10.320184,7
12731,-0.20510937,13.514999,4
12732,16.155035,6.74392,0
12733,3.5867627,6.7275057,5
12734,-2.5852041,-0.20803942,1
12735,10.952013,5.3924646,6
12736,4.8490357,6.9395504,5
12737,-4.4971094,11.279482,7
12738,-1.3984467,10.323553,9
12739,0.6510737,11.597279,9
12740,1.7958359,-0.69383913,2
12741,15.378006,8.490791,0
12742,-5.025096,11.967884,7
12743,-1.9326547,-1.9080094,1
12744,10.25217,2.3657057,6
12745,4.3858857,-1.615685,2
12746,-2.9755635,-2.279466,1
12747,6.8878694,5.0646353,3
12748,14.7697525,8.824745,0
12749,-0.9520859,13.944385,4
12750,6.376226,4.7281795,3
12751,-5.2250752,12.022354,7
12752,-3.7457588,8.524486,2
12753,2.07462,12.515931,9
12754,-3.5891664,9.729771,7
12755,0.63576084,14.618463,4
12756,3.7823415,6.7738934,5
12757,-5.3539715,12.12722,7
12758,11.461788,5.6873465,6
12759,10.067925,3.7135508,6
12760,-0.13688785,13.537546,4
12761,6.989149,5.260854,3
12762,11.052297,5.9700193,6
12763,-1.4167577,13.806476,4
12764,14.777581,8.791348,0
12765,15.738264,8.5075245,0
12766,2.6040971,-1.0769562,2
12767,2.02032,12.192127,9
12768,2.193988,12.504478,9
12769,-4.2667456,11.46795,7
12770,4.6028395,7.414236,5
12771,-1.9563252,-1.5421132,1
12772,-5.1044817,11.900389,7
12773,-0.491074,11.380025,9
12774,-3.1961474,10.357136,7
12775,7.132401,4.9886756,3
12776,15.395637,6.626796,0
12777,1.5402361,6.874154,8
12778,-0.7677852,11.756563,8
12779,-0.46902338,13.756447,4
12780,6.7022386,5.416732,3
12781,-3.586463,10.974679,7
12782,2.0181518,6.4054613,8
12783,7.0548205,4.891861,3
12784,3.6557655,-0.96452147,2
12785,15.2326975,8.287481,0
12786,-2.0808208,14.520003,4
12787,0.30350703,11.398665,9
12788,-0.9517106,14.366424,4
12789,0.9592468,11.891947,9
12790,-0.7951561,12.887041,4
12791,-1.7073652,-2.2347803,1
12792,-0.59201086,11.848935,9
12793,-2.717173,-3.0174692,1
12794,-3.1383677,9.481681,7
12795,0.83275354,14.657913,4
12796,15.308526,7.8330417,0
12797,4.825386,-1.1177895,2
12798,-2.1400385,-2.57927,1
12799,14.624869,6.5066943,0
12800,5.440291,7.8065743,5
12801,10.292913,4.601655,6
12802,3.2805338,-1.5098268,2
12803,3.960118,-1.6863288,2
12804,4.4899693,7.6562357,5
12805,-1.8500247,-1.6973344,1
12806,-4.090182,11.342966,7
12807,-2.1382992,-1.1861106,1
12808,1.5428673,-0.4650746,2
12809,-1.7022214,-1.7037383,1
12810,10.479871,2.837075,6
12811,-1.7118504,-1.6954315,1
12812,5.6802344,4.690083,3
12813,-5.10241,12.217007,7
12814,5.5736966,5.443788,3
12815,4.571688,-1.4886115,2
12816,3.667298,6.843991,5
12817,-3.3492267,-1.5912744,4
12818,4.5410624,7.2308726,5
12819,-5.0044856,11.907291,7
12820,-1.978688,14.423939,4
12821,3.0886917,6.2705526,5
12822,3.5444431,-1.4261072,2
12823,4.7469983,-1.2785298,2
12824,-1.9358981,-3.657019,1
12825,1.0696751,11.897733,9
12826,5.8632665,6.3121624,3
12827,-1.5292714,13.909562,4
12828,5.4517794,5.8246183,3
12829,3.2501504,6.4760613,5
12830,0.10164325,12.762523,4
12831,0.0700625,6.7979593,8
12832,1.1294277,12.347234,9
12833,0.06687234,12.167521,9
12834,10.416005,2.9653044,6
12835,-4.88867,11.363411,7
12836,4.7557144,5.4844546,3
12837,15.700107,8.645532,0
12838,5.2694254,4.831811,3
12839,15.178313,8.388971,0
12840,2.21339,12.983019,9
12841,-4.0576787,11.089537,7
12842,-2.7545538,-1.7168721,1
12843,5.1545854,6.9594026,5
12844,2.1214597,0.2462556,2
12845,-3.295472,-1.635256,1
12846,-0.53533643,11.32,9
12847,-2.6889815,-1.6482224,1
12848,2.3325138,7.1154485,8
12849,-4.770282,11.653145,7
12850,-3.541042,10.738432,7
12851,10.486328,4.7938523,6
12852,0.4218341,11.930743,9
12853,10.298039,3.4493732,6
12854,2.8035386,-1.2845825,2
12855,10.409935,3.8298352,6
12856,5.0012536,7.6013923,5
12857,1.1832497,6.596147,8
12858,1.8588722,-0.4444255,2
12859,4.7394056,-1.10549,2
12860,-2.615491,-0.36215514,2
12861,4.193671,-1.6554531,2
12862,2.7629986,5.837016,5
12863,-4.0484047,10.63282,7
12864,3.0451694,-0.90127736,2
12865,-4.881185,11.567221,7
12866,10.988099,5.221611,6
12867,-0.8011904,13.851336,4
12868,-0.12771136,12.052546,9
12869,14.533526,7.121456,0
12870,0.5665188,14.730244,4
12871,4.396765,-1.4353089,2
12872,14.907383,6.8161545,0
12873,-3.524639,-1.1909041,4
12874,5.9977365,5.8848433,3
12875,3.808538,-1.1509193,2
12876,11.049111,5.432619,6
12877,7.0061984,6.1115723,3
12878,-0.9784002,-4.3449855,1
12879,6.997146,6.2096467,3
12880,14.74511,8.214692,0
12881,7.0382776,5.9043794,3
12882,6.0836005,5.686531,3
12883,-1.7657937,-1.699885,1
12884,-0.9539328,11.915279,9
12885,-2.942319,-2.289665,1
12886,-1.5126024,-2.5890622,8
12887,10.78098,5.0437365,6
12888,14.555665,7.7095037,0
12889,-0.17509174,11.904714,9
12890,0.87376404,7.1932454,8
12891,3.9123697,6.353397,5
12892,0.15783146,5.706843,8
12893,4.919404,7.1434717,5
12894,-0.36473694,10.744451,9
12895,5.8751216,6.001206,3
12896,-5.3397126,10.982793,7
12897,15.320827,6.995006,0
12898,3.3189921,5.802887,5
12899,-0.20571168,6.3928204,8
12900,-3.160014,10.659375,9
12901,6.90138,5.690502,3
12902,11.281856,5.8880153,6
12903,2.0244284,12.215747,9
12904,1.531536,6.6478043,8
12905,10.800238,5.699178,6
12906,4.396935,-1.5228312,2
12907,16.196028,6.178472,0
12908,-3.2052276,9.845175,7
12909,-3.7148776,1.9764597,1
12910,-0.09572437,11.542523,9
12911,3.8944867,-1.1764364,2
12912,0.042111423,13.348262,4
12913,5.9025693,3.637126,3
12914,-0.91954565,12.059781,9
12915,-1.8988469,14.981413,4
12916,1.7388564,-0.28351566,2
12917,2.695035,4.527964,5
12918,-2.047477,-1.1299388,1
12919,11.326581,2.6571226,6
12920,6.970421,5.7512627,3
12921,-4.365163,8.600464,7
12922,1.6266221,14.739793,4
12923,0.4012572,5.938204,8
12924,6.955897,4.904157,3
12925,-1.5503888,10.290248,9
12926,15.06601,7.189124,0
12927,16.388607,7.315263,0
12928,1.136835,7.468392,8
12929,-2.9153714,0.46991074,1
12930,-3.4434,0.10181257,1
12931,4.703999,-0.7276597,2
12932,-2.7234495,-1.6522183,1
12933,6.0424466,3.7026,3
12934,1.0829566,7.675482,8
12935,-1.6989259,14.550685,4
12936,-2.8510113,-0.67483276,8
12937,2.7549694,4.41227,5
12938,1.6660118,-0.7460135,2
12939,11.131407,2.6159818,6
12940,2.907356,5.7451034,5
12941,-5.0567718,9.305365,7
12942,5.8323574,5.611874,3
12943,-0.23361497,5.9527545,8
12944,1.4476056,7.2320714,8
12945,-1.2358743,10.266348,9
12946,-5.1378746,12.093141,9
12947,16.806837,7.0904684,0
12948,-0.121875584,13.471474,4
12949,-3.8323467,0.9347828,1
12950,3.0151596,0.50925446,2
12951,4.064172,-0.52067655,2
12952,-2.4791372,-2.789952,1
12953,5.7250223,3.8967452,3
12954,3.3145044,-1.3190932,2
12955,-1.3790195,14.927574,4
12956,-4.458396,9.707934,7
12957,3.1799161,4.6059914,5
12958,0.33699355,6.7409444,8
12959,11.642016,3.3857799,6
12960,0.9169708,6.856944,8
12961,-4.504467,8.425996,7
12962,3.8734848,6.701489,5
12963,0.017464746,5.7950745,8
12964,11.164783,5.9889736,6
12965,-1.5152931,9.585904,9
12966,-1.3574657,14.476094,4
12967,6.575255,3.6823359,3
12968,5.7288637,5.3040156,3
12969,0.18148427,14.918044,4
12970,-3.5473216,9.469015,7
12971,-3.6497111,1.424728,1
12972,1.4054172,14.012871,4
12973,-1.1131474,15.196892,4
12974,0.9845446,6.4820886,8
12975,11.635885,3.8223104,6
12976,0.5523653,13.901461,4
12977,11.789871,4.2625194,6
12978,5.753536,7.165861,5
12979,-4.432619,8.408396,7
12980,11.510728,6.4217534,6
12981,5.8947215,3.7225237,3
12982,-5.0751996,11.084538,7
12983,6.554881,3.8031425,3
12984,1.239756,6.6095347,8
12985,4.4448233,-0.38920486,2
12986,6.02781,7.715458,5
12987,-3.2791252,1.1397367,1
12988,1.1094172,7.3776526,8
12989,-1.0411416,9.943882,9
12990,6.547463,5.870676,3
12991,-1.2069504,15.34378,4
12992,15.046214,7.5840073,0
12993,-4.394978,8.705926,7
12994,-3.7457085,9.778708,7
12995,6.0225353,3.3246303,3
12996,2.8411436,6.1178517,5
12997,-1.1383104,15.107346,4
12998,6.1898346,4.7908373,3
12999,-0.97216624,9.732522,9
13000,-4.373617,10.465771,7
13001,-3.795603,2.3446019,1
13002,-2.3510084,-2.4558516,9
13003,-3.8761601,1.7050687,1
13004,2.3288274,7.0704684,8
13005,16.329683,6.371755,0
13006,-2.7116425,-0.0759568,1
13007,-3.3851047,0.87655187,1
13008,1.2355071,14.092247,4
13009,-1.2215664,14.992078,4
13010,11.443513,5.0422535,6
13011,11.797146,4.0724874,6
13012,0.36844417,12.110996,9
13013,16.371716,6.8895,0
13014,1.3074751,12.899301,8
13015,4.098357,-0.62786674,2
13016,1.1853485,7.716496,8
13017,-0.41956863,6.012027,8
13018,5.6719832,5.005036,8
13019,4.3361135,-0.29495487,2
13020,10.615364,3.8342824,6
13021,2.6962278,4.4313416,5
13022,2.9537573,-1.2342578,2
13023,3.8757982,-0.09924767,2
13024,-3.489537,11.07903,7
13025,-3.6473835,2.1676538,1
13026,5.0682163,5.8270407,3
13027,-4.4794016,8.725865,7
13028,-0.092582,11.393135,9
13029,16.554602,6.867463,0
13030,15.832789,8.895058,0
13031,-0.2067179,12.97509,2
13032,1.2260973,12.487039,9
13033,16.466112,6.8496304,0
13034,-1.0314378,10.549514,9
13035,11.562815,3.1197636,6
13036,5.569491,7.639949,5
13037,0.09019935,6.2865214,8
13038,1.7306899,-0.7126884,2
13039,3.2867727,-0.6426193,2
13040,5.458277,7.7508326,5
13041,-1.383594,10.093349,9
13042,-3.9901397,10.549832,7
13043,4.3109026,-0.6322894,2
13044,14.498967,7.9395857,0
13045,6.3618517,3.5530207,3
13046,11.245328,5.9887304,6
13047,11.435627,3.1073864,6
13048,-4.0412545,9.4740925,7
13049,-2.2343009,9.497103,9
13050,-2.542133,10.824852,9
13051,0.16144279,5.6426516,8
13052,0.8930077,13.495919,4
13053,-3.7974563,9.196373,7
13054,14.659677,8.761119,0
13055,-0.0033186292,5.7089972,8
13056,-3.4277391,10.646852,7
13057,-1.041057,9.794958,9
13058,3.8035429,7.2594414,5
13059,4.3885975,-0.7802007,2
13060,3.0382931,5.636787,5
13061,3.8717668,-0.18679091,2
13062,1.0028862,7.7180386,8
13063,-1.1016831,9.95413,9
13064,-5.0721645,12.204774,7
13065,0.18457246,5.7221355,8
13066,15.436271,8.92976,0
13067,10.798158,2.3757908,6
13068,-0.8700221,13.166214,4
13069,-2.0023527,15.2024975,4
13070,3.8601282,6.3659,5
13071,-1.3290381,15.380539,4
13072,0.44174328,11.364898,9
13073,-1.4747907,15.012057,4
13074,15.636965,8.850835,0
13075,16.456804,6.4685054,0
13076,15.674553,8.524439,0
13077,16.050032,6.114982,0
13078,10.274434,4.1535616,5
13079,-0.5402619,5.869051,8
13080,-1.5487833,-2.7668486,1
13081,16.241463,6.1859083,0
13082,-3.688122,9.716915,2
13083,-0.8228858,5.5642924,8
13084,11.252021,5.723862,6
13085,11.745058,4.0519376,6
13086,2.0315597,-0.55075383,2
13087,11.303222,2.8248646,6
13088,-0.9896987,11.409505,9
13089,-0.45660344,6.0363426,8
13090,-2.4630108,-3.709728,1
13091,-5.0862145,9.494213,7
13092,4.894587,7.2585535,5
13093,6.0538445,3.2801898,3
13094,4.701937,7.054164,5
13095,-0.39972666,5.931566,8
13096,-1.0617408,9.99651,9
13097,16.508038,7.522177,0
13098,14.787632,7.6433554,0
13099,6.1109705,3.4014325,3
13100,2.6059458,-1.1151615,2
13101,11.496067,2.8559477,6
13102,-2.0123835,-1.2475367,1
13103,0.33234563,5.9569607,8
13104,-0.10731482,13.3858595,4
13105,6.137303,4.2425046,3
13106,-3.2353153,-1.371381,1
13107,-3.3393483,0.94003975,1
13108,0.1791393,12.2603245,9
13109,6.590356,3.9526272,3
13110,6.028307,5.863009,3
13111,-0.68353796,10.360259,9
13112,-1.1004775,-4.012966,1
13113,-3.8467124,1.5889304,1
13114,6.483675,4.818364,3
13115,-1.4591638,9.498703,9
13116,0.8228848,12.527958,9
13117,16.655321,7.038297,0
13118,0.25078258,7.3988094,8
13119,-4.938415,9.154103,7
13120,3.033826,5.038185,5
13121,3.8995078,-0.060256556,2
13122,1.8232275,6.8680606,8
13123,-4.1627884,9.180046,7
13124,5.807288,4.68069,3
13125,-1.3434883,15.229598,4
13126,15.215831,8.004358,0
13127,6.0175676,3.2725625,3
13128,-0.80115765,14.389457,4
13129,-3.8124135,2.2791016,1
13130,2.1017895,12.434442,9
13131,-4.423314,8.343558,7
13132,-0.08663161,13.628387,4
13133,10.833553,2.4912536,6
13134,6.6253214,6.063434,3
13135,16.413322,7.7245264,0
13136,-4.470785,11.841648,7
13137,-4.0785627,2.1882577,1
13138,-3.465565,9.3364105,2
13139,4.272184,-0.8126435,2
13140,-2.9862115,-2.388615,1
13141,5.988772,3.6091208,3
13142,6.7798724,5.0211954,3
13143,-1.3305117,15.129994,4
13144,5.399815,5.2705007,3
13145,2.4841528,4.3829603,5
13146,5.97191,6.204275,3
13147,11.463028,3.0358448,6
13148,2.861484,-0.23476553,2
13149,-3.6744175,7.9856744,7
13150,-3.0455549,10.535648,7
13151,-0.60030234,6.0513735,8
13152,1.3524396,6.7414875,8
13153,-2.2723224,9.155105,9
13154,-0.6671365,-4.056117,1
13155,16.633062,7.5870943,0
13156,3.131357,-0.351426,2
13157,-3.8159711,2.3341596,1
13158,-4.606842,11.145171,7
13159,4.616126,-0.98370177,2
13160,-1.5253875,-3.6279123,1
13161,6.043796,3.468598,3
13162,-4.0720434,11.103811,7
13163,-1.7159866,14.997641,4
13164,15.695663,8.719826,0
13165,3.0159702,4.49121,5
13166,-4.67707,10.65564,7
13167,11.756431,3.5704882,6
13168,-2.8112416,-1.0151465,1
13169,-4.4796824,8.40652,7
13170,10.789624,5.1923523,6
13171,-0.5793691,5.6304975,8
13172,11.184766,4.927919,6
13173,-1.9727957,9.377792,9
13174,-4.613172,11.925383,7
13175,16.50782,6.904839,0
13176,1.9334836,6.769472,8
13177,-3.720987,2.18679,1
13178,0.2051629,12.109191,9
13179,4.484288,-0.6169674,2
13180,-3.2767627,10.614107,7
13181,6.0403485,3.3735116,3
13182,3.7389288,6.1804156,5
13183,-1.8968049,15.217526,4
13184,14.345361,7.308087,0
13185,6.8516273,4.15953,5
13186,4.7201967,6.683751,8
13187,-3.9876626,8.183338,7
13188,-4.954108,8.815899,7
13189,-0.50470966,5.05243,8
13190,6.4079733,6.655773,3
13191,-2.158302,9.262789,9
13192,-0.54831433,10.718503,7
13193,5.638088,4.1239038,3
13194,0.069095664,12.210746,9
13195,-0.37284014,6.141008,8
13196,14.367123,7.251623,0
13197,16.702587,6.8406725,0
13198,2.1696384,-0.3836017,2
13199,-4.4843855,8.5400505,7
13200,1.8863077,-0.13084939,2
13201,-4.0284224,1.9311024,1
13202,5.7016635,6.1373796,3
13203,16.637808,6.7347655,0
13204,0.3414986,5.9440765,8
13205,-4.4436016,8.417002,7
13206,16.146313,7.5799155,0
13207,11.573765,4.133953,6
13208,5.925914,6.1504807,3
13209,-1.6901063,9.717209,9
13210,10.438468,4.9337506,6
13211,16.720322,7.2430344,0
13212,4.9806285,5.3399715,3
13213,-3.702192,2.1599803,1
13214,14.636691,7.043901,0
13215,16.721067,7.1142225,0
13216,14.988077,7.6103187,0
13217,16.754498,7.043557,0
13218,6.1609287,6.4724293,3
13219,-0.21266073,5.797127,8
13220,11.025575,3.8700604,6
13221,6.3558183,3.8380675,3
13222,5.344695,5.7000065,3
13223,-1.1834059,15.123311,4
13224,11.1716585,5.6207795,6
13225,5.9634337,3.4019856,3
13226,11.545898,4.840626,6
13227,-3.6826828,2.0007467,1
13228,6.106428,5.5569396,3
13229,2.6731164,4.490408,5
13230,15.118103,8.530426,0
13231,16.635412,6.7431407,0
13232,4.1843596,7.585988,5
13233,16.376205,7.367705,0
13234,3.1353474,6.8262887,5
13235,-0.88013184,9.867663,9
13236,-0.041958578,14.728847,4
13237,2.7083385,4.491149,5
13238,14.347932,6.343811,0
13239,5.9264016,3.4337633,3
13240,14.359077,7.3988943,0
13241,-2.0125709,14.7552395,4
13242,6.927841,5.8477597,3
13243,-3.6597624,8.219028,7
13244,-5.207364,12.197496,7
13245,10.944927,3.1430418,6
13246,10.49563,2.6498694,6
13247,-1.5355754,9.917641,9
13248,3.4448264,6.5475373,5
13249,4.7106876,-1.0133591,2
13250,5.6151595,5.738607,3
13251,-1.7105131,14.965135,4
13252,1.0642289,14.443407,4
13253,2.3683887,4.3171587,5
13254,-3.0664084,-2.6181393,1
13255,-4.7789884,8.600866,7
13256,5.473822,7.280826,5
13257,4.581329,-0.74080837,2
13258,1.6919739,7.2289176,8
13259,-3.0579665,1.0332751,1
13260,-2.2695694,-3.5870962,1
13261,11.761664,4.225903,6
13262,5.0045094,6.93298,5
13263,-1.779936,14.816438,4
13264,3.4804492,6.735532,5
13265,-1.9759928,9.336466,9
13266,-3.1383734,0.40750918,1
13267,-1.089174,15.038351,4
13268,14.796668,7.2292514,0
13269,-1.0306903,9.812458,9
13270,0.7230291,12.051537,9
13271,-1.8733627,15.088666,4
13272,-1.345834,-2.22407,1
13273,-3.944317,2.2969735,1
13274,1.4154412,7.0115714,8
13275,4.509799,-0.8821095,2
13276,6.029826,7.5668497,5
13277,4.498573,-0.86894596,2
13278,0.3955881,12.161517,9
13279,2.666148,4.4592175,5
13280,15.285469,7.0217004,0
13281,-0.7028286,5.515606,8
13282,11.427351,4.3233876,6
13283,-4.042203,2.5423748,1
13284,3.2774024,6.5426054,5
13285,6.410518,3.8235776,3
13286,15.872946,8.428362,0
13287,4.525757,-0.6784247,2
13288,5.842468,5.549254,3
13289,-1.5761797,9.564798,9
13290,11.160526,5.925543,6
13291,-1.9289868,15.212261,4
13292,-4.0991473,9.836145,7
13293,5.9690547,3.3007965,3
13294,4.9348636,5.506068,3
13295,4.0508714,-0.7190953,2
13296,-2.1325998,-0.9250524,1
13297,-3.8123848,2.106793,1
13298,6.167156,6.430976,3
13299,4.4992657,-0.8525961,2
13300,5.2563596,7.219961,5
13301,-0.08765224,5.62402,8
13302,0.9748271,13.763027,4
13303,11.799727,4.0441537,6
13304,1.7932179,12.228037,9
13305,4.052033,5.6293154,5
13306,11.37986,5.5149164,6
13307,-4.1084857,2.6973774,1
13308,-0.7753535,12.219539,9
13309,11.834978,3.912274,6
13310,2.1721518,-0.58984864,2
13311,-3.8816948,8.184226,7
13312,4.862806,7.304145,5
13313,4.6381297,-0.57387495,2
13314,15.401463,5.841014,0
13315,-3.7747774,2.2315373,1
13316,0.46106362,5.6109576,8
13317,6.242048,3.6494818,3
13318,10.917427,4.383905,6
13319,-4.5199757,8.523551,7
13320,0.6246466,5.79627,8
13321,2.9223444,4.8778033,5
13322,10.543747,4.0973554,6
13323,-1.1523352,10.059483,9
13324,2.883302,6.4964943,5
13325,6.0266976,3.6371984,3
13326,1.8881563,12.379597,9
13327,-0.62924635,5.460652,8
13328,4.6141815,6.6278977,5
13329,-4.027846,8.227709,7
13330,1.8772357,-1.0956299,2
13331,2.758949,4.7979965,5
13332,6.348768,4.3202653,3
13333,-4.6495614,8.599443,7
13334,-1.7160705,-3.7812147,1
13335,16.771152,6.964929,0
13336,5.0998354,7.156792,5
13337,-3.539801,8.5234375,7
13338,-1.7448517,-2.7685437,1
13339,-1.4871342,15.078546,4
13340,-1.8742778,13.638788,4
13341,-0.4320133,5.865455,8
13342,0.23368408,6.0846252,8
13343,0.027561454,5.6127057,8
13344,15.138554,8.302063,0
13345,2.5280535,4.3696218,5
13346,5.9722557,7.583274,8
13347,16.858246,7.6687007,0
13348,5.0278325,7.6638494,5
13349,11.324014,4.2876625,6
13350,-0.64262295,14.965813,4
13351,11.58844,3.5546763,6
13352,5.0462236,5.8090687,3
13353,6.5929027,3.9774678,3
13354,0.69119054,5.729393,8
13355,-4.763589,8.989334,7
13356,0.560699,12.538205,9
13357,11.825216,4.0089583,6
13358,0.86106,11.515694,9
13359,-1.3829747,9.705399,9
13360,3.4321094,5.3032155,5
13361,-2.171764,9.171439,9
13362,0.635155,11.599944,9
13363,-1.8275985,15.060581,4
13364,10.204704,3.4957488,6
13365,-0.8002723,5.2832956,8
13366,14.183694,7.257825,0
13367,-0.90962154,15.278331,4
13368,5.07756,7.6534557,5
13369,-3.9252677,2.3561203,1
13370,1.4193654,-0.68189216,2
13371,16.77212,6.9069824,0
13372,-2.5962305,-0.39137423,1
13373,11.486691,3.0481436,6
13374,3.6301315,0.1332053,2
13375,11.423841,2.9174852,6
13376,3.8355744,6.5862126,3
13377,16.393362,7.192422,0
13378,0.42995575,6.973007,8
13379,-4.2092733,0.5681527,1
13380,-3.3656719,10.783013,7
13381,3.7825804,-1.0020318,2
13382,-4.1982617,10.345585,7
13383,5.7395515,4.4608555,3
13384,2.2333825,-0.01671953,2
13385,-1.7614206,14.548838,4
13386,1.4247679,7.4637856,8
13387,3.6054225,5.431251,5
13388,6.921982,5.717955,3
13389,11.271706,3.5703561,6
13390,-0.90858436,-4.3752303,1
13391,-4.953778,8.993313,7
13392,-2.995743,-0.2020769,1
13393,-0.46139634,5.96182,8
13394,10.424414,2.9808826,5
13395,-1.1763805,10.565372,9
13396,1.2217033,5.837648,8
13397,16.246986,7.5401015,0
13398,-1.1367263,-4.3132014,1
13399,-2.7343254,-1.0877771,1
13400,4.9536858,7.779292,5
13401,4.211143,-1.4013413,2
13402,1.0541743,6.817381,8
13403,6.4398293,4.557298,3
13404,4.7945185,6.860737,5
13405,-4.307353,8.997665,7
13406,2.4202116,-0.6484784,2
13407,1.1363193,6.348456,8
13408,15.0210285,7.9993734,0
13409,-1.4716444,10.409112,9
13410,-3.7306993,8.845476,7
13411,16.350443,7.6732826,0
13412,4.6556783,7.777526,8
13413,-3.6931767,0.25285718,1
13414,1.4758958,12.529708,9
13415,4.4030685,-1.0186734,2
13416,-3.7910693,11.491603,7
13417,6.915639,4.609926,3
13418,0.35737428,15.04247,4
13419,-1.0722214,15.275377,4
13420,0.7809183,7.0437336,8
13421,-4.6601067,8.60061,7
13422,0.10389873,7.0987964,8
13423,-0.33996588,5.6183248,8
13424,1.365759,6.7385197,8
13425,-0.40824738,10.425503,9
13426,0.5702402,14.060845,4
13427,10.809913,3.3597765,6
13428,2.2062821,13.038978,9
13429,-1.5543408,10.532946,9
13430,-0.46605256,13.550471,4
13431,11.086704,4.651494,6
13432,15.484897,5.708943,2
13433,-3.2224252,0.08472334,1
13434,3.7742727,-1.585963,2
13435,-1.2894168,10.130514,9
13436,1.3137323,7.4313354,8
13437,-1.2350622,10.509938,9
13438,6.259945,4.7221494,3
13439,-1.1608251,10.33163,9
13440,1.1832141,6.9184113,8
13441,-0.88211524,15.003557,4
13442,5.2893424,4.623869,3
13443,-1.2588232,14.671465,4
13444,10.808957,5.6103363,6
13445,6.6529055,4.186298,3
13446,-0.07113887,14.355372,4
13447,0.20489359,7.0800843,8
13448,5.8240485,3.8104236,3
13449,-3.0785778,0.92743325,1
13450,14.9223995,7.731266,0
13451,-0.38045004,14.507217,4
13452,-3.6506646,9.989626,2
13453,-3.304774,-0.4797838,1
13454,14.903212,8.471898,0
13455,4.4439907,-1.2703408,2
13456,-0.5190607,12.246861,9
13457,2.98991,5.3800335,5
13458,1.0880225,14.426105,4
13459,15.8597355,6.9364157,0
13460,3.6814241,7.467015,5
13461,-0.23251899,10.82762,9
13462,0.76129615,11.869686,9
13463,-1.0366077,14.19011,4
13464,14.144097,7.1501307,0
13465,-0.2439372,10.86561,9
13466,5.765506,7.4693093,5
13467,15.770202,8.277711,0
13468,10.240854,4.7024336,6
13469,-4.8877573,9.73963,7
13470,-2.4438047,-3.02507,1
13471,0.2529881,14.99016,4
13472,-1.018117,11.487907,9
13473,-0.78724,13.921747,4
13474,-2.63045,-3.3696387,1
13475,-2.693768,-1.4564165,1
13476,1.0070986,7.641809,8
13477,0.21545254,6.885077,8
13478,7.010115,5.562777,3
13479,-4.9482613,9.770787,7
13480,1.086081,11.638899,9
13481,11.506922,4.6202807,6
13482,-4.702368,11.3500805,7
13483,15.960317,8.189472,0
13484,3.1653192,-1.025019,2
13485,0.791753,6.37133,8
13486,1.6623453,-0.007592208,2
13487,-3.1777236,1.2388496,1
13488,5.1836786,4.8847375,3
13489,0.34046078,6.555363,8
13490,2.0850015,-0.47720897,2
13491,4.032706,-0.19462073,2
13492,15.630313,7.9329844,0
13493,10.813285,2.888418,6
13494,10.211347,2.7559154,6
13495,4.05983,-0.95199025,2
13496,6.9282727,5.082905,3
13497,16.251207,7.4070816,0
13498,0.20712334,6.112454,8
13499,-0.77535564,10.875638,9
13500,0.0958161,13.827603,4
13501,-3.3603728,-0.23364095,1
13502,4.083972,6.465007,5
13503,3.7935102,-1.2206408,2
13504,-3.2616847,-1.3357756,1
13505,4.1530275,5.987951,5
13506,2.536302,-0.8962488,2
13507,-0.8314791,14.921542,4
13508,10.338535,3.180164,2
13509,3.5568807,6.0933022,5
13510,-2.6344385,-1.3463761,1
13511,10.866125,2.9438546,6
13512,-4.2004385,10.677579,7
13513,-4.68274,8.635243,7
13514,-3.8463955,-0.6342837,1
13515,-5.033799,9.219096,7
13516,4.8979006,4.720033,3
13517,3.4215732,5.070131,5
13518,1.2549443,6.9918075,8
13519,5.9700804,5.164207,3
13520,1.7183645,14.54669,4
13521,15.982912,7.790599,0
13522,3.489802,-1.7784971,2
13523,4.460158,-1.0611427,2
13524,6.1741576,6.591634,3
13525,4.482649,-1.0529277,2
13526,4.8800526,5.2121663,9
13527,4.430906,-0.9848244,2
13528,14.106595,6.4969234,0
13529,-4.5117636,9.179787,7
13530,1.9977337,12.629302,9
13531,6.432893,4.280349,3
13532,5.2464876,7.3579144,5
13533,5.0368752,7.072466,5
13534,-4.5215936,11.430048,7
13535,3.735875,-1.0879533,2
13536,11.662328,4.64927,6
13537,-2.601976,-0.09679454,1
13538,5.650437,7.7716923,5
13539,0.02492798,15.00072,4
13540,-3.7005775,11.411559,7
13541,-1.5384899,14.612299,4
13542,-2.2925544,-2.8763888,1
13543,7.116811,5.4321647,3
13544,14.329243,8.016695,0
13545,16.404894,8.01168,0
13546,11.063506,4.7912636,6
13547,15.540821,8.237803,0
13548,-0.76792186,12.72328,4
13549,0.05401416,6.7128687,8
13550,3.117689,-0.6242741,2
13551,3.720196,5.3670406,5
13552,2.3717146,-0.14368457,2
13553,-1.5977244,15.191961,4
13554,0.6599461,5.485067,8
13555,-4.3289275,8.574984,7
13556,-3.0683427,-1.9670287,1
13557,-0.9514844,10.01494,9
13558,-2.063605,-1.6913604,1
13559,0.61690444,6.1419067,8
13560,5.775943,5.564119,3
13561,-4.55559,8.661267,7
13562,0.22137293,7.1224465,8
13563,-0.98307484,10.11479,9
13564,-0.6614127,14.326735,4
13565,10.72727,3.142043,6
13566,-3.787762,10.725237,7
13567,6.4288354,4.096609,3
13568,5.7362585,5.1938105,3
13569,-4.0939984,1.075889,1
13570,-3.9204285,10.349721,7
13571,-4.4814057,9.008802,7
13572,-1.4815055,10.009563,9
13573,-1.4968802,10.27057,9
13574,-1.4528191,-2.3818743,1
13575,11.538847,3.5854416,6
13576,5.7388062,5.002172,3
13577,6.149527,4.2329764,3
13578,0.9809518,6.5736747,8
13579,6.08001,3.9826527,3
13580,5.2828693,7.104672,5
13581,-2.8625298,0.38117698,1
13582,14.993162,8.771027,0
13583,15.035531,7.7539334,0
13584,-1.5785707,-3.8482018,1
13585,4.0456734,-0.27590013,2
13586,2.1193027,-0.3681466,2
13587,11.117279,3.8846157,6
13588,2.0769336,7.346901,8
13589,16.150059,8.227281,0
13590,-1.7827704,-2.8702588,1
13591,4.8160763,7.503403,5
13592,0.62722266,6.014783,8
13593,11.214666,3.745718,6
13594,3.6361797,6.528339,5
13595,11.088853,4.0202537,6
13596,1.1657541,12.040784,9
13597,0.27610242,6.252171,8
13598,10.063436,3.6485972,6
13599,-4.939207,9.286773,7
13600,-4.835648,11.26202,7
13601,6.8513775,4.564103,3
13602,3.1327639,6.696347,5
13603,2.8454525,5.354821,5
13604,1.1728436,4.466931,1
13605,0.13962032,6.1983805,8
13606,3.0509524,-1.6580045,2
13607,6.040278,5.069912,3
13608,1.6369456,7.4057927,8
13609,15.336516,8.0880575,0
13610,-2.302749,-1.2226236,1
13611,-3.0866063,-0.2279696,1
13612,2.9373333,-0.34532487,2
13613,3.402211,-0.58412826,2
13614,9.985682,3.6813016,6
13615,5.5386057,4.769075,3
13616,0.98662966,12.046818,9
13617,-3.326574,0.22798179,1
13618,1.1047448,6.010952,8
13619,4.079322,6.618267,5
13620,0.703695,6.053188,8
13621,11.034941,5.587088,6
13622,11.81373,5.5641418,6
13623,15.57883,8.339514,0
13624,4.089619,-1.181902,2
13625,-3.554888,0.6636819,1
13626,1.2001519,7.452779,8
13627,3.8449512,-0.5089675,2
13628,6.211106,4.2439623,3
13629,6.798222,4.409769,3
13630,-1.8356497,-4.064356,1
13631,-2.8257804,0.2513396,1
13632,0.65797997,7.4220405,8
13633,3.7162352,5.3808656,5
13634,-1.3556074,14.188655,4
13635,11.456938,5.5321865,6
13636,-0.7907426,-4.1676555,1
13637,-4.0369077,9.640619,7
13638,-4.5756373,8.726996,7
13639,0.23290019,5.45077,8
13640,-0.37809265,13.874978,4
13641,15.555561,8.530178,0
13642,4.9152746,7.8599567,5
13643,-3.8975863,0.6259462,1
13644,-4.450956,11.341431,7
13645,4.4127216,-0.95170337,2
13646,0.088718146,11.579993,9
13647,-0.024383685,11.394963,3
13648,-3.4279296,-1.4194632,1
13649,-3.050337,0.90921557,1
13650,1.6183107,14.524332,4
13651,-3.1885734,8.954954,7
13652,1.9421647,12.461804,9
13653,-0.09438963,15.165624,4
13654,1.4152927,-0.75485945,2
13655,5.762684,3.6087205,8
13656,4.9104257,5.1741786,3
13657,-3.787304,1.200449,1
13658,7.1314883,5.235672,3
13659,3.1142864,6.434729,5
13660,5.647511,5.3365483,3
13661,10.8169775,2.832676,6
13662,-4.23224,10.381969,7
13663,2.595918,4.6111584,5
13664,0.9023548,14.642752,4
13665,-3.529603,8.825162,7
13666,1.9300201,13.072344,9
13667,3.6130147,-1.0597769,2
13668,-0.41845682,11.058448,9
13669,-0.4788958,5.305592,8
13670,5.207106,4.618879,3
13671,10.773172,3.7255714,6
13672,-0.87649775,11.166272,9
13673,5.643735,4.3686147,3
13674,-3.0187113,0.79834104,1
13675,5.2972827,5.6160955,3
13676,6.260888,5.1284533,3
13677,5.771834,4.1014504,8
13678,1.3180907,12.557599,9
13679,11.079828,3.482443,6
13680,-0.37839365,-4.33688,8
13681,5.048478,6.4373984,5
13682,0.58088374,7.1594224,8
13683,-1.5432318,15.198576,4
13684,-5.0087385,11.701828,7
13685,15.875567,7.0073323,0
13686,11.374976,6.1394863,6
13687,-1.7624934,10.508244,9
13688,0.7853551,14.128887,4
13689,-4.2145495,0.9001144,1
13690,4.1841273,-1.128417,2
13691,-3.5679502,8.944977,7
13692,1.0054711,11.698897,9
13693,3.4920087,0.44920528,2
13694,-1.7881624,-0.9316245,2
13695,-0.49296755,10.692107,9
13696,10.349986,5.01098,6
13697,-3.8444645,1.0692863,1
13698,-4.381772,11.232774,9
13699,2.7322736,5.5284863,5
13700,-3.1479354,-1.2717904,1
13701,-3.6027246,0.8722568,1
13702,10.119657,2.7633402,6
13703,-3.219212,10.75359,3
13704,6.553575,5.0965977,3
13705,4.6602163,-0.48799035,2
13706,6.221655,5.002535,3
13707,5.516168,5.202971,3
13708,4.982204,7.4319787,5
13709,11.920764,5.8724194,6
13710,-3.4427361,10.264356,7
13711,-3.6891785,1.440614,1
13712,11.713363,6.5604763,6
13713,4.8591976,5.67443,3
13714,-1.0368645,12.249006,4
13715,11.64526,6.239599,6
13716,4.087033,6.575718,5
13717,-0.8152321,11.254144,9
13718,-3.3189392,10.320097,7
13719,15.867161,8.0456705,0
13720,1.7411828,12.028657,9
13721,-4.0952883,1.8464441,1
13722,2.765479,-1.1244961,2
13723,-0.22337459,6.2553873,8
13724,2.8269951,5.240841,5
13725,-3.6384525,-0.91137296,1
13726,15.41809,6.4106245,0
13727,-0.15776286,14.683529,4
13728,-0.83698523,11.960549,9
13729,14.109745,7.0476174,0
13730,15.393352,6.630354,0
13731,11.307661,4.187045,6
13732,4.344112,6.893632,5
13733,-3.8778608,0.19972636,1
13734,14.569995,7.964856,0
13735,3.4483361,-1.5901161,2
13736,6.1270757,6.543436,3
13737,11.067205,5.20821,6
13738,14.285832,6.6513,0
13739,-0.5708655,11.033328,9
13740,5.194626,4.4133463,3
13741,4.668475,-1.3292803,2
13742,2.1873364,7.243694,9
13743,4.507319,-1.0105371,2
13744,-4.3587265,11.7486725,7
13745,5.150812,4.7250395,3
13746,-3.600566,10.113223,7
13747,3.1536386,5.765965,5
13748,-2.3203015,-3.303913,1
13749,3.4777672,5.915871,5
13750,5.2144814,5.656586,3
13751,15.853616,6.6148825,0
13752,1.2117847,6.8079753,9
13753,-3.2170653,8.827218,7
13754,-4.8154974,10.309163,7
13755,-3.428531,8.539099,7
13756,-4.3342,11.108224,7
13757,-2.0825074,10.029751,9
13758,10.0940695,4.070664,6
13759,11.184331,4.767558,6
13760,14.487763,8.382878,6
13761,4.5685964,-1.322309,2
13762,2.7447166,-1.1449713,2
13763,-0.40748525,11.039614,9
13764,14.750319,8.844793,0
13765,0.33821937,15.029158,4
13766,-0.17074865,13.159584,4
13767,-4.315198,9.492926,7
13768,2.1400225,12.454072,9
13769,15.136384,8.345916,0
13770,10.538811,3.1765542,6
13771,4.526419,-0.912321,2
13772,10.191247,4.337911,6
13773,5.567835,3.9470482,3
13774,4.5802703,-1.0702362,2
13775,-0.19184873,15.17509,4
13776,-4.549083,8.924064,7
13777,14.867774,6.0413876,0
13778,4.9558935,5.0938163,3
13779,15.584407,6.845049,0
13780,10.6974125,5.456872,6
13781,-0.28095403,5.393427,8
13782,-3.7349257,0.36724243,1
13783,3.434755,6.18407,5
13784,3.8561296,6.450936,5
13785,-3.0892587,0.5523567,1
13786,-3.4847703,11.210038,7
13787,6.579026,4.041483,3
13788,-3.1729162,0.39954132,1
13789,-3.257334,9.62365,7
13790,-3.3086798,0.065964885,1
13791,-2.1501822,9.912763,9
13792,-0.45360115,6.098208,8
13793,-0.4816516,5.224409,8
13794,-3.713599,11.095148,7
13795,-0.76427305,5.7807717,8
13796,2.8695915,6.415157,5
13797,-1.3856363,10.609606,9
13798,14.483049,7.672877,0
13799,14.850996,6.47896,0
13800,5.0163107,7.0915217,5
13801,-1.3932037,10.906984,9
13802,-4.915963,11.683738,7
13803,-0.8970306,5.2478085,8
13804,3.110142,0.12007828,2
13805,-0.5450654,11.485888,9
13806,0.26733,12.248498,9
13807,15.566094,6.2100334,0
13808,14.398078,6.3853164,0
13809,11.166984,3.6047592,6
13810,-4.065925,10.06253,7
13811,2.8348627,5.296097,5
13812,6.5837765,4.1820264,8
13813,11.268129,5.34721,6
13814,-3.8109443,10.098604,7
13815,-3.9864142,9.523903,7
13816,14.460359,8.526887,0
13817,-1.3420683,15.292264,4
13818,2.4845412,-1.3485826,2
13819,-3.292716,8.997606,7
13820,4.431428,-1.2005441,2
13821,3.661326,5.448435,5
13822,14.808059,7.21103,0
13823,-0.5624721,15.007428,4
13824,6.0125303,6.037919,3
13825,-3.9821713,1.5114276,1
13826,15.399468,8.472672,0
13827,6.296915,3.6105464,3
13828,10.060716,3.2419703,6
13829,5.2213206,6.0824614,5
13830,15.04641,8.683302,0
13831,6.5726953,6.8530307,3
13832,10.189471,2.998574,6
13833,15.646367,7.517268,0
13834,-4.4025097,11.440202,7
13835,-2.7363968,0.057157535,1
13836,5.9663043,5.4502263,3
13837,2.2916927,-0.30389115,2
13838,11.038232,4.3953238,6
13839,6.682478,4.2142167,3
13840,-1.2121853,-4.0632195,1
13841,-1.9557358,14.707074,4
13842,-3.7166128,11.53298,7
13843,2.7141566,4.6324873,5
13844,2.7138221,-1.0683181,2
13845,11.357515,3.0914407,6
13846,10.112311,3.6405993,6
13847,-4.815031,9.268464,7
13848,1.509388,14.562614,4
13849,-0.64816535,5.748203,8
13850,0.63090014,12.178511,4
13851,-1.820237,9.851242,9
13852,-1.0397325,12.880978,4
13853,16.43072,6.5520654,0
13854,13.8583765,6.36221,0
13855,-3.7748623,2.0444715,1
13856,0.8108329,13.463188,4
13857,2.5447323,-0.4563713,2
13858,11.692935,5.4748397,6
13859,6.63551,4.317961,3
13860,11.2200165,5.9065948,6
13861,-2.1476226,15.169068,4
13862,4.1234255,6.679415,5
13863,2.715646,4.3920536,5
13864,-0.14503458,14.6341915,4
13865,11.852062,4.017209,6
13866,1.2162151,7.1980557,8
13867,-5.05231,9.029717,7
13868,1.3739816,14.332549,4
13869,-0.4640672,5.394682,8
13870,-0.98119146,12.870908,4
13871,-1.6925505,9.469374,9
13872,16.304262,8.21583,0
13873,16.5456,7.450762,0
13874,15.10404,7.941462,0
13875,-3.9019873,2.3596451,1
13876,14.087574,6.1592517,8
13877,2.5628731,-0.21089527,2
13878,-0.7132626,13.064823,4
13879,6.6331673,4.136836,3
13880,14.324926,7.710308,0
13881,11.916766,3.9543326,6
13882,-2.2816586,-3.5150223,1
13883,-5.0961785,9.067686,7
13884,-3.5601761,-0.5545511,1
13885,-0.5577839,5.2775984,8
13886,4.4898643,7.1257005,5
13887,-1.1226661,9.668652,9
13888,1.2910221,6.534875,8
13889,16.072325,7.250625,0
13890,-4.773223,9.07417,7
13891,-1.2743008,9.807218,9
13892,-2.4132798,-3.1497884,1
13893,-1.0219063,9.685543,9
13894,5.2933974,5.8804526,3
13895,-0.8892755,5.1135054,8
13896,14.856284,8.578196,0
13897,-1.2427682,9.818973,9
13898,0.93907195,12.06715,9
13899,-0.7570656,5.2804976,8
13900,-4.316978,12.09637,7
13901,-1.8715749,15.286398,4
13902,1.8391815,14.547517,4
13903,-3.9548407,2.5821328,1
13904,1.9912043,12.873599,9
13905,-4.156466,8.32539,7
13906,5.250121,5.187201,3
13907,-4.8402476,8.769988,7
13908,-0.41957885,13.286512,4
13909,6.485083,3.7532933,3
13910,3.7915676,-1.5645566,2
13911,16.814383,7.1966887,0
13912,11.874795,6.675018,6
13913,16.856533,7.5052347,0
13914,3.3562045,-0.59292895,2
13915,-4.7995944,9.1562805,7
13916,14.356006,6.833093,0
13917,-0.5839388,5.6179214,8
13918,15.2477455,7.3643227,0
13919,2.5576043,-0.53031063,2
13920,-0.67134887,13.760591,8
13921,16.298307,6.5176196,0
13922,2.573975,0.2521131,2
13923,-3.6221082,1.9658418,1
13924,1.1232221,6.1767445,8
13925,1.8322178,-0.4980497,2
13926,14.018782,6.9252963,0
13927,11.700895,4.2779922,6
13928,4.532978,-1.3303813,2
13929,6.5100117,3.8520768,3
13930,3.378761,0.00422339,2
13931,6.481355,4.0066385,3
13932,1.7698661,12.721767,9
13933,-4.680932,8.724881,7
13934,0.5878704,7.357998,8
13935,6.3952265,3.8902876,3
13936,2.0924199,12.601358,9
13937,5.635372,4.1536856,3
13938,4.6078415,6.6988564,5
13939,11.295818,2.6686718,6
13940,5.077432,6.94719,5
13941,11.262012,3.4201288,6
13942,1.2734572,13.700458,4
13943,-1.9498994,15.288813,4
13944,1.7672194,7.080046,8
13945,-1.3304545,9.394023,9
13946,5.0577507,6.9740343,5
13947,-4.0997066,2.690429,1
13948,2.8925703,6.540681,5
13949,-1.7014123,9.329537,9
13950,-1.6315839,-3.4559453,1
13951,-0.5635123,5.5868335,8
13952,3.089713,-1.8040763,2
13953,2.5164359,-0.43436572,2
13954,1.2511033,6.363949,8
13955,16.792442,7.2624035,0
13956,-2.6314373,-2.1506622,1
13957,6.237136,3.6385217,3
13958,4.5217233,7.068631,5
13959,1.9968013,-0.108257584,2
13960,0.7488677,6.6554575,8
13961,-3.9898386,2.5658512,1
13962,15.176944,7.761287,0
13963,-4.791896,8.691267,7
13964,9.853779,3.1240697,6
13965,6.0216174,3.3714864,3
13966,1.1370292,5.937304,8
13967,-4.1360135,2.0990791,1
13968,-0.012397028,13.27284,4
13969,3.931208,4.780406,3
13970,11.172359,3.1543899,6
13971,-1.3190956,9.547894,9
13972,1.7868321,-0.47401598,2
13973,-4.005949,2.7779503,1
13974,-3.5825691,0.25924718,1
13975,-4.84649,8.846384,7
13976,1.4673811,6.739947,8
13977,11.449029,3.19159,6
13978,-4.307393,10.907025,7
13979,-0.88581234,5.2008624,8
13980,6.029211,4.166916,3
13981,-2.1767833,15.175232,4
13982,-1.5158665,11.592426,9
13983,6.612361,3.6208005,3
13984,1.6035448,-0.20778488,2
13985,-4.033614,2.8040159,1
13986,1.2709049,14.788659,4
13987,-1.7947232,15.32666,4
13988,5.02339,7.622636,5
13989,16.501501,7.1077514,0
13990,1.1767738,6.4954348,8
13991,4.614445,6.1147394,5
13992,-0.80722994,-3.9830122,1
13993,5.9526725,3.5334594,3
13994,3.8124192,-1.7922697,2
13995,11.844523,4.1331334,6
13996,5.352443,6.1626215,9
13997,-1.399323,9.33041,9
13998,2.4542623,12.515964,9
13999,11.359669,3.31469,6
14000,-2.3025322,-3.5833697,1
14001,-4.100019,2.7312357,1
14002,5.8952885,5.880266,3
14003,-0.62878734,5.291142,8
14004,-3.815441,10.639358,7
14005,2.4359334,-0.50145286,2
14006,4.554007,6.720181,5
14007,1.9798776,-0.39331484,2
14008,-1.732637,14.388889,8
14009,2.7325144,4.740279,5
14010,1.6528288,11.992153,9
14011,-5.019355,9.056422,7
14012,15.52136,6.292003,0
14013,-0.79493153,5.1323614,8
14014,0.5963363,6.3249283,8
14015,-1.6555625,9.28701,9
14016,-3.2015154,-2.2335134,1
14017,-0.8990663,5.0849915,8
14018,1.4512435,14.073861,4
14019,15.854498,8.59664,0
14020,1.4834929,7.384251,8
14021,-2.2445624,-2.3079994,1
14022,-4.817779,11.469446,7
14023,3.2471807,-0.42621163,2
14024,3.0219567,-1.6768093,2
14025,5.4925213,5.862547,3
14026,5.5572314,5.826694,3
14027,1.536201,14.2841,4
14028,6.9447384,5.3851953,3
14029,3.376226,6.625813,5
14030,6.033429,5.9045053,3
14031,11.659764,5.7314925,6
14032,-3.1534207,10.116151,7
14033,-4.986168,11.517093,7
14034,14.515894,7.2573953,0
14035,1.6081876,6.533477,8
14036,0.56170255,14.134223,4
14037,1.235284,12.292209,9
14038,-0.9261789,-3.0465248,1
14039,16.188726,8.296218,0
14040,2.599614,0.15631333,2
14041,-0.7823665,-3.829764,1
14042,0.7304657,12.642729,9
14043,3.5335042,0.21641093,2
14044,10.28508,3.7938788,6
14045,5.7643948,5.8954506,3
14046,-4.8476567,11.579265,7
14047,1.7775292,14.608675,4
14048,4.5627737,7.3720603,5
14049,3.2637138,6.5806704,5
14050,3.2626317,-1.55981,2
14051,11.662182,5.558795,6
14052,15.590203,6.980444,0
14053,-5.006648,12.2237,7
14054,3.8616703,6.3119445,5
14055,0.6033153,7.0557933,8
14056,-2.381557,-2.667087,1
14057,1.4285413,12.485271,9
14058,1.3476384,12.5709095,9
14059,16.160143,8.398878,0
14060,-2.6983268,-3.267286,1
14061,-1.2222064,-3.2031138,1
14062,6.3447537,4.5969315,8
14063,3.38976,0.5804465,2
14064,-0.8086427,14.187859,4
14065,5.9442115,6.339872,3
14066,1.4068803,14.23129,4
14067,1.260132,14.174529,4
14068,1.8569989,7.7790995,8
14069,3.9415507,6.69818,5
14070,-0.20508222,-4.533216,1
14071,11.337485,5.440424,6
14072,10.23442,3.1896083,6
14073,-4.3911796,11.529646,7
14074,3.0006218,6.6809587,5
14075,1.8950509,6.830054,8
14076,-4.2475123,12.009931,7
14077,1.2734486,12.452811,9
14078,6.6699433,4.052534,5
14079,-1.366624,-3.356033,1
14080,6.222056,5.464088,3
14081,3.119836,0.0042496,2
14082,-1.0185817,10.911974,9
14083,11.390081,5.365025,6
14084,3.452354,-1.7262031,2
14085,4.2505016,7.517906,5
14086,1.8295304,14.222925,4
14087,5.820813,6.1124024,3
14088,-4.512567,9.609277,7
14089,15.700743,8.2292,0
14090,5.5031962,7.0332303,5
14091,3.3581617,-0.41109583,2
14092,14.657502,7.9734864,0
14093,1.3992146,7.541952,8
14094,-3.6235955,11.427872,7
14095,-5.285501,12.185854,7
14096,4.539492,6.6998973,5
14097,16.031801,7.982984,0
14098,-1.8429248,-2.977428,1
14099,5.627155,5.066139,3
14100,11.117941,5.6539626,5
14101,11.619972,6.3324547,6
14102,15.943998,8.097696,0
14103,1.2519767,14.4265,4
14104,-3.3747237,9.299743,7
14105,0.9781505,14.301528,4
14106,4.0391574,7.429719,5
14107,5.290834,5.834804,3
14108,2.1379263,-0.6920443,2
14109,11.601309,6.2024655,6
14110,14.792211,8.01041,0
14111,-4.7769594,11.814647,7
14112,2.803703,-0.09359777,2
14113,3.3195412,0.40908214,2
14114,-3.30798,9.713067,7
14115,6.6999083,5.4657545,3
14116,1.2494476,12.50669,9
14117,1.5482168,12.022177,9
14118,2.8968303,-0.8579472,2
14119,-1.1916528,-3.2127955,1
14120,6.1398077,4.3459263,9
14121,3.2939043,0.5418298,2
14122,3.275801,5.1624084,5
14123,-1.0330948,-3.8454487,1
14124,4.3585753,-1.4439026,2
14125,3.2934678,0.59298676,2
14126,-2.8591003,-2.482109,1
14127,2.0908291,12.602479,9
14128,5.1659174,5.5553217,8
14129,11.621973,6.437526,6
14130,3.4558892,-1.9064752,2
14131,15.08594,8.217455,0
14132,3.4021747,0.06762333,2
14133,-0.7887259,-4.0134645,1
14134,-1.4907327,14.178687,4
14135,5.8462057,5.999727,3
14136,10.053902,3.709187,6
14137,16.031952,8.133114,0
14138,-4.211849,11.132431,7
14139,3.3584898,0.57984096,2
14140,0.027524307,5.509343,8
14141,-5.0011315,12.242645,7
14142,0.3269569,12.517143,9
14143,3.436689,6.761376,5
14144,14.306103,7.1875854,5
14145,-5.12762,12.322547,7
14146,0.8137283,12.558953,9
14147,11.584666,6.31482,6
14148,16.015066,7.9602675,0
14149,-2.0947535,-3.7247818,1
14150,2.9587405,5.5452604,5
14151,1.3100574,12.0016775,9
14152,-3.5083175,8.26258,7
14153,14.2445345,7.0444436,0
14154,-3.566628,-0.9662634,1
14155,11.24372,6.0323863,6
14156,0.38340718,14.15614,4
14157,15.668625,8.060072,0
14158,16.112476,8.195436,0
14159,11.585058,6.1271405,6
14160,14.714039,7.008812,0
14161,14.915811,7.28057,0
14162,1.09736,6.288958,8
14163,3.214305,-0.27416083,2
14164,2.1685338,12.380639,9
14165,15.164642,8.110926,0
14166,5.6364026,5.714634,3
14167,11.703976,5.2739773,6
14168,3.0809903,6.622815,5
14169,-2.1554585,-2.3234043,1
14170,1.6585063,7.0363474,8
14171,3.479533,6.6274023,5
14172,10.928462,5.7784424,6
14173,0.9169547,6.4585037,8
14174,4.0110626,0.734242,2
14175,1.4664804,14.409171,4
14176,0.5023585,14.171146,4
14177,5.5525656,5.836274,3
14178,11.312672,5.465407,6
14179,15.954869,7.6034064,0
14180,2.9108505,6.0497437,5
14181,-2.076164,-2.2760189,1
14182,-0.6823083,11.72753,9
14183,3.7243636,6.3996396,5
14184,6.9322977,6.2540693,3
14185,0.4721639,14.570485,4
14186,11.717025,6.484575,6
14187,0.9198308,14.415374,4
14188,0.0731426,13.032019,4
14189,1.0612752,7.683305,8
14190,10.877269,5.160744,6
14191,0.9592513,7.728387,8
14192,1.9522791,6.9841456,8
14193,0.67210567,13.813551,4
14194,-0.1209177,12.962743,4
14195,3.7168689,6.714501,5
14196,-3.7405205,-0.5545382,1
14197,-4.1515427,11.555809,7
14198,-0.93950474,14.962836,4
14199,4.184682,6.6958857,5
14200,6.2010536,3.9930933,3
14201,0.7395693,12.676337,7
14202,15.04307,5.851145,0
14203,0.95671546,7.1559205,8
14204,3.0335412,6.83087,5
14205,5.5144,6.1692386,3
14206,-1.440859,13.601923,4
14207,0.913352,14.030741,4
14208,0.5275487,12.357804,9
14209,0.49557912,7.231952,8
14210,4.4445677,6.5875607,3
14211,0.8213151,7.5029335,8
14212,-1.96531,-2.9567811,1
14213,3.344369,6.5041614,5
14214,3.1155894,6.4310064,5
14215,3.4192808,-0.71298665,2
14216,-1.2000079,10.499919,9
14217,1.8678205,12.502077,9
14218,4.460469,6.760205,5
14219,-4.8562584,11.511397,7
14220,0.7819618,13.638784,4
14221,-2.2034166,-2.3512406,1
14222,-0.9919067,11.779561,9
14223,6.340499,5.77672,3
14224,-1.5110747,-3.8411577,1
14225,1.2182273,7.3723617,8
14226,0.96066225,6.78244,8
14227,-1.7304088,-3.1483088,1
14228,-3.0072358,-2.7288346,1
14229,15.642105,7.9170814,0
14230,1.8717945,0.04082323,2
14231,-4.9786887,11.836695,7
14232,11.320169,4.026198,6
14233,3.322411,6.8665237,5
14234,-2.186401,-1.7842822,1
14235,2.095492,12.612227,9
14236,6.478739,5.99568,3
14237,11.555294,6.1534624,6
14238,-3.3364487,8.260354,7
14239,1.4668536,12.401969,9
14240,0.9330391,12.4224,9
14241,0.2697968,14.162151,4
14242,-3.379622,9.644501,7
14243,-4.370587,11.781149,7
14244,2.6496313,-1.164537,2
14245,-4.4796085,11.8536625,7
14246,-3.7389405,11.479728,7
14247,1.5086732,12.446582,9
14248,11.639061,6.0456476,6
14249,1.5998471,12.419119,9
14250,0.0920964,7.1017776,8
14251,3.4376066,6.4606414,5
14252,-2.6621814,-3.4298742,1
14253,0.65532786,6.010091,8
14254,-1.3085349,12.009761,9
14255,5.7839947,5.8732142,3
14256,11.297898,6.0717826,6
14257,0.08159226,13.8354845,4
14258,14.166672,6.2259617,0
14259,1.0377731,13.787451,4
14260,1.0821998,14.316873,4
14261,6.0639157,6.2680783,3
14262,6.888631,6.2713194,3
14263,1.9904869,6.827644,8
14264,3.191326,-0.88982743,2
14265,11.53049,6.239876,6
14266,6.222888,6.666079,3
14267,3.0488405,0.22626777,2
14268,-1.7138749,-3.213654,1
14269,15.291406,7.2853827,0
14270,0.16422272,6.874861,8
14271,-3.8082414,1.4007201,1
14272,-0.1078622,13.763039,4
14273,3.5518036,0.39268926,2
14274,1.3303937,14.439723,4
14275,6.2374487,3.543555,3
14276,14.2195,8.097189,0
14277,-3.4576004,9.143229,7
14278,16.509975,7.6779327,0
14279,0.65724623,5.5256877,8
14280,1.0602559,12.3403225,7
14281,-0.5512624,10.620057,9
14282,14.467274,7.692455,0
14283,5.8872056,5.101525,3
14284,-5.4028764,10.910643,7
14285,-1.6414975,14.520247,4
14286,4.6584377,5.3452272,3
14287,-4.3479986,8.624385,7
14288,-3.527639,8.487711,7
14289,-0.5696637,10.586791,9
14290,-0.18061733,12.982998,4
14291,16.189505,7.5671697,0
14292,10.084575,3.4844878,6
14293,-3.9315681,1.8307391,1
14294,-1.9250942,10.081596,9
14295,3.6615493,0.3168154,2
14296,-0.44174764,13.680567,4
14297,5.958477,4.9130607,3
14298,-2.4444847,-0.55384684,1
14299,-3.7254417,8.307536,7
14300,11.492919,6.3034115,6
14301,-0.33156332,5.273719,8
14302,2.2806606,-1.1715384,2
14303,5.637883,4.3331575,3
14304,-0.28656688,5.8116612,8
14305,-1.2601178,9.935955,8
14306,2.1463945,12.602595,9
14307,-3.7361171,8.380767,7
14308,10.222585,3.8964293,6
14309,-3.9777927,2.6393244,1
14310,-2.7111495,-2.780088,1
14311,16.454851,7.6027904,0
14312,-1.5386516,-3.4243712,1
14313,-3.8183382,8.6194725,7
14314,-2.1401267,-3.1495485,1
14315,11.818211,4.2431965,6
14316,4.010358,7.156963,5
14317,-1.4495538,10.158943,9
14318,3.6330013,6.7161245,5
14319,15.754173,7.843842,0
14320,5.4138193,5.608944,3
14321,-4.0147038,2.6951265,1
14322,1.8317351,7.331891,8
14323,14.935066,6.9241066,0
14324,2.2109132,12.72839,9
14325,16.442522,7.6907907,0
14326,1.4085209,14.548601,4
14327,-3.3141391,1.409975,1
14328,9.981305,3.9688907,6
14329,10.809883,5.063936,0
14330,10.526755,2.8050778,6
14331,-1.8608329,9.949682,9
14332,1.7414995,12.296791,9
14333,-3.4604793,10.6101055,3
14334,14.608587,8.674493,0
14335,0.46886355,15.063889,4
14336,-0.62669575,10.0506,9
14337,-3.758345,7.929522,7
14338,0.78183097,6.1667466,8
14339,11.457191,3.821634,6
14340,4.527675,-1.7931103,2
14341,-1.9896002,9.903597,9
14342,2.4454653,-1.3499073,2
14343,3.832654,-0.6317161,2
14344,10.897202,5.0511203,6
14345,-3.7065,-0.3198337,1
14346,-2.7250595,-0.23193733,1
14347,10.597385,2.6831365,6
14348,-3.9601254,10.533338,7
14349,-0.99596584,14.542363,4
14350,5.8036885,6.5598993,3
14351,-1.9791261,15.000928,4
14352,6.9028883,6.028838,3
14353,-3.3932061,0.7290862,1
14354,-2.6394017,-1.6761742,1
14355,4.683452,-0.5774191,2
14356,14.566441,6.9674444,0
14357,4.8042116,-0.79486346,2
14358,2.0083122,12.634587,9
14359,-3.8123748,1.8719898,1
14360,-4.781491,11.152008,7
14361,6.21457,3.5797613,3
14362,1.4338394,6.3010454,8
14363,4.5897393,-0.52170366,2
14364,-1.4519342,9.6803055,9
14365,-1.5734609,9.736618,9
14366,-3.7539914,0.52111405,1
14367,6.0537143,3.353908,3
14368,3.9146812,6.4028664,5
14369,3.8271053,0.008911309,2
14370,4.053265,7.386061,5
14371,-3.5853949,1.8456835,1
14372,10.058173,2.478247,6
14373,4.6145954,-0.5297263,2
14374,9.905968,2.624073,6
14375,-4.035408,2.7029266,1
14376,5.3873444,7.6580367,5
14377,11.320379,2.6387777,6
14378,3.1385455,-0.9986719,2
14379,-3.735203,8.371931,7
14380,1.1313823,6.963729,8
14381,3.8951406,-0.06152813,2
14382,1.6690507,7.0608582,8
14383,5.5268326,4.568959,3
14384,14.74556,6.743513,0
14385,-1.9942935,15.167015,8
14386,-3.5749757,8.627043,7
14387,-4.3832707,8.660091,7
14388,4.90371,4.827983,3
14389,2.605366,4.7985835,5
14390,0.97543,14.4581585,4
14391,-3.8452168,8.720925,7
14392,4.0419974,-1.7074188,2
14393,14.38013,6.318666,0
14394,6.746899,6.269086,3
14395,-4.055387,8.365031,7
14396,1.1976414,6.8419075,8
14397,-2.186139,14.961086,4
14398,-4.960515,11.544154,7
14399,10.754317,2.6761181,6
14400,11.017647,5.460793,6
14401,6.484996,3.9121847,3
14402,15.503148,6.652116,0
14403,-3.596557,8.296246,7
14404,5.212961,6.955025,5
14405,11.17943,2.6413336,6
14406,14.180632,8.334139,8
14407,-0.16406943,11.217787,9
14408,-2.3213663,-3.4104111,1
14409,-1.1541315,10.735517,9
14410,5.5108266,4.9425964,3
14411,-1.5996238,14.136518,4
14412,16.178047,8.091475,0
14413,-2.1128943,14.826629,8
14414,-2.530016,-3.376364,1
14415,-1.0700583,14.329336,4
14416,11.150133,5.776751,6
14417,-3.4033282,0.46524298,1
14418,11.690748,6.3488827,6
14419,15.73478,6.7642684,0
14420,7.005999,4.897136,3
14421,11.539449,4.3787484,6
14422,4.0550733,-0.30949187,2
14423,10.64698,4.52267,6
14424,0.3026767,13.459514,4
14425,14.755256,7.202927,0
14426,-0.9948372,12.715666,4
14427,-3.035766,-1.9525468,1
14428,5.955418,7.7240577,5
14429,2.476273,-0.124608904,2
14430,16.0648,8.624359,0
14431,5.351514,5.132067,3
14432,-0.46517125,13.558241,4
14433,-0.5569254,12.661248,4
14434,-0.41854838,12.37229,9
14435,4.4651456,7.1405406,5
14436,1.4212316,11.903597,9
14437,11.554743,5.4597173,6
14438,1.1815543,7.511,8
14439,-4.582337,11.20677,7
14440,-1.1544331,12.138769,4
14441,0.7640673,6.3859773,8
14442,-0.34978622,12.05556,9
14443,-0.34792098,10.81464,9
14444,5.619656,7.602774,5
14445,15.258039,8.463117,0
14446,3.1597748,0.13670498,2
14447,5.7951565,5.009152,3
14448,-3.3131409,10.75307,7
14449,-0.7045268,12.706099,4
14450,5.362875,4.975996,3
14451,3.615922,5.9122276,5
14452,1.7418404,7.378646,8
14453,11.112489,2.8580399,6
14454,5.803276,4.95071,3
14455,-4.5859604,8.815176,7
14456,6.3304167,5.4993606,3
14457,-0.3825463,5.907981,8
14458,2.1743186,0.3328508,2
14459,-0.9129624,10.241004,9
14460,-4.34372,11.668964,7
14461,15.630306,8.370075,0
14462,-0.80939543,-4.0749297,1
14463,-4.2609797,1.7788379,1
14464,-1.412033,-2.8297186,1
14465,3.0214462,-0.08493077,2
14466,-1.645613,-3.506863,1
14467,6.0968595,5.6856704,3
14468,3.001554,-1.7455405,2
14469,-0.75510156,12.772271,4
14470,-5.3844786,11.856006,7
14471,3.8696394,5.3062124,5
14472,15.858826,8.656808,0
14473,11.446832,2.7449048,6
14474,1.1158538,6.3831425,8
14475,-3.9961245,8.727748,7
14476,5.646261,5.5020356,3
14477,-0.48518047,5.2953587,8
14478,-3.7050955,2.2220356,8
14479,-0.8205878,9.96851,9
14480,5.877714,6.717247,8
14481,15.273518,8.420395,0
14482,0.9545733,14.197742,4
14483,4.163627,6.612164,5
14484,3.8714108,-1.8672686,2
14485,5.169679,6.8389864,5
14486,3.2930436,6.8872156,5
14487,11.079494,2.9678044,6
14488,6.8778224,5.355869,3
14489,3.791785,6.696472,5
14490,1.878326,-0.5182652,2
14491,15.83664,8.200434,0
14492,10.804539,2.3855653,6
14493,-0.27304196,10.415462,9
14494,-0.2779777,6.3716664,8
14495,0.2660083,5.275614,8
14496,0.060687833,14.691041,4
14497,-0.607124,10.18938,9
14498,-2.0520535,-2.8118167,1
14499,-0.36970827,5.862947,8
14500,10.285746,2.2868135,6
14501,-1.1519696,12.883016,4
14502,1.7623564,12.643873,9
14503,-3.57606,-0.47734886,1
14504,-0.7676059,12.017958,9
14505,-4.1959867,10.260857,7
14506,-3.379933,8.392277,7
14507,3.4419498,5.8256135,5
14508,-4.198577,9.8689,2
14509,-3.8791428,1.3368213,1
14510,2.6010773,-0.42015475,2
14511,15.859915,8.5481415,0
14512,4.9592943,6.5500774,5
14513,15.696174,8.510134,0
14514,6.3669076,6.699798,3
14515,2.185062,-0.0014128978,2
14516,-3.4655972,-1.2631006,1
14517,2.2702837,-0.013017384,2
14518,14.452964,6.6687126,0
14519,-3.6890357,10.7223,7
14520,0.84678805,14.4049425,4
14521,-2.68144,-1.3080122,1
14522,2.982052,12.1977,7
14523,2.6110766,-0.18825282,2
14524,10.060182,2.470345,6
14525,11.444909,4.61511,6
14526,10.18363,3.7405057,6
14527,5.149455,5.080352,3
14528,0.5434421,13.833875,4
14529,6.244612,4.938693,3
14530,15.4488735,5.7889915,0
14531,-3.1661603,10.1933775,7
14532,-4.706997,11.427571,7
14533,5.3421535,4.8166666,3
14534,5.3454986,7.7790937,5
14535,6.4944377,4.3621397,3
14536,-3.3873324,8.403571,7
14537,-0.95392275,15.252232,4
14538,0.8000724,14.8995495,4
14539,-0.52305895,14.599931,4
14540,-3.97932,0.48769164,7
14541,-3.8471813,0.8957864,1
14542,-0.020708527,14.063456,4
14543,4.097452,6.6405935,5
14544,5.0596423,7.098697,5
14545,16.174648,8.071751,0
14546,0.75480896,14.606828,4
14547,-0.57781154,10.887423,9
14548,5.0018864,4.612307,3
14549,4.6616044,6.8807373,5
14550,3.4645333,-0.014239961,2
14551,2.3597705,-0.33324504,2
14552,5.241014,5.781126,3
14553,0.030693576,6.10718,8
14554,1.1636645,12.286802,9
14555,2.5981631,-0.25707215,2
14556,-4.35034,11.195501,7
14557,15.577707,6.6544333,0
14558,5.0827928,5.806469,3
14559,15.647373,8.321913,0
14560,-2.3088794,-2.0082545,1
14561,-3.2102516,0.13537425,1
14562,4.568959,7.1843185,5
14563,-4.373445,10.110001,7
14564,14.420598,6.344875,0
14565,11.719093,5.290306,6
14566,5.724212,5.4064765,3
14567,5.7946215,5.2206087,3
14568,-0.2210288,11.929453,9
14569,2.6934483,-0.19605374,2
14570,10.585076,5.0737953,6
14571,-3.8302822,0.40682277,1
14572,0.9212104,13.819727,4
14573,-3.154492,8.915796,7
14574,15.035346,7.0967174,0
14575,-3.6402209,1.6622888,1
14576,11.475181,3.757429,6
14577,5.734699,5.0563912,3
14578,1.2874695,13.924647,4
14579,0.2018738,11.1606655,9
14580,5.505507,6.6471066,9
14581,-5.253345,10.946824,7
14582,0.76059854,14.249202,9
14583,11.08679,2.680488,6
14584,-2.9687023,-0.5991087,1
14585,-3.9966018,1.083588,1
14586,-3.3218224,9.5507555,7
14587,-0.9146525,14.908572,4
14588,7.03202,5.813565,3
14589,15.511274,8.414106,0
14590,-4.7703137,9.989488,7
14591,4.344407,6.762722,5
14592,0.4371466,14.496031,4
14593,11.537222,3.7109442,6
14594,-5.290067,12.032681,7
14595,-4.187119,1.9225755,1
14596,4.1645846,-0.8787508,2
14597,-3.3945127,8.518014,7
14598,-3.96819,11.459427,7
14599,4.756903,6.7218366,5
14600,-5.1544657,11.930874,7
14601,-3.49964,8.637005,7
14602,-1.4216529,13.832913,4
14603,2.4421494,-0.32526356,2
14604,10.835198,3.312676,6
14605,-3.3597202,9.222445,7
14606,-2.558159,-0.31232804,1
14607,-1.4650407,9.403136,9
14608,10.745815,4.018628,6
14609,4.071913,5.445771,5
14610,11.731183,5.2774673,6
14611,-0.98133653,5.3030906,8
14612,-1.8118978,-2.947576,1
14613,14.425385,8.504143,0
14614,0.16535075,6.148669,8
14615,-0.55572945,-4.500582,1
14616,0.5988358,13.840915,4
14617,3.0341215,-1.2504414,2
14618,10.535603,4.056054,6
14619,6.6125236,6.647455,3
14620,0.29645658,14.168564,4
14621,1.0167949,13.390243,4
14622,-3.8804023,9.954769,7
14623,6.065467,7.4625106,5
14624,6.751652,4.9307,3
14625,1.3702886,7.7656965,8
14626,-0.64420843,5.514783,8
14627,0.8610491,12.729629,9
14628,4.658952,6.7766447,5
14629,14.84069,8.760569,0
14630,3.946917,6.6385517,5
14631,-0.27363124,-4.499105,1
14632,9.878077,3.0071206,6
14633,3.0585482,-0.82132155,2
14634,9.913336,2.9065356,6
14635,6.2803755,6.609448,3
14636,5.0556993,5.661976,3
14637,1.089146,13.497912,4
14638,0.6336504,7.3468227,8
14639,5.702901,7.6890745,5
14640,0.29613906,5.6711197,8
14641,11.3025465,6.4220862,6
14642,-4.4418235,11.551699,7
14643,-4.9116817,12.380292,7
14644,14.3031435,6.9901414,0
14645,1.470219,7.782129,8
14646,1.6553375,-0.16338094,2
14647,1.1204106,12.7424755,9
14648,0.591557,6.200139,8
14649,14.339275,8.378536,0
14650,-2.2501316,-2.2534068,4
14651,-0.41101238,-4.4075074,1
14652,0.18716198,13.782306,4
14653,2.950366,-1.4109427,2
14654,-2.2015095,15.139017,4
14655,6.4799247,6.6961703,3
14656,-0.69945407,-4.193024,1
14657,0.27630547,13.100082,4
14658,10.405946,4.0901036,6
14659,5.946833,7.4962068,5
14660,10.831501,4.965055,6
14661,11.333602,6.4986377,6
14662,0.29983824,11.980092,9
14663,-4.915592,12.310274,7
14664,1.8885665,7.52058,8
14665,1.5746517,7.6962194,8
14666,11.231857,4.126236,6
14667,0.8001371,12.661799,9
14668,14.313813,5.984364,0
14669,1.4277475,7.723009,8
14670,5.2961373,7.447184,5
14671,11.158619,6.3496213,6
14672,4.3855414,6.914725,5
14673,5.6754675,7.7373314,5
14674,6.771875,5.7345576,3
14675,15.017903,8.650451,0
14676,10.095768,2.642299,6
14677,11.3498335,6.2112074,6
14678,0.5593021,6.095712,8
14679,1.3077043,7.765868,8
14680,-0.78176314,11.707967,9
14681,1.0034938,12.7677965,9
14682,-1.6780773,-1.8836745,1
14683,1.3957444,14.060195,4
14684,-3.758656,10.041846,7
14685,-1.1807976,-4.2515507,1
14686,4.9838586,4.9760957,3
14687,1.0420672,12.799616,9
14688,3.2174323,6.5687704,5
14689,5.6196027,7.7600703,5
14690,1.5464567,12.8942795,8
14691,6.1120586,6.653781,3
14692,6.422336,5.865881,3
14693,14.9120455,8.496465,0
14694,3.214666,-0.3082812,2
14695,0.23891483,13.128211,4
14696,1.2684202,11.753031,9
14697,1.3799112,7.8140907,8
14698,-2.0415256,-2.3147488,1
14699,1.3252164,12.819307,9
14700,-0.37403223,12.468449,4
14701,-0.52344227,-4.2746477,1
14702,2.8342998,0.039288055,2
14703,1.0589755,13.498493,4
14704,5.8833065,5.7226024,3
14705,14.807337,8.661618,0
14706,1.5967114,7.6472073,8
14707,5.8891544,7.489278,5
14708,11.032247,5.051912,6
14709,5.641161,7.2290397,5
14710,-4.2620406,11.099718,7
14711,3.190518,-1.5609796,2
14712,14.419237,6.3368244,0
14713,5.1345162,7.7687726,5
14714,5.8063107,7.4901166,5
14715,1.3518884,14.390696,4
14716,1.6890181,12.220974,9
14717,14.242732,8.247309,0
14718,-4.921945,10.0777645,7
14719,-4.8861766,12.305329,7
14720,0.15107453,14.874282,4
14721,11.082646,6.1953316,6
14722,15.629926,7.060237,0
14723,14.211099,8.205587,0
14724,-3.2005343,-1.6940157,1
14725,-0.47711462,-4.3320174,1
14726,-1.0036283,12.021984,9
14727,-4.8633313,12.257543,7
14728,0.5453827,5.9489717,8
14729,14.457144,8.420208,0
14730,0.9780648,7.098916,8
14731,11.264778,6.4801173,6
14732,10.570086,3.7105615,6
14733,1.3173685,7.8163586,8
14734,-2.9433494,-2.1422424,1
14735,1.0322531,12.781052,9
14736,5.6036234,4.407814,3
14737,5.7086325,7.649221,5
14738,5.76708,5.4476676,3
14739,0.5537707,13.446102,4
14740,11.01627,5.0242944,4
14741,-4.9266734,12.241859,7
14742,4.022594,6.1322927,5
14743,0.84465545,12.757616,9
14744,-1.7555741,10.354228,9
14745,1.1501365,7.357971,8
14746,14.478559,5.9846654,0
14747,11.189809,6.415389,6
14748,2.608425,5.6238065,5
14749,14.244325,8.281695,0
14750,-5.363459,10.598458,7
14751,1.5923392,7.638966,8
14752,14.586663,7.1189704,0
14753,-0.60955226,-3.9322038,1
14754,0.55670524,6.0335064,8
14755,-5.0038886,12.370225,7
14756,-1.4711637,-2.5413518,1
14757,-4.9558396,12.379598,7
14758,-3.2419584,-1.655835,1
14759,-0.39119557,-4.4114532,1
14760,4.614593,-1.7003498,2
14761,6.6560745,6.554946,3
14762,0.5564112,13.871072,9
14763,3.0579555,-0.7708202,2
14764,9.965254,3.3481562,6
14765,6.6184125,6.6929355,3
14766,0.7638286,7.3017645,8
14767,-0.34044722,-4.439823,1
14768,10.974209,5.224951,6
14769,1.0376748,13.073331,4
14770,-4.270544,10.258988,7
14771,3.041157,0.10816015,2
14772,1.2290342,6.6712303,8
14773,14.35366,8.399108,0
14774,-0.18230213,13.023524,4
14775,14.981031,8.704918,0
14776,2.5046895,-1.394073,2
14777,-4.8519797,12.322009,7
14778,11.467964,6.2883525,6
14779,1.5017015,7.697719,8
14780,-0.8260783,11.153849,9
14781,1.120543,13.671059,4
14782,-0.08979941,5.5132456,8
14783,10.961367,5.842013,6
14784,10.404235,3.3407075,6
14785,-0.21844521,12.980177,4
14786,5.598449,5.317512,3
14787,1.0365978,12.752862,9
14788,0.7996593,14.52097,4
14789,6.042086,6.5301595,3
14790,12.013376,6.4295325,9
14791,1.4393157,7.7805357,8
14792,5.793071,5.4842787,3
14793,1.1468546,13.550883,4
14794,-1.8939794,-3.1504116,1
14795,-5.0325027,12.374597,7
14796,-1.2261562,11.947473,9
14797,3.0306027,-0.8106808,2
14798,1.7618332,-0.124822855,2
14799,5.094641,7.7625375,5
14800,3.80416,-1.5326177,2
14801,11.283641,6.4277062,6
14802,-5.5000653,11.0599165,7
14803,6.2401834,6.633633,3
14804,11.121332,5.8557053,6
14805,11.275458,6.4423094,6
14806,4.537297,7.3439646,5
14807,3.0994868,-1.5625405,2
14808,0.0148585,5.4139833,8
14809,3.406804,-1.3485085,2
14810,6.6123385,5.419401,3
14811,0.1923078,13.106349,4
14812,-2.1261175,-3.2796495,1
14813,11.0756235,6.320984,6
14814,-4.02903,8.420459,7
14815,1.1345302,12.767694,9
14816,-0.85400075,11.258622,9
14817,14.0940695,7.3827853,0
14818,0.57866174,12.18032,9
14819,3.222668,-1.7257361,2
14820,15.075021,7.879514,0
14821,-0.39019513,-4.354835,1
14822,-1.7764329,10.460504,9
14823,6.4762,6.643454,3
14824,-5.0181894,11.05245,7
14825,6.382037,6.7080684,3
14826,1.6246251,7.387189,8
14827,1.1603463,12.739092,9
14828,4.9563017,5.766868,5
14829,-4.276273,12.076172,7
14830,-0.697464,6.640459,8
14831,1.5084677,7.73486,8
14832,-3.8590517,9.677222,7
14833,-5.117379,12.368517,7
14834,-2.6267545,-0.6044031,1
14835,3.1783414,-1.618413,2
14836,-4.0864096,9.8955145,2
14837,3.0077734,-1.4273177,2
14838,2.5769484,-0.2556933,2
14839,5.6395626,7.2947536,5
14840,14.905463,8.818003,0
14841,-4.7731957,12.320013,7
14842,0.7062416,12.603155,9
14843,1.0886276,12.774767,9
14844,2.1631963,12.249687,9
14845,1.4255136,7.7186537,8
14846,-1.1283218,-3.7108283,1
14847,3.0582213,-0.74577874,2
14848,11.197868,3.4054368,6
14849,-1.3478106,-3.9904323,1
14850,-4.91437,11.937303,7
14851,6.4283123,6.7065187,3
14852,1.5099,-0.14955385,2
14853,-1.2894543,-3.7345946,1
14854,4.7502594,7.095529,5
14855,6.8572655,6.329787,3
14856,6.8056993,4.694361,3
14857,16.171413,7.093996,0
14858,-3.2666101,-0.6243765,1
14859,-3.743374,0.7790541,1
14860,-0.9644655,-4.444849,1
14861,4.4677696,-0.5550459,2
14862,4.990141,7.183835,5
14863,6.2506485,5.5365224,3
14864,6.2669644,5.0616565,3
14865,-0.1836036,14.771574,4
14866,-5.3767443,10.189573,7
14867,3.7207527,6.138365,5
14868,3.682101,0.62714404,2
14869,10.677856,3.018499,6
14870,-2.122432,-1.1097546,1
14871,-5.1311927,10.242844,7
14872,0.34580407,5.4365764,8
14873,-0.5406701,6.0249906,8
14874,-1.6070843,-3.5252185,1
14875,-0.8735981,10.891795,9
14876,2.5525808,-0.7620286,2
14877,16.363073,7.575082,0
14878,6.3669763,6.669015,3
14879,-2.926412,0.6464025,1
14880,5.967225,5.4460692,3
14881,4.3546734,-0.32682696,2
14882,1.5173657,14.540059,4
14883,6.107732,5.4275913,3
14884,1.0505368,12.501823,9
14885,-1.0843164,15.281588,4
14886,0.56168467,12.111168,9
14887,3.5426488,4.9377484,5
14888,1.7775881,12.308228,9
14889,11.004215,3.1916134,6
14890,14.79288,7.1305137,0
14891,-4.6698837,9.223216,7
14892,-2.415238,-1.2759328,1
14893,-0.87469554,5.6932015,8
14894,3.7440386,6.1311784,5
14895,-1.5741016,9.663704,9
14896,-0.13851508,6.452103,8
14897,15.678203,7.933533,0
14898,-4.326892,10.545196,7
14899,-3.9715743,1.2751348,1
14900,-0.86114705,-3.1682801,1
14901,4.5814548,-0.54920805,2
14902,1.4668328,7.667663,8
14903,5.819893,5.053942,3
14904,-0.9083671,12.347993,4
14905,-0.53487283,14.56314,4
14906,-0.73750436,-3.605921,1
14907,3.088387,5.9340863,5
14908,-0.010874545,5.4793468,8
14909,10.420272,2.359248,6
14910,11.185149,5.0484853,6
14911,-4.5624266,9.170139,7
14912,11.588893,6.1739345,6
14913,-0.702782,5.5618315,8
14914,2.1573734,-0.26553184,2
14915,-1.5512934,9.985201,9
14916,5.9424634,6.5578895,3
14917,3.0303125,5.4320316,5
14918,4.2668195,7.2622695,5
14919,15.873458,7.068594,0
14920,-4.627063,10.058538,7
14921,10.782029,4.4064994,6
14922,1.5283736,12.120293,9
14923,0.18435901,7.02507,8
14924,-0.7202027,-4.246494,1
14925,0.32482508,11.406793,9
14926,-4.8693323,10.948465,7
14927,0.26394767,14.243808,4
14928,0.7657376,11.768763,9
14929,-2.491577,-0.3868144,1
14930,-3.6884444,11.377902,7
14931,0.076776356,11.305682,9
14932,2.25599,-0.7448948,2
14933,3.6822672,6.047813,5
14934,-0.6319647,11.18098,9
14935,6.2785897,5.687439,3
14936,-0.5126409,-4.19093,1
14937,15.741077,7.107098,0
14938,3.623355,-1.0622759,2
14939,-1.4844048,14.787022,4
14940,10.05701,2.3795052,6
14941,-0.09247378,6.2998295,8
14942,-1.5383888,-2.4920177,1
14943,-1.094436,11.116946,9
14944,15.489977,8.255595,0
14945,-2.9834538,0.48447454,1
14946,4.5620193,7.3996387,5
14947,-1.5502512,14.556767,4
14948,-0.7905469,-4.371938,1
14949,16.054981,6.273682,0
14950,-0.7773911,12.36553,9
14951,2.767176,4.657985,5
14952,9.84909,2.9428666,6
14953,-3.0610206,-0.9807803,1
14954,-3.7373812,8.469475,7
14955,3.7082698,5.932563,5
14956,-0.44350117,11.124153,9
14957,-0.2264008,14.337912,4
14958,-1.1968738,-3.235307,1
14959,15.571995,7.0504227,0
14960,11.448671,3.689661,6
14961,-3.7377045,9.753015,7
14962,1.5303872,-0.48357984,2
14963,11.330339,4.798854,6
14964,-1.2605193,-3.1388397,1
14965,14.971506,6.5884886,0
14966,1.1403874,14.19346,4
14967,-1.9429455,-1.5922469,1
14968,-0.08022423,7.5878463,8
14969,-4.413626,10.2250595,7
14970,5.1567864,7.5393424,5
14971,15.45875,6.556275,0
14972,-1.7127866,9.802462,4
14973,11.377893,3.614298,6
14974,0.017176896,11.956079,9
14975,-0.26010358,6.4884877,8
14976,-1.352212,14.718608,4
14977,-0.77210605,10.92507,9
14978,1.759273,-0.9395659,2
14979,3.6814053,5.4588904,5
14980,-3.592574,-1.0663362,1
14981,-0.44457817,14.567912,4
14982,1.0223024,11.929458,9
14983,-4.1502156,9.816002,7
14984,-0.73291934,12.2048855,9
14985,-0.65969515,11.02051,9
14986,-3.5607443,-0.55334693,1
14987,-0.51622695,6.014517,8
14988,-0.031832002,12.083416,9
14989,10.486185,3.1652784,6
14990,0.20069396,13.211462,4
14991,15.326023,7.438727,0
14992,-3.3540409,-1.3574128,1
14993,0.14564964,6.628508,8
14994,6.016876,7.6848607,5
14995,-3.3062296,-0.6952562,1
14996,1.9552677,-0.69858736,2
14997,-3.5618923,10.8283615,7
14998,-1.5500524,-3.5963566,1
14999,-3.4068935,10.807827,7
15000,4.399544,7.590645,5
15001,-2.2642717,-1.0957623,1
15002,-1.2493218,-3.287161,1
15003,6.0380497,4.357328,3
15004,10.685821,3.2445295,6
15005,3.8769917,-0.19250888,2
15006,11.425509,6.1733303,6
15007,5.868367,5.456384,3
15008,6.4050503,5.339437,3
15009,-2.1734943,-1.3103095,1
15010,6.1159525,5.3984537,3
15011,-0.36505187,14.549913,4
15012,5.3692975,7.397746,5
15013,4.2854033,-0.6460448,2
15014,6.2053647,4.0025625,3
15015,15.736029,6.139812,0
15016,3.8806388,-2.0048199,2
15017,15.682598,7.0612526,0
15018,0.3835434,11.891854,9
15019,-3.1017854,10.188105,7
15020,-3.048071,-2.327723,1
15021,-0.23495726,5.7608795,8
15022,4.8099437,4.8839874,3
15023,-0.22823519,13.981806,4
15024,3.1926723,6.3790627,5
15025,10.060532,2.8916607,6
15026,-1.2413875,-3.8542583,1
15027,-1.1016278,13.999362,4
15028,14.240668,7.159931,0
15029,0.5597463,12.018035,9
15030,3.8474996,-1.1393157,2
15031,5.641908,5.6491137,3
15032,9.875919,3.0336487,6
15033,-0.5259564,5.8937883,8
15034,-2.177784,-1.6501288,1
15035,-0.82031935,14.204365,4
15036,11.441055,5.7015047,6
15037,-3.6245034,9.479167,7
15038,0.3898764,14.027722,4
15039,4.6199365,-0.64703834,2
15040,2.1543205,-0.5907194,2
15041,3.3473248,5.1145864,5
15042,14.384298,7.699478,0
15043,10.717309,3.0192947,6
15044,-1.7843126,-3.6461058,1
15045,5.8744674,4.728387,3
15046,14.545531,7.356208,0
15047,10.582385,2.789298,6
15048,-4.0655003,1.6514652,1
15049,-0.9684726,10.851161,9
15050,1.5014203,7.3469505,8
15051,10.924253,3.8452358,6
15052,5.824646,3.9704697,3
15053,5.91262,5.09817,3
15054,2.8840587,6.503146,5
15055,4.668011,-0.60618496,2
15056,-2.249718,-1.8640087,8
15057,4.5800967,-0.8867581,2
15058,0.8663848,14.668477,4
15059,-1.6879668,14.212503,4
15060,14.040908,7.948389,0
15061,10.532186,2.4410753,6
15062,-4.212547,10.178735,7
15063,0.0443851,11.007887,9
15064,15.537651,5.794719,0
15065,15.8416605,6.690092,0
15066,5.97719,7.5686216,5
15067,4.0375137,-0.11221139,2
15068,-1.7051542,-2.9943032,1
15069,4.097701,6.3079357,5
15070,-0.6863099,10.806671,5
15071,3.6330123,6.549643,5
15072,0.9499474,11.396764,9
15073,-2.9126568,-1.6213417,1
15074,-4.4222426,11.322416,7
15075,5.7869134,4.6242876,3
15076,5.920003,4.9370656,3
15077,6.121902,5.62178,3
15078,0.11714046,15.107494,4
15079,-0.8667792,10.890105,9
15080,6.5003476,5.4132223,3
15081,-3.1598964,10.068218,7
15082,-3.0872154,-2.1805305,1
15083,4.378987,-1.0585395,2
15084,10.589417,2.8224518,6
15085,3.9079933,5.3113856,5
15086,-4.0475397,8.544653,7
15087,-4.950476,10.291099,7
15088,11.555877,5.4457026,6
15089,-0.9032442,10.627773,9
15090,6.367811,6.6164837,3
15091,-0.44418466,5.9574366,8
15092,0.20322368,14.692885,4
15093,4.6795936,-0.6844852,2
15094,3.484161,-1.7412729,2
15095,-2.4800205,-0.37736267,1
15096,0.08801638,5.6201453,8
15097,6.0986576,5.310123,3
15098,-4.9687676,11.554649,7
15099,-2.710384,-0.3256196,1
15100,1.0766906,14.040937,4
15101,6.64669,4.2486806,3
15102,-0.757571,5.150005,8
15103,16.240246,7.709273,0
15104,1.798905,7.21055,8
15105,-2.8148386,-1.5987672,1
15106,-0.76131886,4.8802795,7
15107,3.3038316,-0.5197031,2
15108,14.176698,5.9462495,0
15109,5.7416615,5.4171114,3
15110,2.8915083,5.6851673,5
15111,-3.4861517,-0.17131367,4
15112,1.3404782,12.150178,9
15113,-4.1795664,10.396641,7
15114,11.753946,6.513498,6
15115,-0.02592267,6.1187186,8
15116,2.8545136,5.6994214,5
15117,-0.9286131,11.067191,9
15118,5.0571995,7.738602,5
15119,16.552513,7.490389,0
15120,14.299356,7.257143,0
15121,-3.3185143,0.30703315,1
15122,-3.4839878,8.837076,7
15123,4.1327395,-1.0741086,2
15124,1.507331,12.464685,9
15125,5.8055916,4.7075734,3
15126,5.093978,7.334169,5
15127,-4.610433,10.866031,7
15128,0.58327174,12.029903,9
15129,-0.56111395,5.946177,8
15130,15.774795,7.3553195,0
15131,-1.536601,10.336586,9
15132,2.3446014,-1.1343055,2
15133,16.079332,7.498155,0
15134,11.998834,6.4399567,6
15135,-3.406916,-0.19633004,1
15136,3.5769267,7.1967783,5
15137,4.608805,-1.2636999,2
15138,-1.4692776,-3.881068,1
15139,6.8158493,4.882704,3
15140,3.5210433,6.7489285,5
15141,-3.1617734,1.0344666,4
15142,14.517719,8.395704,0
15143,2.7600288,5.0210605,5
15144,5.445464,7.5886364,5
15145,10.716567,3.4757426,6
15146,-1.2557652,11.836263,9
15147,-3.751482,9.4821615,7
15148,-2.8054862,-0.6676049,1
15149,0.15820621,5.6450973,8
15150,14.702527,8.526301,0
15151,-1.2917316,9.921049,9
15152,-1.1974123,-3.442529,1
15153,3.8473842,-0.9085684,2
15154,-0.3661256,-4.4519167,1
15155,3.5847418,5.4960814,5
15156,14.345347,8.321742,0
15157,-2.4513607,-0.52481526,1
15158,1.8331199,7.166745,8
15159,11.18766,4.5259,6
15160,14.242703,6.5391726,0
15161,-1.5336324,13.617363,4
15162,0.5733062,12.200733,9
15163,6.0526257,5.8915424,3
15164,-0.7256965,-3.5838401,1
15165,-1.5223641,10.971229,9
15166,10.915351,5.393092,6
15167,-2.1796134,9.513987,9
15168,-3.157596,8.946105,7
15169,16.438856,7.6658726,0
15170,-1.3515284,11.546872,9
15171,-0.11069277,10.997965,9
15172,-4.4955497,11.612948,7
15173,-5.0227833,10.19715,7
15174,6.1237946,6.2421246,3
15175,-2.8029811,0.11449381,1
15176,6.757607,6.442257,3
15177,10.656047,3.4961786,6
15178,4.4185038,7.982654,5
15179,-1.462302,13.6133175,4
15180,-0.25129417,13.316158,4
15181,5.696962,5.3103347,3
15182,-1.1922871,-3.3263996,1
15183,10.726501,3.357043,6
15184,-0.45682338,12.948625,4
15185,4.3077297,-0.3269822,2
15186,5.724132,5.890175,3
15187,3.883394,-0.6604469,2
15188,10.103294,2.7501488,6
15189,16.255098,8.532054,0
15190,9.9458685,3.4126856,6
15191,16.243696,8.681128,0
15192,-3.5240054,10.914751,7
15193,3.5330493,6.70468,5
15194,-1.3548632,11.15261,9
15195,-0.86662215,10.7231455,9
15196,10.955253,5.412331,6
15197,2.6212447,4.4637256,5
15198,14.423336,8.124999,0
15199,-5.295338,11.071661,7
15200,-4.929557,11.897418,7
15201,5.169749,4.775265,3
15202,-3.1571112,10.376341,7
15203,4.766148,-0.87960917,2
15204,-3.5987332,9.408805,7
15205,4.246791,-1.0034673,2
15206,4.805219,7.418432,5
15207,-2.0873864,-1.0120351,4
15208,14.424079,7.0055637,0
15209,-3.5615067,10.325518,7
15210,6.030512,4.3655143,3
15211,11.045637,4.6719375,6
15212,-0.13416328,11.7500725,9
15213,-4.892787,10.593649,7
15214,-0.96855474,14.632048,4
15215,-4.724188,10.736093,7
15216,6.1182656,6.4161215,3
15217,4.7634554,-1.0937268,2
15218,1.1203523,13.7630005,4
15219,0.47399756,7.134161,8
15220,10.101297,2.5717468,6
15221,-0.2142941,5.829958,8
15222,-1.3349583,11.468257,9
15223,3.8744977,-0.45805487,2
15224,-3.4088752,-0.9016209,1
15225,0.17749807,6.229319,8
15226,6.8922234,6.2318945,3
15227,6.002011,4.543981,3
15228,3.9931066,-1.6147414,2
15229,-5.354901,11.250195,7
15230,-3.8179164,10.635752,7
15231,-3.4177065,-0.43953076,1
15232,4.0648637,7.4571695,5
15233,5.3677993,4.866548,3
15234,11.215098,6.0441117,6
15235,-0.6683412,10.333344,9
15236,0.66587436,7.4939203,8
15237,15.9772415,7.113852,0
15238,3.320761,6.4447584,5
15239,-0.9688757,9.845503,9
15240,-2.6023862,-0.25058576,1
15241,-2.7741354,0.016241902,1
15242,14.343943,6.37394,0
15243,-5.3144436,10.319388,7
15244,-1.1764165,10.763187,9
15245,5.6144733,3.8071074,3
15246,6.2721295,5.844285,3
15247,2.8272917,5.4470963,8
15248,-0.029018633,5.6644382,8
15249,16.32481,8.488719,0
15250,6.7375393,5.1495147,3
15251,5.498045,5.2434516,3
15252,-0.9515147,-3.8896902,1
15253,-1.4349434,11.15867,9
15254,-3.6892729,10.298767,7
15255,-3.177605,-1.2807372,1
15256,-4.3448443,11.994747,7
15257,11.707317,6.2263865,6
15258,0.020619597,6.8484416,8
15259,-1.554523,13.6790285,4
15260,-4.4252424,9.922236,7
15261,5.1963043,5.9421587,3
15262,2.675728,-1.013963,2
15263,4.7246466,-1.0437711,2
15264,-1.7268442,-2.9062114,1
15265,-3.1148098,0.90630144,1
15266,-0.9582068,-3.9065452,1
15267,0.47707096,6.954301,8
15268,1.7476323,12.084316,9
15269,11.9013195,4.4961824,6
15270,1.7390633,-0.68884814,2
15271,-3.229054,0.015114634,1
15272,1.8704816,-0.57434833,2
15273,2.4888206,4.860879,5
15274,0.49352512,14.138787,4
15275,15.821705,7.06012,0
15276,-3.1887457,-1.8283468,7
15277,-3.7349467,0.67893964,1
15278,4.413721,-1.5356209,2
15279,3.7725618,-0.47734302,2
15280,10.117161,4.15387,6
15281,5.6867194,4.7892575,3
15282,1.7304245,7.099851,8
15283,-1.3514066,14.213314,4
15284,2.5145261,5.1436105,5
15285,2.9804142,5.0840144,5
15286,0.0690558,6.162694,8
15287,11.127913,3.3055778,6
15288,15.273525,8.71083,0
15289,0.6869099,5.6833034,8
15290,-4.1777577,0.96698684,1
15291,15.403042,7.37095,0
15292,6.822673,5.834269,3
15293,-4.306544,1.3530239,1
15294,0.16886406,14.066843,4
15295,4.5152426,-0.63873667,2
15296,3.7280753,-1.3946999,2
15297,5.856317,4.6769342,3
15298,-0.073000886,13.422511,4
15299,-1.8288964,14.581978,4
15300,-2.0273423,-2.9227343,1
15301,3.429016,5.516343,5
15302,0.13109376,11.930724,9
15303,11.007746,3.778982,6
15304,4.6429477,7.0918946,5
15305,-4.9000964,9.398681,7
15306,2.9396334,5.211809,5
15307,-0.28529856,5.6189356,8
15308,-1.6225958,-1.9399447,1
15309,-3.0384603,9.006615,9
15310,1.1998407,14.534345,4
15311,15.797524,6.8268437,0
15312,-0.3059221,12.054294,9
15313,-1.2906604,14.385923,4
15314,11.3503475,4.178665,6
15315,3.451706,6.765474,5
15316,-3.543991,0.5689977,1
15317,11.309882,4.8570848,6
15318,15.064317,8.781188,0
15319,-4.2588487,9.532517,7
15320,10.5687685,4.5184417,6
15321,-0.33235317,5.327209,8
15322,6.420586,5.1595044,3
15323,-1.3459859,10.973843,9
15324,10.4510765,4.9398766,6
15325,15.818266,7.316319,0
15326,-0.035168655,11.2537985,9
15327,-3.4907026,9.5496435,7
15328,3.2986186,-1.5425687,2
15329,15.288269,7.35489,0
15330,14.152948,6.410198,0
15331,-4.2016845,9.551882,7
15332,5.4186945,4.5651145,3
15333,-0.28142622,6.394631,8
15334,11.570544,6.0802755,6
15335,6.132261,5.9761925,3
15336,6.023892,5.147103,3
15337,3.6045203,5.5538516,5
15338,10.1421795,3.172643,6
15339,6.5100384,4.2187276,3
15340,-4.226719,10.6425495,7
15341,-0.120945096,5.5237417,8
15342,5.5782433,5.1757293,3
15343,-0.35733393,6.0121226,8
15344,14.939014,6.6624455,0
15345,-3.1138191,0.93460363,1
15346,6.819008,4.9159193,3
15347,-1.738278,14.4893265,4
15348,11.119324,4.8605595,6
15349,-1.4088539,9.975993,9
15350,6.8954797,6.0259147,3
15351,11.397113,3.6116717,6
15352,10.647275,4.343349,4
15353,-3.9689145,1.0537703,1
15354,-2.7680075,10.126928,9
15355,-0.53122956,5.483517,8
15356,-1.7773721,-2.5989609,1
15357,-1.374002,10.123018,9
15358,3.246484,6.150597,5
15359,-1.2974427,14.161627,4
15360,1.0989584,12.660601,9
15361,-4.1150184,0.3522609,1
15362,5.664213,7.063601,5
15363,3.912169,-0.8904495,2
15364,0.6402437,6.6669126,8
15365,3.6112752,5.960531,5
15366,0.034741733,6.180553,8
15367,-1.6674374,9.568907,9
15368,1.5987389,-0.13549839,2
15369,-1.9261745,9.431416,9
15370,10.777497,5.1721196,6
15371,3.1647456,5.2620006,5
15372,6.298207,5.3363724,3
15373,-1.9825263,14.282559,4
15374,5.3944397,7.132404,5
15375,5.7398567,4.4788985,3
15376,1.4684749,14.244875,4
15377,5.8482084,4.4650536,3
15378,4.3867025,6.578662,5
15379,6.0523796,4.886646,3
15380,-2.5886183,-3.227197,1
15381,-0.3276603,10.571454,9
15382,14.832097,8.660804,0
15383,16.123217,6.5331984,0
15384,11.548529,5.454385,6
15385,-4.2954493,1.0549798,1
15386,5.823127,7.4988503,6
15387,-1.1280729,10.005913,9
15388,6.7981515,5.7946987,3
15389,-3.841411,0.8616707,1
15390,3.5324223,7.2413025,5
15391,4.054328,-0.822588,2
15392,-1.327267,-2.4386852,1
15393,-4.100717,9.173128,7
15394,0.36652684,13.696039,4
15395,-1.0094852,9.992608,9
15396,-1.4011673,-2.5867033,1
15397,-3.9875178,2.6523004,1
15398,4.3432107,7.1597147,5
15399,16.242577,6.505013,0
15400,-0.116279386,14.382204,4
15401,11.26648,2.65101,6
15402,0.69225943,12.4070835,5
15403,4.211676,-0.6768424,2
15404,11.762299,6.622744,6
15405,-1.6652608,15.2047415,4
15406,5.6986995,7.5900335,8
15407,16.732407,7.054963,0
15408,-0.6994909,5.5057793,8
15409,6.143533,3.7548952,3
15410,-5.0577455,10.805719,7
15411,-0.6365963,5.663669,8
15412,5.743782,5.658117,3
15413,-1.7672454,10.248647,9
15414,0.9517372,12.613315,9
15415,3.924186,6.147779,5
15416,-0.2981611,14.204068,4
15417,11.060451,2.7606075,6
15418,3.4463787,-1.2396991,2
15419,11.103286,2.7015004,6
15420,-0.32834068,13.3682995,4
15421,3.5150185,5.6036525,5
15422,-4.822181,11.739996,7
15423,-4.0536547,2.5168056,1
15424,1.1949341,7.805568,8
15425,-3.5241518,8.980451,7
15426,-0.09199181,14.672826,4
15427,-4.1491237,2.0496254,1
15428,-2.841509,-0.586357,1
15429,-2.0399458,14.305113,4
15430,0.9799121,6.4084535,8
15431,11.38465,3.0806372,6
15432,1.804693,14.5926485,4
15433,0.29565933,10.798914,9
15434,3.5389895,0.6680132,2
15435,-3.4420466,0.5191978,1
15436,-0.16195415,6.0905046,8
15437,5.6528926,4.403744,3
15438,-3.4228086,-0.31334633,1
15439,-3.4918287,-0.4215209,1
15440,4.259519,-1.4608954,2
15441,11.079552,4.60299,6
15442,15.701377,8.035157,0
15443,5.5241437,4.4407988,3
15444,4.687286,6.540992,5
15445,16.097416,6.5472827,0
15446,-0.8739924,10.959669,9
15447,11.249268,3.4123619,6
15448,11.3119755,6.100271,6
15449,-3.5298562,9.261441,7
15450,10.266745,4.041258,6
15451,-3.1189148,0.54443276,1
15452,-4.4528522,10.965523,7
15453,6.661455,4.5605993,3
15454,14.554008,8.585128,0
15455,0.046156377,5.962806,8
15456,1.1132275,13.626678,4
15457,3.9487343,-0.88475895,2
15458,0.6120623,6.39585,8
15459,11.021289,3.7986965,6
15460,-4.886427,11.485594,7
15461,4.478207,-0.6936442,2
15462,2.5191364,4.918364,5
15463,11.0960245,2.5307631,6
15464,4.827541,6.57496,5
15465,-4.300831,9.064414,7
15466,3.0516474,-1.1949525,2
15467,-0.45615998,5.244815,8
15468,0.20179802,11.57854,7
15469,-4.31444,9.285765,7
15470,4.543131,-0.85712564,2
15471,14.915515,6.7299585,0
15472,5.1531887,5.924764,3
15473,-2.9293132,-1.6565216,1
15474,5.9323177,4.960513,3
15475,2.6596198,-1.0427071,2
15476,3.7947114,-1.8215233,2
15477,6.1672463,5.708763,3
15478,10.430103,4.6411324,6
15479,-0.42438793,14.361545,4
15480,14.893691,5.8105507,0
15481,2.4818027,5.140284,5
15482,5.6504335,4.825587,3
15483,11.776479,5.911675,6
15484,11.291676,5.023338,6
15485,-4.756631,10.990213,7
15486,4.765632,5.5853763,3
15487,-0.74203855,5.441057,8
15488,3.1946208,6.2680125,5
15489,0.29943955,11.306216,9
15490,-3.300223,9.563527,7
15491,15.935772,8.079878,0
15492,15.615912,8.817243,0
15493,-4.079379,-0.041681126,1
15494,1.3254049,14.535349,7
15495,3.5554006,-0.32989174,2
15496,-4.518228,11.800253,3
15497,6.8735375,6.1636224,3
15498,1.1319427,11.854761,9
15499,-4.4788437,10.630453,7
15500,10.837001,5.0029635,6
15501,-0.39890268,5.392582,8
15502,0.6947233,7.5645638,8
15503,0.59025747,11.050983,9
15504,15.19104,8.167199,0
15505,15.992652,7.3731565,0
15506,3.6030664,-0.8413729,2
15507,-3.5478435,1.1965158,1
15508,14.4580765,6.140326,0
15509,3.4772496,-0.7404312,2
15510,1.7964174,-0.2430038,2
15511,5.8687806,5.4368916,3
15512,1.3740033,11.600212,9
15513,-4.839415,11.372234,7
15514,0.40586564,14.70473,4
15515,-0.86415356,5.1261487,8
15516,15.501012,6.2614985,0
15517,-0.19039291,10.824918,9
15518,-3.4620812,9.042484,7
15519,5.7684126,6.6143384,3
15520,15.545944,8.364151,0
15521,-1.5116073,14.271096,4
15522,-0.14642164,6.252622,8
15523,-2.5022123,-0.32950416,1
15524,15.528309,8.854007,0
15525,-0.8877193,15.00663,4
15526,10.349135,2.3100104,6
15527,11.004778,3.137615,6
15528,3.7231584,6.6172566,5
15529,11.668613,3.8094988,6
15530,15.273286,7.436856,0
15531,-4.6858263,11.166002,7
15532,5.559757,5.7903275,8
15533,5.693238,5.5188117,3
15534,6.6944137,6.009211,3
15535,5.7117825,5.330951,3
15536,-1.3930199,-3.8917322,1
15537,3.6461766,-0.9440912,2
15538,2.8042986,5.8425503,5
15539,-3.8406549,-0.27587616,1
15540,6.6410103,5.592872,3
15541,-1.1137562,10.770466,9
15542,16.308838,8.691803,0
15543,-1.111184,15.080034,4
15544,5.09204,4.360391,3
15545,-4.716828,9.705693,7
15546,0.63202095,6.862421,8
15547,6.8672433,6.265436,3
15548,-0.49543273,-4.2929587,1
15549,2.482143,4.8558307,5
15550,-2.6998615,-0.47901002,1
15551,-1.838654,15.060672,4
15552,5.5837116,7.4039526,5
15553,-0.9406668,9.82476,9
15554,2.987542,12.177516,7
15555,-3.6236403,1.7102704,1
15556,1.2680968,14.220058,4
15557,-3.386724,0.90546536,1
15558,3.4949164,5.709357,5
15559,15.050009,6.6364446,0
15560,-0.85824436,10.321771,9
15561,-3.6551178,-0.22236396,1
15562,2.486158,7.5365458,9
15563,-1.9230458,14.100731,4
15564,14.170496,7.8245444,0
15565,11.044789,4.477537,6
15566,14.5906725,8.217175,0
15567,15.726206,6.4320683,0
15568,-0.5083104,15.030853,4
15569,3.6829917,-0.96813476,2
15570,-4.8412266,10.194671,7
15571,2.7461474,5.937803,5
15572,5.158321,4.860999,3
15573,3.0509489,-1.3054566,2
15574,-0.70553124,-4.229755,1
15575,-2.9030006,0.2249374,1
15576,0.698782,13.673506,4
15577,-4.016771,9.431029,7
15578,-1.9604702,-2.0632286,1
15579,3.8694472,6.27519,5
15580,14.460844,8.292302,0
15581,16.608387,7.338659,0
15582,15.173458,8.4823065,0
15583,16.509594,7.3781924,0
15584,-0.8751636,11.4938345,9
15585,4.3015466,-1.3614353,2
15586,-5.1926675,12.065534,7
15587,6.894178,5.405647,3
15588,2.8706875,-1.151784,2
15589,-4.7635317,9.333167,7
15590,15.403361,8.66628,0
15591,11.190019,3.2479033,6
15592,2.2383797,12.693154,9
15593,-0.89992964,10.396185,9
15594,5.3192744,7.844256,5
15595,-0.85620564,5.2656636,8
15596,2.4789314,-0.571666,2
15597,-4.204027,9.256473,7
15598,1.430242,7.5729637,8
15599,-0.85791004,5.6655073,8
15600,14.521347,8.048072,0
15601,-1.451422,9.398742,9
15602,-0.022309393,12.64648,9
15603,2.9716258,-0.89664954,2
15604,0.97402036,14.536968,4
15605,4.0120325,-1.0002288,2
15606,5.263188,5.0554705,3
15607,-0.9068811,10.110708,9
15608,-2.095338,-0.9944368,1
15609,0.17541924,11.188159,9
15610,-1.7948519,-2.9583235,8
15611,2.9163938,4.979134,5
15612,-4.1015344,0.04708416,1
15613,-0.95989877,14.869484,4
15614,2.4749136,-0.014281431,2
15615,-1.6626592,14.703182,4
15616,1.8037426,7.217552,8
15617,-1.2169976,15.347934,4
15618,3.0295174,-0.8366427,2
15619,16.063631,6.9835978,0
15620,9.876098,3.0113294,6
15621,15.708578,6.114635,0
15622,1.2690101,14.1555605,4
15623,-0.8743453,5.552659,8
15624,1.7895676,7.519839,8
15625,11.350338,4.5202994,6
15626,-0.23608294,5.2603307,8
15627,11.430806,4.906254,6
15628,14.341429,7.3841987,0
15629,-0.7713757,5.6485248,8
15630,-3.67292,10.734384,3
15631,2.848702,5.3285747,5
15632,-3.3361049,-0.7216458,1
15633,-3.7590442,1.4642204,1
15634,10.087806,3.0324728,6
15635,-4.2376943,9.368567,7
15636,1.2078166,6.9564786,8
15637,15.669553,8.210319,0
15638,10.929788,4.605275,6
15639,6.596284,5.176261,3
15640,0.11413065,6.3680673,8
15641,11.797154,3.8119705,6
15642,1.8122387,-0.3120146,2
15643,-4.715733,8.6181,7
15644,0.81622994,12.352329,9
15645,-0.18946943,5.411509,8
15646,-4.150154,10.340124,7
15647,5.6032696,5.0992517,3
15648,14.191982,7.470396,0
15649,-3.729182,0.7871147,1
15650,2.727945,-1.2530148,2
15651,6.759917,4.2509375,3
15652,10.454434,4.2185874,6
15653,-0.8359188,9.997071,9
15654,-1.4292297,10.276254,9
15655,2.4978216,4.859996,5
15656,6.380923,6.51146,3
15657,-1.0433348,10.769773,9
15658,1.0648297,12.187256,9
15659,-1.6796602,10.451064,9
15660,3.6048045,-1.9509193,2
15661,3.3367143,6.026413,5
15662,15.657788,8.564685,0
15663,16.360792,7.670154,0
15664,1.4013253,6.5439014,8
15665,-0.8931288,15.241434,4
15666,0.17492636,11.82844,9
15667,6.7489357,5.0732465,3
15668,-0.07352892,14.544055,4
15669,-3.9525716,1.7096109,1
15670,1.8285218,12.704883,9
15671,-3.7596374,8.710153,7
15672,9.970544,4.071003,6
15673,10.786178,2.4006236,6
15674,10.468474,4.664057,6
15675,16.54533,7.4126964,0
15676,5.0556293,6.747681,5
15677,-3.731091,1.974955,1
15678,1.2432013,6.386626,8
15679,4.46578,-1.0705118,2
15680,2.6762023,0.27243713,2
15681,6.9753532,5.1717057,3
15682,0.14868678,13.13881,4
15683,-2.0571728,14.659421,4
15684,-2.1584895,-3.2372606,1
15685,3.8211188,5.1641383,5
15686,-0.25239995,13.501268,4
15687,11.356059,2.8084486,6
15688,3.7997332,-0.32496378,2
15689,-4.4357934,8.622964,7
15690,-4.4319544,11.4435,7
15691,1.1458489,6.7422686,8
15692,14.446027,8.095272,0
15693,0.19525689,10.961382,9
15694,15.749517,8.579045,0
15695,16.757519,6.9498363,0
15696,-2.5432453,-2.2349732,1
15697,-3.859608,2.313667,1
15698,2.991873,6.650841,5
15699,4.7062325,-0.72689724,2
15700,15.3048525,8.68424,0
15701,5.2852926,7.6386995,3
15702,5.61721,7.41933,5
15703,-1.7925035,15.355578,4
15704,14.577552,6.7087946,0
15705,-4.7132173,8.55551,7
15706,11.349784,5.4271283,6
15707,1.4147167,6.6655493,8
15708,10.112382,3.663423,6
15709,-1.1668323,9.899204,9
15710,-1.5543745,-3.9838538,1
15711,16.806389,7.1202106,0
15712,4.3492026,-1.5532742,2
15713,-4.068584,2.8006299,1
15714,10.286148,3.265228,6
15715,4.6719403,-0.52669543,2
15716,-1.7701335,-1.8054067,1
15717,3.8547795,4.7994947,3
15718,-4.998092,10.1176,7
15719,-2.002714,15.3012295,4
15720,5.273256,7.714432,5
15721,-4.8327875,8.656669,7
15722,-2.492861,-3.4526627,1
15723,0.8284197,5.877699,8
15724,0.11796532,7.321273,8
15725,-1.0462606,10.560462,9
15726,4.988117,7.445926,5
15727,11.192585,2.8093052,6
15728,-3.3990488,-0.8182456,9
15729,-1.7054645,14.020232,4
15730,-1.7339463,-3.067352,1
15731,4.7270207,-0.88776547,2
15732,3.652471,7.205734,5
15733,11.761886,3.9863534,6
15734,15.030126,8.118264,0
15735,-1.9657915,14.995317,4
15736,3.2981746,-1.4710865,2
15737,-4.8794956,9.489757,7
15738,1.5509465,7.2319436,8
15739,1.3011672,5.992154,8
15740,-3.2377112,9.5048065,7
15741,-0.99640566,9.83555,9
15742,5.552954,7.234252,5
15743,3.364516,5.042427,3
15744,11.384258,4.167761,6
15745,-1.0994245,9.740596,9
15746,-1.6964872,11.334882,9
15747,5.598557,3.5160453,3
15748,1.5641859,-0.45137024,2
15749,1.7160448,6.2228527,8
15750,-3.1666574,10.324206,7
15751,4.660721,-0.49517223,2
15752,-0.6127741,13.349606,4
15753,16.545633,8.246099,0
15754,-4.4457192,11.500677,7
15755,-1.2483724,10.189668,9
15756,11.119546,3.9571376,6
15757,0.73962677,6.20198,8
15758,-0.695695,-3.8301167,1
15759,15.213067,6.064477,0
15760,5.471642,4.805612,3
15761,16.436749,8.126061,0
15762,6.015864,6.0159864,3
15763,-3.8315217,1.7402616,1
15764,6.7964654,5.1900764,3
15765,16.81666,7.873523,0
15766,9.908292,2.6451046,8
15767,3.0365598,4.7679925,5
15768,4.4222546,7.2028275,5
15769,2.9128902,4.117273,3
15770,15.138006,7.245382,0
15771,3.3307266,4.5965877,5
15772,0.7463846,6.0786057,8
15773,5.88503,3.379057,3
15774,5.077822,5.2978406,3
15775,1.6042644,6.2305703,8
15776,-1.2544216,-4.01542,1
15777,16.624844,7.614068,0
15778,3.5552874,7.337067,5
15779,16.882513,7.7687173,0
15780,10.694079,4.2810597,6
15781,3.4745126,4.62655,5
15782,0.43298492,6.5656977,8
15783,-2.0776093,15.207048,4
15784,-0.51688045,14.222282,4
15785,5.823515,3.7096305,3
15786,-2.4790783,-2.5382495,1
15787,-1.8148495,14.5755625,4
15788,11.167466,4.255947,6
15789,-4.058585,2.0051389,1
15790,-0.8100959,-4.367905,1
15791,3.7872453,5.1028123,5
15792,-3.5818555,10.818954,7
15793,5.889211,3.4535973,3
15794,3.3547347,5.736932,5
15795,16.018587,6.604646,0
15796,4.187072,-0.8857988,2
15797,11.755952,3.630219,6
15798,15.08781,6.070997,0
15799,4.63389,-0.6716105,2
15800,3.7228312,6.80366,5
15801,-5.1373277,9.766083,7
15802,2.0526958,-0.6911341,2
15803,-4.097988,2.7177544,1
15804,3.7663834,6.9865046,5
15805,-4.11744,2.5017605,1
15806,11.568471,5.5854053,6
15807,0.20519172,5.550763,8
15808,-4.687263,9.247034,7
15809,-4.1734133,2.0628796,1
15810,5.133959,7.087679,5
15811,-4.85546,8.630692,7
15812,2.559305,5.4476213,5
15813,-4.010379,2.6537077,1
15814,14.95505,7.5461745,0
15815,5.911653,3.2599978,3
15816,5.8080063,5.396634,3
15817,-0.058097772,5.80359,8
15818,-3.909025,10.908812,7
15819,3.9302769,5.3272033,5
15820,3.4134057,7.2365146,8
15821,-1.9098094,14.6626835,4
15822,1.5817907,14.338149,4
15823,4.80357,-0.724025,2
15824,-3.9059172,8.424472,7
15825,15.87412,7.785787,0
15826,10.766319,5.230021,6
15827,-1.2054548,9.739258,9
15828,15.603769,8.896529,0
15829,4.6688504,-0.41563696,2
15830,4.0566316,7.4757385,5
15831,11.829863,3.8760564,6
15832,2.3294344,12.570146,9
15833,-4.782627,8.564473,7
15834,4.241307,6.9563947,5
15835,-4.0888114,2.6369247,1
15836,1.9918945,0.12308389,2
15837,-1.233842,10.12403,9
15838,-1.2324951,-3.2014186,1
15839,11.267839,3.4874136,6
15840,-0.60401475,13.29719,4
15841,-2.2017717,14.508815,4
15842,0.23297195,11.767321,3
15843,11.045126,2.3500545,6
15844,1.0247592,11.802354,9
15845,4.572202,-0.95408255,2
15846,2.1742165,-0.18916813,2
15847,6.0753956,4.87528,3
15848,6.7502046,6.6065655,3
15849,-5.397632,10.489985,7
15850,6.3279614,4.7896647,3
15851,-4.1353517,2.0318403,1
15852,-0.4962776,13.586068,4
15853,4.69509,-0.4724999,2
15854,14.339576,6.261874,0
15855,3.8252966,5.1418695,5
15856,-4.1855373,10.486055,7
15857,5.8188176,3.5175846,3
15858,0.109926775,12.581963,9
15859,-5.1760554,9.567285,7
15860,-2.2351463,11.058714,9
15861,0.057481997,5.6366363,8
15862,11.378196,6.0775266,6
15863,15.520185,6.488707,0
15864,14.371691,7.288774,0
15865,-2.095387,-1.0644176,1
15866,1.6511087,14.35671,4
15867,1.8005925,-0.5309457,2
15868,14.138711,6.7785807,0
15869,5.0653224,4.6798954,3
15870,10.704047,4.282708,6
15871,-1.646403,14.662636,4
15872,5.357312,5.147995,3
15873,2.332376,4.4643364,5
15874,5.6798806,7.1399593,5
15875,11.274845,2.9927554,6
15876,-0.8388819,14.556277,4
15877,-5.217735,10.099859,7
15878,-1.5695437,-3.3551981,1
15879,0.32118222,5.5109344,8
15880,5.86705,7.470862,5
15881,-1.6676906,10.431001,9
15882,15.230623,7.8739796,0
15883,15.995243,6.65753,0
15884,3.458489,6.6845226,5
15885,-2.535507,-0.28872648,1
15886,5.110278,7.01234,5
15887,2.385516,-0.8397132,2
15888,-1.240918,-2.6461253,1
15889,6.0440936,4.52556,3
15890,14.806437,6.8676577,0
15891,-1.6116533,14.918771,4
15892,3.0376687,6.29391,5
15893,5.180879,5.8996453,5
15894,5.1417603,5.8980093,9
15895,-4.94358,9.27739,7
15896,10.741925,4.4991965,6
15897,-0.26849267,6.3333883,8
15898,-1.1950547,-4.2638717,1
15899,-2.0522785,9.298575,9
15900,-5.144385,11.407838,7
15901,16.433594,7.385093,0
15902,2.2963989,-0.026721599,2
15903,-3.0405924,0.14955339,1
15904,15.011799,7.5552673,0
15905,2.1363726,-0.2967569,2
15906,-4.2952023,10.013235,7
15907,6.2648444,5.389568,3
15908,10.939325,5.757138,6
15909,-4.5198975,8.64361,7
15910,14.733879,7.3208075,0
15911,-0.62688804,5.8436265,8
15912,1.1277649,12.516305,9
15913,-2.3205645,9.031631,9
15914,11.086721,5.978506,6
15915,3.064889,5.976433,5
15916,0.008041806,14.765814,4
15917,2.8118153,0.35304058,2
15918,3.1799443,6.665057,5
15919,0.1592947,6.9995766,8
15920,-1.4696475,-3.982641,1
15921,-3.0592282,-0.14826925,1
15922,2.9652207,12.178113,7
15923,-4.692803,10.96181,7
15924,10.129071,4.323776,6
15925,2.4720652,-0.9018917,2
15926,15.260386,7.5366464,0
15927,-0.49161437,14.438756,4
15928,15.480504,7.6017966,0
15929,-2.8972974,0.011476321,1
15930,6.132528,5.7798533,3
15931,-1.52365,13.9792,4
15932,-5.124771,12.04876,7
15933,-3.6929047,1.9351375,1
15934,16.104578,6.360584,0
15935,-0.1616898,6.311396,8
15936,5.8409386,5.8027973,3
15937,5.951201,4.436299,3
15938,6.065574,5.384703,3
15939,-5.073314,9.172975,7
15940,-2.123857,-0.98049283,1
15941,-0.39822114,6.3626323,8
15942,-1.3795481,-2.2154932,4
15943,-2.0529387,14.864946,4
15944,-0.15723316,11.587016,9
15945,5.3431687,5.404043,3
15946,14.431817,8.019489,0
15947,6.267296,4.8838053,3
15948,3.2659261,-1.1995816,2
15949,2.3215594,4.3746557,5
15950,0.22186422,6.7789383,8
15951,10.620722,3.0897982,6
15952,-3.4325633,9.467446,7
15953,-4.4346337,8.766433,7
15954,-3.7424164,11.566569,7
15955,15.766126,6.2966657,0
15956,0.17906725,5.2608476,8
15957,11.024612,3.504484,6
15958,1.5747693,-0.66605914,2
15959,-3.1910613,1.0922805,1
15960,10.149462,4.1498795,6
15961,10.597035,2.3162181,6
15962,-3.5412924,-1.1922994,1
15963,0.25404933,13.538264,8
15964,-2.6246307,-3.1171908,1
15965,16.71328,7.166434,0
15966,2.7288249,-1.1426013,2
15967,-3.207217,0.71016634,1
15968,5.950488,5.911171,3
15969,5.1415405,5.8215127,5
15970,-1.6741644,11.234745,9
15971,15.946042,6.330076,0
15972,0.8130589,12.346751,9
15973,-0.004964769,6.8323703,8
15974,-3.4780734,-1.2180103,1
15975,4.998018,6.125019,5
15976,-4.473473,11.43367,7
15977,-3.5943434,0.27524406,1
15978,10.740332,4.5259786,6
15979,0.13814722,7.065735,8
15980,5.361913,4.632869,3
15981,-1.5623806,14.245523,4
15982,3.6365159,-1.3580121,2
15983,-4.2809296,8.467823,7
15984,4.6582575,7.14373,5
15985,11.111358,2.577577,6
15986,5.381282,5.472604,3
15987,-2.372846,9.484487,9
15988,-2.4466174,-2.1709585,8
15989,-3.6326678,1.9425195,1
15990,5.468059,4.457075,3
15991,-2.7326777,9.02753,9
15992,15.211085,8.921145,0
15993,16.107548,6.562541,0
15994,2.2968702,-0.5999571,2
15995,10.923786,2.5794806,6
15996,3.3356457,5.9258447,5
15997,-3.637502,9.02882,7
15998,-4.22559,10.391535,7
15999,-3.2017732,0.29673162,1
16000,-0.0069533554,6.18892,8
16001,2.2540526,-0.08389812,2
16002,10.453888,2.3944054,6
16003,5.0082693,4.5771995,3
16004,-3.981621,8.463206,7
16005,-1.8327286,10.261561,9
16006,2.082007,12.591895,9
16007,2.7670872,0.31459215,2
16008,-2.0519078,9.846869,9
16009,-1.6721257,13.831403,4
16010,4.801562,7.7241883,5
16011,5.109132,5.871577,5
16012,-2.5492527,-3.5611548,1
16013,6.16131,4.550284,3
16014,-2.9171832,0.39701188,1
16015,-5.010447,9.831053,7
16016,-3.7321424,11.305163,7
16017,3.603915,6.065877,5
16018,2.052409,-0.43730763,2
16019,4.9892673,4.6599584,3
16020,1.1879638,12.2156105,9
16021,-2.619517,-0.3406641,1
16022,5.835911,7.774867,8
16023,-0.58546704,6.093393,8
16024,3.8248742,-0.33737317,2
16025,0.95044726,7.4971576,2
16026,0.81739384,7.298382,8
16027,3.1026018,0.54141647,2
16028,5.7845616,7.1652784,5
16029,6.0256367,4.5776467,3
16030,3.7604048,-1.7845156,2
16031,16.150732,6.527178,0
16032,11.175616,4.711519,6
16033,2.584442,-0.8593403,2
16034,-0.86820525,11.018655,9
16035,-2.2444472,9.400095,9
16036,3.1874087,7.247833,8
16037,-1.485125,14.9592705,4
16038,4.5671844,7.088247,5
16039,-2.04834,9.435667,9
16040,1.0631396,6.962975,8
16041,-3.8295763,8.175046,7
16042,1.3341193,7.4197183,8
16043,16.749735,6.8887124,0
16044,-0.5202403,11.329845,8
16045,3.1716533,4.5125566,0
16046,3.558451,-0.42107946,2
16047,2.2354999,-0.8790293,2
16048,0.9461672,13.980443,4
16049,-3.8997488,8.986145,7
16050,-2.7641482,-3.1216264,1
16051,-2.0408423,14.365026,4
16052,-4.867886,9.322306,7
16053,-1.8339645,10.230312,9
16054,10.251588,2.571492,6
16055,-0.86414874,11.005028,9
16056,10.70118,4.9699016,6
16057,2.3463867,0.18152894,2
16058,2.2969725,-0.41057053,2
16059,0.36164513,6.6538553,8
16060,3.4415739,-1.132073,2
16061,-2.3568876,-1.2185918,1
16062,-2.6961055,-2.8452194,1
16063,2.815659,5.9590406,5
16064,11.751959,4.623572,6
16065,10.383531,2.352154,6
16066,2.421748,6.961176,8
16067,-1.3384347,10.863185,9
16068,1.4712547,14.197735,4
16069,-0.031185266,6.227432,8
16070,10.401038,4.6793447,6
16071,5.0664587,4.5097585,3
16072,4.8356514,7.30217,5
16073,-0.21219169,6.701584,8
16074,4.979199,4.836666,3
16075,6.3113575,3.656417,3
16076,-2.51196,-1.280652,1
16077,10.725678,2.4278612,6
16078,5.704799,5.6661777,3
16079,-3.858318,8.49484,7
16080,-1.0940585,-3.4078655,1
16081,16.159992,6.4459624,0
16082,0.071067095,11.603142,9
16083,15.893198,6.622798,0
16084,5.9860706,7.665506,5
16085,16.106005,7.6643095,0
16086,-4.1255445,1.0852592,1
16087,-3.3892965,0.55217856,1
16088,10.62508,3.455061,6
16089,3.7560732,-0.22125085,2
16090,1.0271115,11.886336,9
16091,6.6863523,4.843664,3
16092,3.523532,6.084951,5
16093,-0.84072703,14.31737,4
16094,0.28783652,14.598578,4
16095,3.4360642,5.344632,5
16096,6.2860746,4.0606327,3
16097,11.557909,4.671214,6
16098,0.9224529,13.853736,4
16099,-5.3919554,10.285407,7
16100,0.6367192,13.778778,7
16101,-0.5917759,5.993719,8
16102,10.585509,2.2853184,6
16103,-1.5964658,10.531379,9
16104,3.5934582,-1.6256181,2
16105,16.162563,7.7932897,0
16106,-0.0542746,11.987142,9
16107,-2.8862615,0.2776978,1
16108,2.096902,-0.6051567,2
16109,3.5144713,0.22048488,2
16110,-2.1343675,-1.5161339,1
16111,6.9004517,5.6756253,3
16112,4.3471417,7.083684,5
16113,-5.419489,10.32954,7
16114,0.7788169,6.361914,8
16115,-0.66229045,5.7928452,8
16116,6.0917387,7.498763,5
16117,-1.7803712,10.912727,9
16118,11.075758,3.6051052,6
16119,15.861515,7.6847696,0
16120,3.7065907,6.5747237,5
16121,-2.9298637,0.7684903,1
16122,15.59781,6.1159754,0
16123,3.7368183,0.00065072504,2
16124,2.228834,-0.8541178,2
16125,2.0215278,7.006359,3
16126,3.747567,6.6559,5
16127,-1.5532751,14.007314,4
16128,1.0983638,6.9267845,8
16129,2.9750557,4.7732105,5
16130,-3.0500283,10.354644,1
16131,11.639154,4.967016,6
16132,1.3884423,12.341122,9
16133,-4.271354,10.306406,7
16134,6.7737784,6.079634,3
16135,-0.57919836,6.0330086,8
16136,15.805543,8.703966,0
16137,-1.8341691,10.382234,9
16138,-4.4251423,10.040778,7
16139,15.779725,6.1125836,0
16140,2.881346,-1.347032,2
16141,-0.5813225,5.775081,8
16142,3.9780943,0.7693864,2
16143,-5.210211,9.9595175,7
16144,15.329887,5.928285,0
16145,-0.29597926,5.3326635,8
16146,3.60406,-1.7348989,2
16147,-2.005383,10.1796055,9
16148,-1.8190182,-1.3050891,1
16149,0.45275936,11.288969,9
16150,-4.4531355,11.991461,7
16151,15.94529,7.6579356,0
16152,2.1248662,12.6641865,9
16153,-2.2267318,-2.3731344,1
16154,1.2264998,7.173485,8
16155,-1.6232808,13.910545,4
16156,5.9174986,5.0101914,3
16157,3.1733568,5.0502744,5
16158,1.3865259,7.7202883,8
16159,-3.4770808,0.6112003,1
16160,9.884129,3.3357453,6
16161,11.7548485,4.0953693,6
16162,-4.069407,8.865208,7
16163,16.379707,7.679113,0
16164,3.6138976,6.588468,5
16165,2.7338507,4.536433,5
16166,2.8981564,-1.241293,2
16167,11.285944,3.4758976,6
16168,-0.3893414,12.972088,4
16169,-4.724723,9.659938,7
16170,2.1295137,12.29474,9
16171,5.9568205,3.615432,3
16172,-0.38439116,6.3698125,8
16173,-1.4465889,10.314306,9
16174,4.8946257,7.7584248,5
16175,-1.1319585,10.547418,9
16176,3.7411644,-0.7701652,2
16177,6.972627,5.0445137,3
16178,14.295885,7.5658054,0
16179,-0.269905,6.22983,8
16180,-0.3598601,13.078227,4
16181,-3.0740924,-0.33964652,1
16182,-0.023770422,5.8332567,8
16183,3.4953725,0.34008145,2
16184,0.68943137,6.8846674,8
16185,0.09297337,11.137087,9
16186,-4.461334,10.602794,7
16187,10.9816065,3.8558931,6
16188,11.145167,5.937212,6
16189,-4.6421638,9.848855,7
16190,5.3055778,6.0861382,3
16191,6.0869837,4.018473,3
16192,15.415843,7.977642,0
16193,6.008157,3.9695349,3
16194,-3.713882,10.811846,7
16195,-1.9942998,14.193318,4
16196,15.323569,7.925427,2
16197,-4.741949,10.722073,7
16198,-3.1360946,8.96594,2
16199,-4.5433807,10.069616,7
16200,1.7861363,-0.12360216,2
16201,-1.1829972,10.710006,9
16202,14.070263,6.386551,0
16203,-3.047567,-0.53599733,1
16204,-0.8176679,-3.345101,1
16205,-3.6469142,9.6519785,7
16206,-0.7409559,12.229728,4
16207,11.258272,3.4930573,6
16208,4.892339,5.134074,3
16209,3.4107015,0.653607,2
16210,5.2545466,7.6608686,5
16211,-3.8370018,1.035332,1
16212,-3.1583776,9.060152,7
16213,3.025312,4.752355,5
16214,0.576549,14.078516,4
16215,2.8108525,4.9543376,5
16216,1.3695626,13.966984,4
16217,15.675941,7.5609865,0
16218,-1.0352134,-4.0934887,1
16219,2.7139342,4.7476196,5
16220,6.2026834,6.397801,3
16221,15.964439,8.091643,0
16222,-0.51056266,-4.330348,1
16223,1.0842522,7.083454,8
16224,-1.2442422,-3.5636349,1
16225,-0.885718,13.99264,4
16226,-5.1907654,10.690719,7
16227,16.266056,7.0593038,0
16228,-2.2961166,-3.7047133,1
16229,6.676146,4.6217666,3
16230,1.6438758,7.467518,8
16231,-0.2793167,6.3162866,8
16232,0.2321613,7.1013374,8
16233,-3.3269699,0.1259916,1
16234,-2.2977846,-2.522496,1
16235,3.9069536,-0.67772466,2
16236,-2.7834988,0.20570539,1
16237,3.5943632,-0.239242,2
16238,15.482253,5.88956,0
16239,6.77803,5.2688074,3
16240,-4.425724,11.120135,7
16241,-3.4160256,0.12526599,1
16242,4.408109,6.8897943,5
16243,6.2593756,4.1467843,3
16244,14.125027,6.4130597,0
16245,11.30474,3.8429213,6
16246,0.41665354,6.6303697,8
16247,-4.207378,9.718754,7
16248,-3.902784,11.184461,7
16249,6.58798,4.5752497,3
16250,2.0882208,12.653398,9
16251,-1.0881519,13.954765,4
16252,1.2477072,7.5038104,8
16253,-0.79777396,10.772904,9
16254,-2.8767924,0.63618594,1
16255,10.362134,3.0267856,6
16256,0.43506038,11.794751,9
16257,3.5595727,5.6073027,5
16258,10.90753,4.7015586,6
16259,-2.9305356,0.12779863,1
16260,5.3472633,4.978547,3
16261,-0.78580153,10.779353,9
16262,-2.2480352,-3.5044184,1
16263,-0.6455436,6.068694,8
16264,-3.2860157,8.067498,7
16265,-3.3844702,0.0025892784,1
16266,2.1655006,7.3542786,8
16267,-3.102338,-0.5650255,1
16268,4.331745,7.178352,5
16269,4.006611,-0.8114026,2
16270,-1.0252236,11.14718,9
16271,-4.3271594,10.355088,7
16272,-4.7315345,11.775342,7
16273,10.879325,2.7621717,6
16274,1.4611033,7.020335,8
16275,0.10718168,5.7541304,8
16276,5.0494766,7.864866,5
16277,-0.7165622,5.6006365,8
16278,-1.2998526,-4.0110364,1
16279,-1.4675272,13.744836,4
16280,-0.3024494,11.444018,9
16281,4.3518534,-0.769549,2
16282,0.8808298,7.6590934,8
16283,3.4830008,-0.3243608,2
16284,1.2373683,6.417057,8
16285,14.641845,6.419509,0
16286,15.6635275,8.923416,0
16287,-2.0177712,-2.9656773,1
16288,-5.1069283,12.04898,7
16289,2.9562569,-1.6459634,2
16290,-0.57536995,13.006895,4
16291,6.0501223,5.5820737,3
16292,-2.3875227,-2.3277502,1
16293,0.19932824,14.0665455,4
16294,3.5126455,-1.8317837,2
16295,5.2926726,7.709486,5
16296,5.7289915,4.1068606,3
16297,10.410322,5.0955963,6
16298,3.6994028,-1.3415632,2
16299,-4.856397,11.298307,7
16300,-1.398559,-3.3524888,1
16301,0.7220899,6.789497,8
16302,0.48502597,14.009326,4
16303,0.13387619,11.674727,9
16304,-3.239333,10.473415,7
16305,14.896163,6.412169,0
16306,14.1796875,7.212947,0
16307,-1.8597969,-1.9937438,1
16308,-3.2107444,-0.7126584,1
16309,2.9061432,-1.5509728,2
16310,4.2963142,7.6627984,5
16311,6.4467354,5.636829,3
16312,-0.44783857,13.223498,4
16313,-0.24528478,13.470082,4
16314,1.8301978,14.124513,4
16315,4.420448,7.5347557,5
16316,-3.7949746,10.388109,7
16317,11.557192,5.3241973,6
16318,15.059035,6.3252573,0
16319,-3.91798,10.193491,7
16320,3.4336264,-0.9629836,2
16321,1.0914893,6.4929986,8
16322,1.5406975,7.3364344,8
16323,15.522665,7.970975,0
16324,-3.6748652,9.783493,7
16325,-2.6947618,-1.9714803,1
16326,15.620902,8.094468,0
16327,2.8607373,-1.6095048,2
16328,2.9327955,-0.9953877,2
16329,6.9953628,5.4779563,3
16330,1.3128854,12.129866,9
16331,-0.7270967,13.785103,4
16332,11.818719,6.1724486,6
16333,5.34098,7.184844,5
16334,-2.4599807,-2.5056782,1
16335,11.5774555,4.6062965,6
16336,6.797704,5.816131,3
16337,-4.0141478,10.5263,7
16338,-1.0884339,15.035067,4
16339,0.23831847,6.4197006,8
16340,1.2116617,6.248675,8
16341,-0.75340986,11.7251215,9
16342,0.6245478,12.297956,9
16343,-4.383005,11.404164,7
16344,6.7406673,4.624019,3
16345,-2.322027,-1.9081701,1
16346,10.321433,3.1361654,6
16347,5.540593,7.6595573,5
16348,-2.6639647,-3.3470192,1
16349,10.940682,4.950581,6
16350,0.7682426,11.642801,9
16351,3.1228268,-1.369847,2
16352,14.604783,7.0798874,0
16353,5.5607686,7.701809,5
16354,15.274836,5.786437,0
16355,15.443291,6.4904647,0
16356,5.9879107,7.547359,5
16357,5.722434,7.572448,5
16358,4.902912,7.3459496,5
16359,-0.7598631,13.553402,4
16360,1.8275348,12.240747,9
16361,2.867176,-1.1112547,2
16362,-3.4019017,-1.0374479,1
16363,15.001594,6.9458227,0
16364,4.8731956,7.112909,5
16365,0.97735965,6.0387745,8
16366,5.1588683,5.1673484,3
16367,-3.5279603,-1.3380902,1
16368,-1.1111661,-3.610319,1
16369,-4.6335673,10.017085,7
16370,6.7004437,5.4698524,3
16371,-3.2756834,-0.54389507,1
16372,5.667984,5.7131553,3
16373,0.40270087,6.866516,8
16374,10.592545,3.1998632,5
16375,6.5007997,5.7392,3
16376,-1.0645194,-3.3368964,1
16377,0.17643261,6.049179,8
16378,11.634903,6.350375,6
16379,-5.4202504,11.328846,7
16380,2.9816165,6.604664,5
16381,-2.526113,-1.3795475,1
16382,1.2507098,7.181913,8
16383,-4.687828,9.84696,7
16384,4.4432287,6.874231,5
16385,-3.651971,0.29101935,1
16386,7.078943,4.7218976,3
16387,-1.1688949,14.063354,4
16388,0.5800601,12.43885,9
16389,-1.0804596,14.439875,4
16390,2.4107451,-0.9007865,2
16391,-1.4102165,14.10174,4
16392,-1.6091783,-3.1432912,1
16393,4.9504924,6.9621964,5
16394,-4.372906,12.0531435,7
16395,-4.308019,10.513195,7
16396,14.391846,7.32095,0
16397,-1.0448834,14.116251,4
16398,0.18819466,6.276086,8
16399,-1.5151876,13.535808,4
16400,4.874108,7.3563714,5
16401,-4.8235216,10.545505,7
16402,14.05916,7.4745603,0
16403,3.3782394,-0.9282367,2
16404,2.9669104,-1.4701066,2
16405,4.7785025,7.0706773,5
16406,3.2506075,6.4248786,5
16407,6.954771,5.133538,3
16408,3.326691,-1.9512645,2
16409,-1.3379438,10.734612,9
16410,10.780255,4.428648,6
16411,5.7048764,5.127076,3
16412,15.292118,8.615068,0
16413,-1.2130598,11.068753,9
16414,5.5118146,5.5852323,3
16415,15.767306,6.9366074,0
16416,0.3906649,7.1872716,8
16417,0.70196474,6.8838506,8
16418,-1.814109,-3.5347645,1
16419,-4.620307,9.963985,7
16420,-4.377508,11.559702,7
16421,-1.3474911,10.876951,9
16422,-1.5759313,11.434641,9
16423,15.588521,6.5134745,0
16424,3.6614914,6.2412057,5
16425,11.030989,3.5896583,6
16426,4.26037,7.578264,5
16427,5.83069,4.527776,3
16428,15.688406,8.667314,0
16429,15.322408,6.3816066,0
16430,11.666021,6.4700108,6
16431,-1.6416104,14.288249,4
16432,0.7289176,6.5986304,8
16433,11.007379,3.92098,6
16434,-1.1995032,14.048473,4
16435,5.6551523,4.070114,3
16436,10.4042425,3.3054514,6
16437,-3.3898768,9.497056,7
16438,-0.86454433,13.760582,4
16439,15.707288,8.017781,0
16440,0.47661003,7.2779446,8
16441,-2.672364,-0.81305933,1
16442,3.2256076,6.2276464,5
16443,-1.4117017,14.438198,4
16444,1.4605722,6.86979,9
16445,0.65292233,6.0924273,8
16446,0.51999444,12.829587,5
16447,-3.2471337,-1.2588215,1
16448,-1.6560389,14.898012,4
16449,2.9272804,-1.0624216,2
16450,1.5967369,14.55169,4
16451,-1.0714517,11.514658,9
16452,10.232711,3.9715219,6
16453,7.0447226,5.407983,3
16454,-4.646082,11.186797,7
16455,-3.6999068,-0.52452046,1
16456,3.991883,-0.7354013,2
16457,1.0108863,6.0911913,8
16458,-1.7935648,-3.5035157,1
16459,-0.3944757,14.4564295,4
16460,14.552561,8.753385,0
16461,3.4914331,-0.98942393,2
16462,5.380279,5.3632445,3
16463,0.2993603,11.481416,9
16464,-1.8060464,14.542144,4
16465,0.25784007,6.2825165,8
16466,-0.005297986,14.181272,4
16467,0.39548525,6.9106483,8
16468,-1.4935405,-2.2624702,1
16469,10.9109,3.7163837,6
16470,1.3280507,12.469677,9
16471,4.706887,7.3273115,5
16472,-3.1109226,0.97481906,2
16473,2.5681899,-1.359019,2
16474,13.999865,7.1042204,0
16475,-3.572093,1.7963127,1
16476,0.84503233,12.15097,9
16477,-0.8163431,11.033095,9
16478,-4.19533,11.226089,7
16479,2.5643246,-1.2840917,2
16480,0.7178544,11.722969,9
16481,-1.1740065,10.800478,9
16482,2.9646258,-1.2817448,2
16483,-3.7348948,1.3448192,1
16484,15.213604,8.463129,0
16485,15.076033,6.9243255,0
16486,2.5068626,7.2877164,8
16487,4.9036903,6.910803,5
16488,11.033547,4.5612845,9
16489,6.373225,5.5495653,3
16490,4.8723817,6.468969,5
16491,5.7443624,5.457812,3
16492,5.6184654,5.27591,3
16493,10.409888,3.0540612,6
16494,5.1479163,7.743608,5
16495,-3.1140327,0.9411675,1
16496,-4.196584,8.597659,7
16497,3.1216676,-1.0007005,2
16498,14.485124,7.7552004,0
16499,5.3991156,7.3577933,5
16500,0.105417006,6.270252,8
16501,15.509279,6.065727,0
16502,5.670603,5.349999,3
16503,5.740498,4.5056314,3
16504,5.7135344,4.893159,3
16505,-4.6763887,11.138476,7
16506,10.236527,3.8454437,6
16507,11.053001,4.927769,6
16508,-1.6347712,-4.0346894,1
16509,-4.073176,-0.16212171,1
16510,5.8543525,4.730839,3
16511,5.3331695,6.949174,5
16512,6.5223484,5.1685023,3
16513,4.662249,6.746373,5
16514,-4.2442384,11.46489,7
16515,-1.3077081,10.893502,9
16516,15.306947,8.5329895,0
16517,-0.21721688,5.6172605,8
16518,15.433433,8.1636715,0
16519,15.385188,6.127794,0
16520,14.578648,7.061948,0
16521,-1.4818072,10.90194,9
16522,0.07546323,12.089659,9
16523,15.389913,8.058202,0
16524,-3.886734,10.720157,7
16525,-3.1211867,-1.7459885,1
16526,-1.6592003,14.806041,4
16527,2.406381,-0.6440291,2
16528,-4.914255,11.848236,7
16529,5.9232674,5.8751254,3
16530,5.3060718,6.57822,3
16531,-0.62263083,14.090663,4
16532,3.6762135,-0.19842125,2
16533,5.3864903,7.2308617,5
16534,10.554129,5.569898,6
16535,11.040341,5.6718225,6
16536,-2.3293538,-3.4199696,1
16537,-4.6142535,10.5423565,7
16538,11.658502,4.8977017,6
16539,0.092039004,6.745532,8
16540,14.680663,6.3408494,0
16541,0.2211682,11.679161,9
16542,0.45383176,13.465878,4
16543,15.623069,8.560469,0
16544,1.7156656,-0.692926,2
16545,-2.396699,-0.48977143,1
16546,-3.6803615,-0.87335646,1
16547,4.4520416,-1.4146808,2
16548,-4.986798,11.296114,7
16549,6.6891217,4.811656,3
16550,11.759234,5.2705207,6
16551,0.7584064,14.509515,4
16552,1.5529262,7.7001076,8
16553,4.6050286,7.2849197,5
16554,0.17294529,6.2910914,8
16555,11.374198,4.6277924,6
16556,5.865508,6.3800898,3
16557,-3.8462486,9.850449,7
16558,4.2087026,7.835905,5
16559,0.08176349,6.4995937,8
16560,3.5716116,7.226706,6
16561,-0.84453654,10.985222,9
16562,-0.59809136,-4.0226474,1
16563,15.509857,8.403412,0
16564,5.1651073,5.5553083,3
16565,-3.2343252,-0.4661869,1
16566,-0.56474054,14.067184,4
16567,2.463267,-0.76168865,2
16568,0.8896565,12.203348,9
16569,5.554728,6.201394,3
16570,0.14410798,12.268541,9
16571,0.70877206,14.757073,4
16572,11.73193,5.1203923,4
16573,4.4780803,7.2647333,5
16574,4.923868,7.4282107,5
16575,11.360723,5.5045342,6
16576,3.2392247,-1.508883,2
16577,-5.132534,11.810553,7
16578,-0.22359374,13.048839,4
16579,0.10902301,6.3618813,8
16580,-0.4653772,12.141984,9
16581,-1.8143198,11.245567,9
16582,3.0845418,6.4163713,5
16583,11.421881,4.4707284,6
16584,6.1422944,6.4552784,3
16585,15.066632,7.8674536,0
16586,4.0339646,6.608108,5
16587,6.710174,4.5342693,3
16588,0.7248655,12.026988,9
16589,0.19455218,14.299095,4
16590,11.259649,6.285017,6
16591,-3.0158896,-2.0574334,1
16592,3.0941255,6.6991296,5
16593,0.83621854,14.670236,4
16594,-3.9216106,10.709182,7
16595,14.585681,7.1758657,0
16596,-4.941896,9.782682,7
16597,0.26176,6.307144,8
16598,15.201318,8.238725,0
16599,11.285607,5.176306,6
16600,-0.49918672,12.739712,4
16601,-0.3588996,14.120618,4
16602,1.071997,11.986676,9
16603,4.9076257,6.914227,5
16604,11.069312,2.6861362,6
16605,0.7200412,14.679732,4
16606,15.0930395,6.204469,0
16607,14.808088,7.632086,0
16608,-1.2900957,-2.5024714,1
16609,-4.4756947,10.182439,7
16610,-2.8097389,-2.0164244,1
16611,0.028855765,6.875449,8
16612,0.6356273,14.935083,4
16613,-4.1825566,10.584345,7
16614,-1.4398105,-1.9897555,1
16615,-4.604143,10.975982,7
16616,10.962243,4.4113793,6
16617,-0.06849961,11.003447,9
16618,14.802205,8.242018,0
16619,14.770133,7.630063,0
16620,6.4935575,4.293464,3
16621,-0.39631662,11.797736,9
16622,-1.2598808,11.697945,9
16623,-4.3141637,11.433041,7
16624,-0.8365973,5.447774,8
16625,0.924592,14.5227165,4
16626,6.8123145,5.109849,3
16627,4.131786,-1.3617363,2
16628,-1.8320465,9.865817,9
16629,5.9009395,7.121487,5
16630,-3.3806229,11.295153,7
16631,1.0334142,6.1806393,8
16632,10.150096,3.119997,6
16633,4.61628,6.699654,5
16634,16.315157,7.248368,0
16635,-1.041169,11.431849,9
16636,-1.0352623,-3.7598546,1
16637,0.86605424,5.804922,8
16638,3.231474,-0.06448369,2
16639,0.19531249,6.03126,8
16640,14.387201,7.160728,0
16641,-3.2613435,9.342434,7
16642,15.032867,8.357842,0
16643,-2.8957167,-1.4041014,1
16644,-3.1106498,9.902976,7
16645,6.739419,5.1914496,3
16646,3.5251186,6.2281604,5
16647,4.853344,7.220913,5
16648,10.523544,2.557083,6
16649,6.687583,4.2995105,3
16650,4.5710063,-0.45727405,2
16651,-3.3397727,-1.2929186,1
16652,-1.8752851,13.652189,4
16653,11.35968,5.16407,6
16654,2.7350647,-1.3992271,2
16655,4.891304,7.391215,5
16656,-1.3499029,-2.511841,1
16657,6.4897447,4.460601,3
16658,-1.7696574,-2.9783661,8
16659,0.38048765,7.1809587,8
16660,-2.0899494,-3.507013,1
16661,-4.7248373,11.096517,7
16662,4.22139,-1.060964,2
16663,6.8840938,5.522676,3
16664,2.0447407,-0.1463591,2
16665,-2.24246,-1.3781217,1
16666,10.733015,4.697826,6
16667,11.552648,5.835868,6
16668,10.207436,3.4464765,6
16669,0.23239377,7.194171,8
16670,-3.3054037,-1.7669574,1
16671,5.273812,7.313052,5
16672,-4.5650735,12.325884,7
16673,1.2377402,12.314981,9
16674,-1.2295159,-2.5940697,1
16675,1.879191,-0.65966856,2
16676,1.9637264,7.820453,3
16677,2.0015044,-0.94147784,2
16678,4.2404437,6.728274,3
16679,14.680395,7.8492785,0
16680,0.44311753,13.352062,4
16681,1.3907033,12.030204,9
16682,4.8960953,7.115522,5
16683,2.5336702,-0.8251176,2
16684,10.297072,3.9392152,6
16685,-0.65582263,14.149816,4
16686,-3.0168123,-0.8094442,1
16687,-4.0774508,11.30272,7
16688,5.514976,4.318341,8
16689,6.5086083,5.1860676,3
16690,3.9671118,0.7676396,2
16691,-3.2355509,-1.4039192,1
16692,5.7611914,7.7393165,5
16693,6.7084675,4.664177,3
16694,-1.8545197,-3.8783917,1
16695,11.407368,6.139234,6
16696,-3.9667163,9.578749,7
16697,2.0535507,-0.25917754,2
16698,2.8924847,6.465158,5
16699,-2.8944194,-1.9187113,1
16700,-3.7983835,11.59246,7
16701,2.2479544,-0.49552265,2
16702,1.000652,11.637722,9
16703,11.024329,5.506246,6
16704,-0.0881453,10.839388,9
16705,14.730697,8.670565,0
16706,-1.6436176,11.337519,4
16707,2.1181526,-0.15331227,2
16708,6.9881806,5.926467,3
16709,2.057633,-0.89674145,2
16710,-3.188249,9.684309,7
16711,-4.5612187,10.154249,7
16712,-4.3580546,11.419446,7
16713,-3.375024,0.06761274,1
16714,-4.0673227,1.6516732,1
16715,5.8897266,5.383855,3
16716,15.49948,5.754696,2
16717,-3.3567877,9.052794,7
16718,-0.9485295,-4.364274,1
16719,-0.75222176,14.543866,4
16720,-0.73296314,-4.076166,1
16721,-4.498444,9.601504,7
16722,-2.1030366,-3.5181642,1
16723,-1.5850493,13.632864,4
16724,1.347883,7.1278214,8
16725,0.055692162,6.8290267,8
16726,10.0199585,3.5709457,6
16727,0.0098077385,11.278853,9
16728,11.41536,6.494982,6
16729,2.1321576,-1.0811464,2
16730,0.005492218,5.4496684,8
16731,0.2045245,11.207367,9
16732,5.796502,4.895476,3
16733,5.340767,7.167949,5
16734,1.6605248,12.699789,9
16735,-2.0124958,-1.1033157,1
16736,11.496296,4.328334,6
16737,5.2330313,6.9669113,5
16738,1.0599403,13.913988,4
16739,11.05501,5.430037,6
16740,-0.4336167,10.925407,9
16741,-0.17519961,6.0386333,8
16742,-1.2648091,-3.0680513,1
16743,6.6611667,4.5680394,3
16744,2.4363875,-0.096867934,2
16745,5.338244,6.941692,5
16746,10.904158,4.4855175,6
16747,11.589692,5.8909574,6
16748,4.4243474,7.1538773,3
16749,14.854319,8.789188,0
16750,1.302132,7.2853875,8
16751,1.3689325,11.972989,9
16752,0.54175556,7.108549,8
16753,0.15652175,11.078663,9
16754,3.7963438,-0.12545463,2
16755,10.973527,4.026104,3
16756,-1.5921029,9.890864,7
16757,-3.3788402,0.11659092,1
16758,14.908379,6.5170608,0
16759,-3.3589869,0.14243446,1
16760,4.203469,-1.8437159,2
16761,15.779017,7.251599,0
16762,-0.26591307,5.5767536,8
16763,6.0447664,5.058193,3
16764,6.0836596,6.3314266,3
16765,-1.7110661,15.338962,4
16766,11.201428,6.033022,6
16767,2.592975,4.453492,5
16768,9.833802,3.2512555,6
16769,11.111271,2.5729659,6
16770,-0.7836139,11.947489,9
16771,-3.7021449,8.062945,7
16772,3.3662744,-0.5544191,2
16773,-0.8771375,5.2301583,8
16774,7.0048804,4.714507,3
16775,-1.7583808,9.713159,9
16776,0.77820635,12.584487,9
16777,16.211893,7.6710505,0
16778,1.7261152,12.132252,9
16779,-4.1409345,2.4518678,1
16780,5.337652,7.6209455,5
16781,3.9122436,-0.6625632,2
16782,10.485052,4.005897,6
16783,6.117627,4.8561788,3
16784,5.2976227,7.8653607,5
16785,-0.86031425,5.2999396,8
16786,10.050384,4.1515994,6
16787,16.411325,7.3680587,0
16788,11.576605,3.4982545,6
16789,-4.1614566,2.5430374,1
16790,1.5586612,7.3661027,8
16791,4.6471386,-0.42930073,2
16792,10.5137005,4.666874,6
16793,6.015346,5.5373983,3
16794,3.607205,-1.8965082,2
16795,-3.7548394,8.017206,7
16796,11.631761,6.4907856,6
16797,-0.6652288,4.956209,8
16798,0.7626309,6.599944,8
16799,-2.5613093,8.682657,9
16800,-4.959247,11.6957855,7
16801,-1.3183131,10.392675,9
16802,1.5658456,14.639367,4
16803,15.786622,6.273936,0
16804,0.27143848,12.282584,9
16805,-3.986355,1.8459525,1
16806,-0.7520432,11.978895,9
16807,-2.1773689,15.030377,4
16808,2.122479,12.5630045,9
16809,-3.7085922,8.092446,7
16810,4.47429,-0.48559892,2
16811,6.9340377,5.096093,3
16812,1.7566017,-0.71243924,2
16813,4.5216045,-0.47908005,2
16814,-1.1403078,10.515762,9
16815,-1.7155545,9.491266,9
16816,0.894217,11.867263,9
16817,16.642633,6.908633,0
16818,0.88374424,14.402211,4
16819,2.5332334,4.6557407,5
16820,0.42866662,7.1218863,8
16821,10.777865,2.338891,6
16822,11.784761,5.6292105,6
16823,-3.6699734,8.102123,7
16824,1.00626,6.2185574,8
16825,6.00694,5.0938716,3
16826,2.4432795,6.9834065,8
16827,-1.5320511,10.246892,9
16828,0.07939891,6.029546,8
16829,-1.6014817,10.469666,9
16830,10.197803,2.7624264,6
16831,6.9368415,5.032715,3
16832,4.938465,6.194612,5
16833,-0.524502,5.1956215,8
16834,6.1377497,7.422214,5
16835,-3.9733837,1.8197981,1
16836,-4.6631546,11.415377,7
16837,3.7864094,0.02283698,2
16838,-3.879832,-0.3320055,1
16839,-0.16947037,10.799596,9
16840,-4.7195687,11.989705,7
16841,10.739428,2.5418458,6
16842,-4.708668,9.795955,7
16843,-3.6699286,8.205855,7
16844,4.2759767,7.8096695,5
16845,2.5861294,4.6538014,5
16846,0.46057773,11.830754,9
16847,10.586521,2.2764769,6
16848,-3.5480514,9.6179495,7
16849,6.2398896,5.7752805,3
16850,0.4997368,14.451621,4
16851,-1.8639475,15.034847,4
16852,-4.821656,10.960009,7
16853,-1.5933561,9.541658,9
16854,0.8289232,11.730013,9
16855,-4.319025,1.9758266,1
16856,1.6309494,14.54253,4
16857,4.487189,-0.90761465,2
16858,4.692943,-1.4595532,2
16859,-1.7819617,9.769017,9
16860,1.6801277,7.6647086,8
16861,6.5922256,4.4445415,3
16862,3.9287903,7.1785784,5
16863,-2.1604095,15.108662,4
16864,0.29280522,6.5118613,8
16865,-2.2225893,14.998585,4
16866,16.166277,8.7023,0
16867,7.1047707,5.8167877,3
16868,14.186858,7.147149,0
16869,-4.1006336,2.7026021,1
16870,1.5767959,7.3674507,8
16871,-4.547392,8.458731,7
16872,-3.8253353,0.8152139,1
16873,6.706507,4.7298493,3
16874,1.7389709,14.531384,4
16875,-1.953685,15.306264,4
16876,-1.7812712,-3.4809632,1
16877,-1.057486,9.655604,9
16878,1.2580931,12.06857,9
16879,11.541784,3.0423815,6
16880,0.41715586,6.193018,8
16881,-1.3752857,9.914026,9
16882,-3.96607,11.479892,7
16883,-0.7991084,5.2049966,8
16884,1.6733692,12.700541,9
16885,-4.2314134,1.8337848,1
16886,0.056311138,13.31377,4
16887,-4.151413,2.443791,1
16888,15.94699,8.833888,0
16889,11.348701,2.778791,6
16890,10.578251,4.4733872,6
16891,11.353995,3.2412498,6
16892,5.6642914,4.3861055,3
16893,-0.6515907,5.594009,8
16894,11.751131,6.162053,6
16895,4.238122,-0.18724042,2
16896,11.174791,4.948984,6
16897,-0.9406314,5.3952947,8
16898,11.082653,4.697267,6
16899,-2.2462554,15.1247,4
16900,5.951619,6.124742,3
16901,-0.8654578,5.6331725,8
16902,1.9634073,0.16383222,2
16903,16.441063,7.5054665,0
16904,-1.6026129,-2.1715794,1
16905,14.664102,7.6986294,0
16906,-2.9518423,-2.772281,1
16907,-1.9942458,-2.7046325,1
16908,5.1785393,7.7295437,5
16909,2.2350528,0.34560916,2
16910,4.1357746,6.727568,5
16911,6.0209575,5.40733,3
16912,0.5203139,12.859202,4
16913,-1.3464096,15.212877,4
16914,-2.3317118,-2.7987125,1
16915,-3.573568,10.860432,7
16916,3.2232468,-0.45029238,2
16917,0.119058125,6.868261,8
16918,0.068423875,12.717117,9
16919,-1.602471,10.700177,9
16920,0.42531535,7.3548594,8
16921,15.177079,8.566082,0
16922,6.4020786,6.696004,3
16923,-2.3529086,-0.6446156,1
16924,5.637253,5.394097,3
16925,1.7772686,-0.017023677,2
16926,2.7499616,4.8306427,5
16927,5.89002,5.7339945,3
16928,15.525253,7.7994013,0
16929,-1.0234566,14.642583,4
16930,-2.614503,-3.3071685,1
16931,2.5653424,4.794579,5
16932,-2.9442358,-2.7095404,1
16933,10.165213,3.320019,6
16934,1.7447182,12.410237,9
16935,-4.3076963,10.055761,7
16936,10.501054,3.1616125,6
16937,0.9694198,5.8856006,8
16938,-2.7903035,-2.0397751,1
16939,-4.1399736,10.609547,9
16940,6.187932,6.6189594,3
16941,14.258879,7.4126844,0
16942,0.46166292,13.916445,4
16943,-3.3476238,-0.6311855,1
16944,-3.5085864,-1.2601382,1
16945,5.879852,4.835181,3
16946,-1.2556689,-2.6516767,1
16947,-2.045909,14.313094,4
16948,1.7089795,-0.2840538,2
16949,-3.901172,9.4045925,7
16950,-3.0225234,-2.0561838,1
16951,0.069798045,7.654346,8
16952,1.6522616,-0.73301613,2
16953,-0.84160185,11.986992,9
16954,6.62642,6.3192444,3
16955,0.8280473,7.131199,8
16956,4.102298,6.4077444,5
16957,9.906776,3.7814882,6
16958,2.5887523,-1.1261653,2
16959,4.606057,6.4499373,5
16960,-2.0530457,-3.3929114,1
16961,14.29273,5.9101925,0
16962,-4.757512,11.382048,7
16963,10.328142,4.566434,6
16964,-1.7123749,9.243545,8
16965,-0.04843047,6.0761127,8
16966,-4.187382,8.67276,7
16967,-1.7109382,10.461992,9
16968,0.41386023,12.020797,9
16969,-4.3066626,1.3504249,4
16970,-3.514262,9.039241,7
16971,-4.05532,2.088714,1
16972,0.20590283,7.295093,8
16973,-1.5883397,9.751437,9
16974,1.3142772,7.5611854,8
16975,14.739517,6.854165,0
16976,10.942255,4.0280294,6
16977,-2.2490084,15.084574,4
16978,-3.152555,9.268723,7
16979,-0.32224143,6.800035,8
16980,5.7006536,7.6209617,5
16981,-1.3116282,10.814376,9
16982,-0.1201799,13.505514,4
16983,-4.1521163,2.5901823,1
16984,-4.146858,9.597234,7
16985,-2.159757,15.097254,4
16986,0.82936513,11.579328,7
16987,14.9772415,6.8807807,0
16988,-0.6252773,-3.8967474,1
16989,2.937577,0.46953154,2
16990,-4.116134,9.190496,7
16991,-2.6845858,-2.024572,1
16992,2.2715354,12.665951,9
16993,3.2022145,5.8677406,5
16994,1.6380064,7.3853273,8
16995,-1.992997,14.40763,4
16996,0.4365192,13.870444,4
16997,14.351776,5.7891526,0
16998,9.908513,3.1850657,6
16999,-3.3891206,10.167445,7
17000,6.9534154,6.195013,3
17001,9.95099,3.0302908,6
17002,-1.3535452,10.300532,9
17003,14.514472,6.293428,0
17004,11.492142,3.0934103,6
17005,-3.370175,1.1086279,1
17006,4.9443283,7.4159145,5
17007,-4.228093,8.751758,7
17008,11.478533,5.9853234,6
17009,14.715502,6.59092,0
17010,5.047771,5.8631473,3
17011,10.419869,2.2517965,6
17012,-1.9113704,-3.748096,1
17013,-0.43434408,5.145031,8
17014,11.616154,4.501281,6
17015,-1.3790096,15.2386,4
17016,4.8161416,7.0353804,5
17017,-4.380675,9.673617,7
17018,0.666351,13.925924,4
17019,-2.9605114,9.967958,9
17020,-0.80590415,13.675014,4
17021,0.09148093,5.530356,8
17022,-1.6342452,-2.6540709,1
17023,10.138287,3.500813,6
17024,4.20892,7.3476744,5
17025,14.399097,6.9989266,0
17026,5.4529963,4.779712,3
17027,-0.083451696,5.6928563,8
17028,-2.9097705,-2.3544006,1
17029,-3.2995484,-1.5692898,1
17030,-0.8266605,-3.2136817,1
17031,-4.370138,9.506754,7
17032,-2.3780308,-3.6372354,1
17033,-3.8028054,10.183388,7
17034,9.964466,2.852071,6
17035,-4.1734343,1.2547388,1
17036,0.67561615,6.785959,8
17037,6.452396,5.361709,3
17038,5.533587,5.7561054,3
17039,3.4149833,0.6509723,2
17040,6.506564,5.7867913,3
17041,5.109228,4.500765,3
17042,-3.5802338,-0.100275755,1
17043,-4.008632,2.6631548,1
17044,-3.2369561,10.112842,7
17045,-2.2296896,14.66311,4
17046,4.4610214,-1.6529369,2
17047,2.4989169,0.34706762,2
17048,14.544457,8.722105,0
17049,14.9384,6.7335153,0
17050,15.480886,7.305817,0
17051,15.699273,8.8367405,0
17052,1.9504578,-0.7223932,2
17053,-3.1835914,9.851125,7
17054,-4.4260974,11.564776,7
17055,1.3017187,6.4263015,8
17056,1.481371,6.890341,8
17057,-2.1082897,14.770281,4
17058,-2.9955263,-1.8457904,1
17059,9.956084,2.9997969,6
17060,1.5998466,6.7643695,8
17061,-1.4170129,11.201266,9
17062,5.9405017,6.2181273,3
17063,5.275246,4.845571,3
17064,15.202644,8.874475,0
17065,0.39067048,6.6130104,8
17066,10.009288,2.5488744,6
17067,-1.4402199,15.187342,4
17068,-3.7271125,10.212597,7
17069,-4.3654675,10.817386,7
17070,2.9379056,-0.8503478,2
17071,2.4884923,0.21925959,2
17072,-2.1874585,-3.75455,1
17073,3.2895608,6.2335916,5
17074,0.05056003,13.13852,4
17075,9.843723,3.4666667,6
17076,1.1518945,13.286697,4
17077,5.5324397,5.319613,3
17078,3.0176296,-1.149513,2
17079,9.908676,3.9772701,6
17080,3.1293776,0.013642932,2
17081,0.9982578,11.943654,9
17082,2.5178554,-1.0281262,3
17083,10.656069,2.94855,6
17084,1.394976,7.477488,8
17085,5.963584,5.4356217,3
17086,-4.5594807,11.868048,7
17087,2.0313058,-0.05116813,2
17088,6.247958,4.8850656,3
17089,2.218174,0.3534884,2
17090,-0.9488609,-4.3645053,1
17091,-3.6428955,-1.0851858,4
17092,0.25372928,11.369979,9
17093,10.228323,3.0900154,6
17094,4.628108,6.590421,5
17095,14.607241,6.971701,0
17096,0.55384237,7.334692,8
17097,3.367601,5.8186655,5
17098,11.935331,6.231752,6
17099,2.8747847,4.9930997,5
17100,6.623164,4.999017,3
17101,-3.7126582,-0.71232057,1
17102,1.2400645,14.151247,4
17103,5.931105,5.5984693,3
17104,5.6232686,5.3755016,3
17105,5.8878317,5.6237054,3
17106,14.539644,6.269202,0
17107,-0.57412493,12.129715,9
17108,14.93573,8.674504,0
17109,-3.5214753,8.852657,7
17110,2.4565291,-0.16065457,2
17111,0.41337365,5.557531,8
17112,4.957197,6.9435797,8
17113,-3.634421,8.466322,7
17114,-3.6605322,9.961169,7
17115,2.6958332,0.2613713,2
17116,6.8398104,5.4909425,3
17117,-3.6568434,9.95011,7
17118,3.1375616,6.6516414,5
17119,-1.5841838,11.188244,9
17120,11.840195,6.6588855,6
17121,0.4106188,5.9640737,8
17122,14.777652,8.835224,0
17123,1.8298469,-0.013884307,2
17124,14.215978,6.4722595,0
17125,-3.2941048,0.12971684,1
17126,11.302849,4.009261,6
17127,5.555233,4.5399675,3
17128,-0.26426694,6.706387,8
17129,-3.9927175,2.6628332,1
17130,-1.836425,-2.3153288,1
17131,5.938635,3.4326537,3
17132,2.3450673,4.6145105,5
17133,16.407598,8.146849,0
17134,14.870416,7.3749757,0
17135,-3.5511746,1.34651,1
17136,-3.6985874,10.9634,7
17137,4.7607613,-1.0595776,2
17138,4.372036,7.300613,5
17139,6.3315763,5.5515723,3
17140,-3.851437,10.159902,7
17141,-1.025439,15.236874,4
17142,-0.3102479,11.484498,9
17143,-5.322142,11.16707,7
17144,-4.5015187,9.455086,7
17145,0.26824176,5.751036,8
17146,6.2150264,4.890389,3
17147,-1.6753592,9.639224,9
17148,6.691787,5.8361297,3
17149,16.200413,8.177638,0
17150,10.623913,4.619185,6
17151,-3.2742577,1.3754718,1
17152,0.8049735,12.325878,9
17153,3.80802,0.018639153,2
17154,5.8293276,5.2064567,3
17155,5.9021306,5.4412856,3
17156,4.8987813,6.6164255,5
17157,-1.0229002,15.30128,4
17158,1.1851462,14.296297,4
17159,2.6512456,4.422085,5
17160,0.32220373,7.0144606,8
17161,11.830228,5.0728283,6
17162,1.0559912,6.8020096,8
17163,-4.7343793,8.969349,7
17164,11.386096,6.4563107,6
17165,0.080775835,5.5198555,8
17166,-0.36483687,11.093565,9
17167,-1.256478,9.778725,9
17168,10.999994,3.522045,6
17169,16.73589,7.9048643,0
17170,1.2083787,7.0829725,8
17171,-4.1930513,1.8697597,1
17172,4.3879647,7.266564,5
17173,4.3547964,-0.66497874,2
17174,11.348338,4.392271,6
17175,5.5936847,5.280023,3
17176,10.766388,3.7505853,6
17177,-5.0597196,9.210216,7
17178,1.9271829,7.1955657,8
17179,0.16325265,6.0753603,8
17180,-0.72151524,-3.6129634,1
17181,-1.5091611,9.81784,9
17182,-0.99489707,13.0692835,4
17183,-5.2206697,9.396895,7
17184,-1.2355057,-3.3744233,1
17185,-4.9273624,9.167545,7
17186,1.4372578,12.178336,9
17187,16.474197,8.315385,0
17188,3.8873658,0.70192724,2
17189,6.092258,4.5117908,3
17190,-1.8093871,-3.495519,9
17191,-3.5719113,1.5599037,1
17192,5.9163404,5.0708475,3
17193,-0.49249476,5.6557217,8
17194,0.25891766,5.555103,8
17195,-1.5403323,9.665238,9
17196,0.76860327,6.834215,8
17197,-0.47273186,5.335554,8
17198,-0.043176945,12.895182,4
17199,11.514447,3.0666642,6
17200,14.395215,7.8089957,0
17201,2.6528223,4.5145874,5
17202,4.376147,-1.8542327,2
17203,-1.1702774,15.4002,4
17204,11.19988,6.1868343,6
17205,-4.718233,8.496667,7
17206,-5.121069,11.662677,7
17207,5.8861604,3.7498224,3
17208,6.988247,4.4282985,3
17209,-3.8978317,2.4636078,1
17210,14.34878,5.820323,0
17211,-1.3334818,9.695198,9
17212,3.8116903,-1.4499791,2
17213,-4.150916,2.5631013,1
17214,14.368321,6.817238,0
17215,-1.4982504,15.366143,4
17216,3.0895164,-0.9491138,2
17217,2.6330585,4.635954,5
17218,0.7332993,14.207921,4
17219,2.963162,4.8201747,5
17220,-3.3060043,9.443261,2
17221,11.750091,4.142957,6
17222,-1.3292501,-2.996207,8
17223,16.286974,7.573267,0
17224,4.023927,6.8044186,5
17225,-3.8908372,1.7146499,1
17226,-1.1124464,11.793785,9
17227,5.9573894,4.749538,3
17228,-4.9031425,9.964579,7
17229,11.585265,3.7230797,6
17230,1.7009531,0.0067104013,2
17231,-1.4212421,15.276466,4
17232,-2.818166,-2.1651258,1
17233,-0.6593076,5.8731427,8
17234,-1.1225033,11.578529,9
17235,-0.7773414,9.734863,9
17236,14.564227,8.581828,0
17237,-0.84816206,5.217039,8
17238,0.8904685,14.275411,4
17239,2.434453,4.484158,5
17240,-3.4044597,-0.051827446,1
17241,4.2672772,-0.43954307,2
17242,6.085867,6.0550246,3
17243,-3.5882976,0.580345,1
17244,6.686404,4.111781,8
17245,15.2570505,5.8341484,0
17246,3.9430468,-1.3838147,2
17247,2.9813116,5.528688,5
17248,-4.8045826,9.118086,7
17249,11.298686,3.9123123,6
17250,0.31317905,14.909313,4
17251,11.662414,4.3276772,6
17252,11.515502,4.3606567,6
17253,5.8963704,4.7891183,3
17254,-1.2459291,-3.2316694,1
17255,5.924961,4.903727,3
17256,1.7427229,14.404761,4
17257,5.830342,3.6360002,3
17258,6.414035,4.901673,3
17259,-3.5033906,1.5082963,1
17260,-4.326212,1.6642619,1
17261,-5.0918684,9.352237,7
17262,-1.7303585,-3.464156,1
17263,4.097302,-0.3068113,2
17264,4.369096,6.8499136,5
17265,3.6083522,0.42592064,2
17266,2.5188742,-1.1503295,2
17267,-4.5499616,8.486296,7
17268,0.5139291,13.846474,4
17269,4.6489863,-0.7885057,2
17270,1.1365358,7.0006084,8
17271,5.6164947,5.4583893,3
17272,2.2192376,-0.4515172,2
17273,11.68532,4.7515,6
17274,6.5874267,5.0658884,3
17275,0.17580536,5.4201875,8
17276,0.14569803,13.405303,4
17277,2.7198899,4.564171,5
17278,-5.2135377,10.60318,7
17279,-4.205385,1.2006212,1
17280,5.936317,5.6852655,3
17281,-0.90265787,15.314976,4
17282,-3.9536543,10.917087,7
17283,-0.72582746,9.956259,9
17284,11.662633,6.264683,6
17285,15.507932,8.463215,0
17286,-1.1460446,-4.2794366,1
17287,11.783744,5.2277384,6
17288,5.328061,5.597054,3
17289,-0.20625103,6.2199454,8
17290,0.62366813,7.1984267,8
17291,0.1434826,5.574311,8
17292,4.787983,4.848751,3
17293,15.5670395,8.436717,0
17294,5.319399,7.759653,5
17295,6.771101,4.346715,3
17296,2.2488701,12.598001,9
17297,-1.2571199,9.919092,9
17298,4.5344105,6.904536,5
17299,-1.0485487,15.19049,4
17300,-0.3944743,12.9900055,4
17301,5.8977604,5.3682213,3
17302,0.51271135,5.9518933,8
17303,-5.1597285,10.1408,7
17304,15.531166,6.257103,0
17305,-3.8292515,1.8065646,1
17306,-4.622459,10.58276,7
17307,-4.8061566,9.345734,7
17308,5.699482,4.8799963,3
17309,10.889619,3.8528383,6
17310,0.7698581,11.88662,9
17311,0.05287947,10.825812,9
17312,4.4002542,7.456149,5
17313,-0.91478634,15.034062,4
17314,15.544084,8.617896,0
17315,4.258983,-0.77166015,2
17316,-4.0382776,10.715655,7
17317,-0.5870217,10.045067,9
17318,7.0789766,5.880529,3
17319,-1.209193,10.309991,9
17320,6.7299643,6.1665096,3
17321,-1.221594,15.358719,4
17322,14.570466,8.805974,0
17323,-0.82674223,9.876528,9
17324,6.301774,6.5477285,3
17325,-1.6240593,15.05986,4
17326,10.538804,3.977486,6
17327,15.689608,8.05101,0
17328,5.5467644,4.5495543,3
17329,-5.3914876,10.332467,7
17330,5.9147353,4.9588075,3
17331,-3.9608443,2.5166767,1
17332,11.622408,6.1086454,6
17333,5.9251604,4.8465586,3
17334,15.556133,5.7042923,0
17335,16.322462,8.217329,0
17336,2.1775508,-1.038666,2
17337,-3.5097086,1.7724792,1
17338,3.585119,6.9919806,5
17339,3.8436236,-0.22253466,2
17340,-4.2748365,11.164213,7
17341,5.6488853,4.0790877,3
17342,1.4168568,12.140043,9
17343,-4.4389277,8.470634,7
17344,10.657192,4.4095697,6
17345,-0.5847163,5.6666727,8
17346,2.1154947,12.635636,9
17347,-2.009251,10.102988,9
17348,1.5208172,6.8205466,8
17349,16.24384,7.9261637,0
17350,-4.2549453,11.9521265,7
17351,-4.1692033,0.95039403,1
17352,5.82078,5.667963,3
17353,3.8091023,-0.2717377,2
17354,5.666975,4.989593,3
17355,5.889569,4.401451,3
17356,-4.291283,9.604306,7
17357,-1.9309994,14.234653,4
17358,1.0325388,7.0974455,8
17359,-4.4670405,8.717314,7
17360,14.606069,6.892053,0
17361,-0.6879953,5.4789395,8
17362,0.29631996,7.230842,8
17363,-1.639885,10.349516,9
17364,0.89499205,7.1317472,8
17365,16.234993,7.3242974,0
17366,4.524129,6.5588007,5
17367,-4.269623,1.8288575,1
17368,-4.0703745,9.724451,7
17369,4.6404076,-0.6481115,2
17370,-3.941005,8.775203,7
17371,5.881788,3.5007179,3
17372,3.6917896,-0.0035126465,2
17373,-4.6876297,8.551423,7
17374,4.194296,-1.6639965,2
17375,-0.7432511,5.5525694,8
17376,14.762133,7.2914495,0
17377,-2.2242594,9.742415,9
17378,-0.91460145,-4.223851,1
17379,15.506599,5.808286,0
17380,-3.063231,10.833213,7
17381,16.769348,7.1838093,0
17382,11.551017,6.167411,6
17383,-4.3557396,8.475354,7
17384,-1.7796781,10.75464,9
17385,2.8896928,4.5914,5
17386,6.5865455,5.8903503,3
17387,2.9939892,5.181134,5
17388,-4.961024,9.927219,7
17389,5.579962,3.688871,3
17390,1.1008345,14.408536,4
17391,-4.1996927,8.562316,7
17392,14.4263735,7.1865044,0
17393,-0.89381266,5.1316237,8
17394,-2.1148164,-3.1361122,1
17395,11.1970625,2.831904,6
17396,11.018926,3.8790355,6
17397,11.565306,3.3846421,6
17398,-1.387167,10.622849,9
17399,-2.0319655,13.996576,4
17400,4.8495526,7.2664146,5
17401,15.525164,6.2070937,6
17402,-3.400131,-0.6197201,1
17403,6.0127597,3.7546678,3
17404,5.9661655,6.523191,3
17405,-0.8254348,5.717393,8
17406,-1.5858818,12.603155,4
17407,-0.58848727,5.60516,8
17408,11.022314,6.1223273,6
17409,5.1158285,4.216169,3
17410,1.6617588,11.9611225,9
17411,16.150204,8.119632,0
17412,0.42034596,13.976949,4
17413,-3.899503,1.571332,1
17414,4.7330537,7.7684245,5
17415,-1.8868653,13.802531,4
17416,10.374509,4.1166596,6
17417,-1.4578339,14.209551,4
17418,-4.2876997,1.272996,1
17419,-4.036168,8.367509,7
17420,-3.9731672,9.219593,7
17421,6.577847,4.4993415,3
17422,-1.8672085,-1.8231204,1
17423,-3.7455313,0.75804013,1
17424,-5.1643834,12.078392,7
17425,-3.9840477,0.745958,1
17426,11.201657,6.023735,6
17427,-1.7527877,10.44024,9
17428,1.6139201,14.556227,4
17429,-3.231656,0.31738624,1
17430,-3.5002673,-1.3624786,1
17431,4.318016,-0.6856429,2
17432,3.0718923,-1.8108288,2
17433,-3.8653576,0.5723389,1
17434,-3.8326404,9.48251,2
17435,5.7354507,3.685995,3
17436,4.326814,7.0978384,5
17437,-0.6829689,10.3916025,9
17438,-2.502337,-0.4133202,1
17439,4.3080254,-0.7550492,2
17440,-4.199874,12.020625,7
17441,-4.4244146,8.966585,7
17442,5.1954813,5.0705953,3
17443,-4.2593803,9.47759,7
17444,0.15576182,15.043861,4
17445,-0.5142931,10.589378,9
17446,4.430255,6.7187037,5
17447,-1.0748171,10.026133,9
17448,3.8538668,-0.96310514,2
17449,16.577206,7.4266095,0
17450,-0.8564426,12.975358,4
17451,-1.7004998,13.873114,4
17452,14.416652,8.170428,0
17453,2.6105552,4.92692,5
17454,15.285204,6.126773,0
17455,-0.73542166,10.421448,9
17456,1.0387269,7.152689,8
17457,-4.191856,1.572904,1
17458,15.586933,8.488367,0
17459,-3.8245003,1.5364302,1
17460,5.221437,4.9125404,3
17461,2.6720114,4.986881,5
17462,14.961125,8.739393,0
17463,-1.4256071,10.325309,9
17464,1.7248987,-0.21607581,2
17465,-4.030162,0.86673886,1
17466,15.913604,8.542612,0
17467,6.359343,3.7404752,3
17468,4.9188457,7.3002768,5
17469,-1.8751855,13.894262,4
17470,6.701529,5.8031597,3
17471,6.3312445,3.8223245,3
17472,-2.4427629,-1.3193437,1
17473,-3.3266945,-0.24298231,1
17474,-0.379638,13.721588,4
17475,-1.3361572,10.650428,9
17476,14.953779,8.272231,0
17477,-4.2695584,0.9744499,1
17478,-0.2696644,12.869898,4
17479,16.370983,7.3629527,0
17480,1.6215668,-0.43220925,2
17481,-4.204472,8.3557825,7
17482,2.1515725,-0.104254894,2
17483,-4.1688237,8.52086,7
17484,11.5829525,6.16497,6
17485,15.405531,8.398865,0
17486,-4.775053,12.383411,7
17487,-3.9206808,1.8631634,1
17488,-1.3445623,-3.093028,1
17489,4.731334,-0.58599544,2
17490,-4.303928,10.706402,7
17491,6.742679,4.4790673,3
17492,-0.16530421,12.997194,4
17493,-2.0167222,15.07869,4
17494,6.3909454,6.803211,5
17495,2.3987277,4.3168063,5
17496,6.6600623,4.905042,3
17497,-5.2436147,9.903388,7
17498,-0.88148695,14.407051,4
17499,-0.9533415,5.7091994,8
17500,3.6443508,-1.411968,2
17501,-0.591067,10.102701,9
17502,3.5158625,6.443127,5
17503,16.53569,8.066542,0
17504,4.6408663,6.86296,5
17505,-4.0414634,2.8158267,1
17506,0.7473296,6.4331203,8
17507,4.5905747,-0.43095878,2
17508,14.961453,6.4291897,0
17509,5.7884665,5.0644608,3
17510,11.614813,6.402568,6
17511,-1.4675915,15.360517,4
17512,0.2700413,5.4380794,8
17513,-5.312519,10.067418,7
17514,4.3955693,6.9389095,5
17515,-0.7330421,6.2131696,8
17516,3.5955532,-1.3168032,2
17517,-0.86976284,9.88438,9
17518,14.290039,5.937635,0
17519,16.176043,8.277385,0
17520,2.5244758,-1.0311608,2
17521,6.6203,4.4501133,3
17522,4.0424104,7.095756,5
17523,-2.1279216,15.053484,4
17524,11.397193,5.7614217,6
17525,-4.999965,8.934597,7
17526,6.66615,5.7721753,3
17527,-0.8944499,5.6719356,8
17528,9.927276,3.1826344,6
17529,-1.6006018,9.7567835,9
17530,1.3529388,7.3467417,8
17531,-0.64501584,10.377692,9
17532,-3.6805696,9.638187,7
17533,-4.862624,9.686028,7
17534,16.020817,8.705275,0
17535,16.381117,8.072356,0
17536,-0.895925,13.415356,4
17537,-0.34573358,10.651201,9
17538,-3.5783653,0.11032431,1
17539,16.13706,7.98565,0
17540,-0.8102891,-3.3561459,1
17541,-3.9865992,2.6209986,1
17542,11.771966,6.5837765,6
17543,2.6361437,4.407371,5
17544,5.052825,6.666999,5
17545,-0.8862301,5.861437,8
17546,10.546838,3.613045,6
17547,-0.8417708,5.7107673,8
17548,1.9844838,-0.28205553,2
17549,16.19549,7.987051,0
17550,-1.5429975,10.946197,9
17551,-5.237614,9.928966,9
17552,0.17723612,13.906829,4
17553,6.6023965,3.6510983,3
17554,-1.996529,-1.3028625,1
17555,4.6995583,-0.7794742,2
17556,10.467585,5.0586743,6
17557,-4.857716,8.6607065,7
17558,5.6863494,7.6995907,5
17559,-0.9081494,5.59608,8
17560,-0.68335617,-3.97556,1
17561,-2.0295968,15.115788,4
17562,1.122741,12.63444,9
17563,11.607887,3.5071816,6
17564,0.50916046,5.985585,8
17565,-2.1041827,14.910816,4
17566,3.3440294,-1.2834136,2
17567,3.2327757,4.5401263,5
17568,0.51549447,14.684486,4
17569,6.852794,4.6036234,3
17570,-1.5858382,10.734582,9
17571,-0.3017305,10.783039,9
17572,5.349681,7.112092,5
17573,-1.5806245,15.1636095,4
17574,1.2990429,7.141994,3
17575,5.817338,4.859522,3
17576,1.6916436,14.405616,4
17577,-1.827259,14.99874,4
17578,3.3339076,6.7571836,5
17579,4.014132,-0.21272393,2
17580,6.0987654,6.444132,3
17581,16.033327,8.363061,0
17582,6.262305,6.7255054,3
17583,3.2640297,4.8159347,5
17584,4.658049,7.27447,5
17585,15.929136,8.447956,0
17586,-1.7847879,-3.4363694,1
17587,-4.1134615,1.6076847,1
17588,7.0307937,5.7062645,3
17589,11.504101,3.2291527,6
17590,-0.6990057,14.423806,4
17591,-4.565019,9.477958,9
17592,-0.2871553,14.52085,4
17593,7.022819,4.7069545,3
17594,-2.2502863,-1.8002727,8
17595,4.571696,-1.5674227,2
17596,0.12734829,5.7368903,8
17597,-0.17935127,10.848016,9
17598,4.9222355,7.2614293,5
17599,-3.3922737,-0.6423033,1
17600,2.2979498,-0.16015688,2
17601,11.81874,4.40483,6
17602,1.2519077,7.4513497,8
17603,16.199953,7.729618,0
17604,-0.45332912,12.951025,4
17605,-4.101498,2.5260105,1
17606,14.449994,7.528267,0
17607,-4.0356255,2.6931949,1
17608,4.8179803,6.74839,5
17609,-0.89769477,5.747896,8
17610,4.672959,7.2159405,5
17611,16.53114,8.077018,0
17612,0.5094602,12.404427,9
17613,-1.821898,15.128163,4
17614,0.48793203,6.118152,8
17615,-4.6105256,8.568529,7
17616,10.557426,3.6513867,6
17617,-4.9670224,9.074996,7
17618,-1.5399673,-1.8194983,1
17619,11.629335,3.3410444,6
17620,14.288832,5.8405676,0
17621,6.8846993,4.729857,3
17622,1.2490671,11.969322,9
17623,11.624438,3.5137384,6
17624,5.548255,5.5906234,3
17625,16.421452,8.131533,0
17626,10.9054365,5.4209237,6
17627,-4.0979137,2.6748886,1
17628,0.15334415,5.59471,8
17629,7.045328,5.0184894,3
17630,-3.87662,11.517027,7
17631,4.3444614,6.9357843,5
17632,5.6931252,4.888874,3
17633,-1.6748997,15.020719,4
17634,6.9494104,6.152648,3
17635,4.853568,-1.0635593,2
17636,10.402274,3.934147,6
17637,-3.6838279,0.6649808,1
17638,-1.7970064,-1.5155462,1
17639,-4.223682,2.297464,1
17640,-0.63774866,13.726,4
17641,-0.5470752,5.9663043,8
17642,5.1795006,7.446609,5
17643,6.1639285,7.4294577,3
17644,1.0674633,12.404515,9
17645,3.2325628,4.6944947,5
17646,4.945634,4.7560315,3
17647,11.628198,3.4659483,6
17648,14.776432,6.4599366,0
17649,-5.0192285,8.966416,7
17650,-1.7800336,-4.0768533,1
17651,3.7672815,5.55211,5
17652,11.227131,6.175746,6
17653,3.4485939,-1.3167464,2
17654,0.8467557,7.728022,8
17655,16.047234,8.322054,0
17656,-0.02686357,11.382226,9
17657,11.800481,5.216948,6
17658,1.0404315,7.722005,8
17659,-4.7354584,10.056036,7
17660,2.963403,0.0020652195,2
17661,-4.0596023,2.693334,1
17662,-1.3810967,-3.5916693,1
17663,4.5070477,-0.10603959,2
17664,-2.7649667,-3.184562,1
17665,4.968425,7.2854915,5
17666,-4.7920456,10.637339,9
17667,-0.8566697,5.794152,8
17668,0.32184052,6.496454,8
17669,-4.009877,2.6246579,1
17670,10.321669,3.8356178,6
17671,-0.5757173,10.127256,9
17672,0.17234185,6.3540144,8
17673,5.965194,3.273352,3
17674,0.32377052,11.448154,9
17675,-0.8541553,5.793261,8
17676,6.9692974,4.840861,3
17677,4.823876,-1.0017318,2
17678,0.1275568,13.501067,4
17679,-0.94177437,5.661189,8
17680,4.128151,7.1673307,5
17681,-0.72516054,5.698072,8
17682,0.8591211,12.0204,9
17683,-5.054874,8.9842615,7
17684,2.033071,-1.0063167,2
17685,-4.144909,2.532723,1
17686,10.317154,4.8056445,6
17687,-4.4109664,8.52738,7
17688,1.2550086,6.2774324,8
17689,-1.5893669,9.678561,9
17690,0.43242827,14.679313,4
17691,4.770165,-0.7424138,2
17692,-0.833416,10.800097,9
17693,14.242968,6.594456,0
17694,-1.3196868,13.607257,4
17695,-0.9898295,-3.0811152,1
17696,-5.009521,10.46148,7
17697,1.4276581,-0.6333038,2
17698,5.377339,5.8263006,9
17699,6.621627,5.6944246,3
17700,2.1816022,7.6358943,8
17701,0.27203822,13.267529,4
17702,1.2636733,11.641719,9
17703,-3.4168224,10.782085,7
17704,-3.1648264,-0.08666723,1
17705,0.13734038,6.5346994,8
17706,-1.6367038,-2.7513669,1
17707,-0.6630719,11.867852,9
17708,1.2632084,12.260684,9
17709,14.190765,6.219188,0
17710,7.011372,5.8597,3
17711,-2.941415,-2.7567384,1
17712,5.773564,6.746778,3
17713,3.0285096,-1.1161535,2
17714,-4.152908,11.758082,7
17715,6.815707,6.303297,3
17716,3.4575045,6.662783,5
17717,-0.12904496,13.245351,4
17718,-4.269618,10.202101,7
17719,-3.6871285,10.870796,7
17720,-1.2045408,11.125736,9
17721,1.0868878,6.941566,8
17722,4.3378863,6.50114,5
17723,-0.60100776,11.927501,9
17724,-4.7182217,10.42186,7
17725,13.988196,6.8888216,0
17726,14.827252,7.4392366,0
17727,-1.9011602,-3.5989943,1
17728,11.708555,4.9357047,6
17729,2.1321275,-0.10633549,2
17730,0.12725131,14.291752,4
17731,6.875223,5.8657665,3
17732,5.2597985,7.314677,5
17733,-0.8987923,13.740058,4
17734,5.639615,5.77139,3
17735,-4.5245624,11.13562,7
17736,1.5183048,14.62832,4
17737,-0.14711018,12.085413,9
17738,14.044677,6.87919,0
17739,-3.4589505,-0.075711355,5
17740,-0.08287775,13.166354,4
17741,14.464241,5.7052355,0
17742,5.2236686,7.617315,5
17743,0.9183309,7.3504195,8
17744,-0.78952456,12.910431,4
17745,5.3120446,4.908835,3
17746,1.6868105,14.30781,4
17747,2.9007192,6.069807,5
17748,-3.3464777,-0.33236232,1
17749,-1.2838774,13.734906,4
17750,-1.051022,-3.972316,1
17751,0.09500404,6.8702674,8
17752,6.7690325,5.450182,3
17753,6.3808312,5.4451146,3
17754,6.78115,4.808111,3
17755,14.252111,5.952195,0
17756,2.5159085,0.22327837,8
17757,2.0853808,0.21961159,2
17758,-1.1377537,11.942263,9
17759,-2.74951,-3.0462172,1
17760,0.8102656,7.679633,8
17761,14.835267,5.9075866,0
17762,-5.3578415,11.402515,7
17763,-2.5629766,-1.2823869,2
17764,10.606125,4.0741487,6
17765,0.8946273,7.000884,8
17766,5.049385,4.667979,3
17767,0.059679955,14.895962,4
17768,0.3559593,6.356235,8
17769,-0.61109966,14.299786,4
17770,14.848888,7.4675503,0
17771,-3.860405,-0.3674098,1
17772,-3.7084486,-0.6007136,7
17773,10.375317,4.458469,6
17774,1.0885999,14.448443,4
17775,-2.1271033,-1.9124187,1
17776,-3.9814103,8.312513,7
17777,5.8738246,6.682912,3
17778,6.504407,4.900794,3
17779,14.078915,6.213684,0
17780,2.7370393,4.756455,5
17781,6.1370535,5.848402,3
17782,-1.5241687,-3.7850294,1
17783,10.780112,5.433026,6
17784,2.4990828,7.1328363,8
17785,-0.30887088,12.246503,9
17786,2.7221887,0.0728064,2
17787,6.64524,6.146702,3
17788,10.151401,3.5587573,6
17789,-3.9505687,11.260666,7
17790,6.3040414,4.9147887,3
17791,-0.068885975,13.4051075,4
17792,2.1468735,12.325641,9
17793,-0.015923914,11.827081,9
17794,3.7783334,6.7992887,5
17795,-3.495065,11.259532,7
17796,11.3778105,6.16931,6
17797,14.291409,7.199706,0
17798,-3.7278984,9.563583,7
17799,-0.66039413,12.100057,9
17800,-3.3900487,9.202031,7
17801,-0.6091581,13.541578,4
17802,-2.1881962,-3.112401,1
17803,0.8407251,7.1963105,8
17804,1.355368,6.2799916,8
17805,1.7953016,-0.6125019,2
17806,-0.7734383,-3.978799,1
17807,-4.6853476,11.574865,7
17808,5.9014792,4.871978,8
17809,-3.9588118,10.296806,7
17810,5.3630667,5.7294617,3
17811,3.4232655,6.5443234,5
17812,-2.6127,-1.7109638,1
17813,-4.6650147,11.23429,7
17814,10.9105,5.7045674,6
17815,-2.6798356,-3.2614777,1
17816,-3.408318,11.296599,7
17817,14.279147,6.4076014,9
17818,0.8034174,7.4494596,8
17819,3.5504665,6.6123986,5
17820,5.0247526,5.756496,3
17821,1.7363895,-0.29102612,2
17822,-0.39447775,12.751836,4
17823,-0.26735103,13.848926,4
17824,0.2470709,11.772967,9
17825,0.54523164,7.219103,8
17826,0.96615374,12.605881,9
17827,0.3414005,12.387784,9
17828,14.9318285,8.179741,0
17829,10.714086,5.028082,6
17830,-4.4191566,10.356875,7
17831,0.39123037,12.1940565,9
17832,6.82078,5.5346293,3
17833,-4.3867626,11.006281,7
17834,-3.2379417,-0.9102247,1
17835,10.920224,4.560082,6
17836,2.5819497,-1.1244673,2
17837,-0.6241137,13.482975,4
17838,15.255796,8.173269,0
17839,-1.2637175,-2.4104688,1
17840,3.6370935,-0.95559675,2
17841,2.195217,-0.3268568,2
17842,1.0194535,14.482727,4
17843,10.366964,5.025033,6
17844,-1.4397014,13.01905,4
17845,-1.4025707,-3.3435674,1
17846,-2.700812,-3.2436466,1
17847,-0.79023093,-3.4110146,1
17848,1.4588283,12.59083,9
17849,-5.422173,12.025675,7
17850,-0.09003603,14.442445,4
17851,1.9315362,-0.1864146,2
17852,11.718034,4.9403915,6
17853,5.589849,5.487728,3
17854,-2.7889578,-1.668559,1
17855,10.470572,5.071469,6
17856,-2.8327644,-3.0858307,1
17857,-0.04643344,13.2957735,4
17858,1.1261308,14.334361,9
17859,-1.8374846,11.131165,8
17860,-0.21175563,12.265076,9
17861,-0.538866,12.1440935,9
17862,0.06384836,13.539976,4
17863,10.812614,5.5126443,6
17864,5.7039638,6.592362,3
17865,-0.35396242,13.638894,4
17866,-5.036164,12.1754055,7
17867,10.447992,5.087097,6
17868,-0.22100037,13.689129,4
17869,2.9434898,6.3145194,5
17870,1.7609987,14.665393,4
17871,14.570939,5.988333,0
17872,-0.70459706,-4.145274,1
17873,1.6668271,-0.42857063,2
17874,11.432898,5.8675385,6
17875,-2.0032325,-3.5739372,1
17876,10.853792,5.805609,6
17877,14.045478,6.7768865,0
17878,1.0144391,6.091475,8
17879,2.844106,6.2506137,5
17880,1.7795459,-0.45523265,2
17881,14.366147,6.485303,0
17882,-3.6965685,9.971474,7
17883,-2.0533988,-3.6330879,1
17884,3.7126749,-1.0884064,2
17885,-2.299742,-3.6257408,1
17886,3.455466,7.077821,5
17887,-4.531283,11.036569,7
17888,-2.6853101,-1.7801492,1
17889,1.1399673,6.661235,8
17890,4.9880686,7.1108246,5
17891,-0.11359839,13.887075,4
17892,-3.662468,0.669951,2
17893,6.2120943,5.2720675,3
17894,5.2393465,7.6937165,8
17895,-3.1720092,8.854549,2
17896,-0.9778056,13.408636,4
17897,-4.985224,10.814173,7
17898,0.8419193,14.471349,4
17899,-1.1198939,11.815535,9
17900,-1.0591319,-4.382905,1
17901,6.6495886,4.448522,3
17902,0.120378636,12.170507,9
17903,-1.6551616,11.189565,9
17904,6.8574896,6.38375,3
17905,15.831461,6.6918664,0
17906,5.3910513,5.954706,3
17907,-4.146235,1.2542397,1
17908,5.574304,5.624203,3
17909,4.0366907,-0.9119525,2
17910,11.654735,5.448929,6
17911,6.5767465,4.186388,3
17912,2.2758281,-0.4366016,2
17913,-1.1274893,14.599874,4
17914,5.1920257,7.7711434,5
17915,4.2614503,7.3250055,5
17916,-0.5845838,12.37905,4
17917,-4.1398845,9.515109,7
17918,-4.3959556,11.858376,7
17919,-0.10555184,5.675578,8
17920,3.3833802,6.8129745,5
17921,-1.4127158,10.735403,9
17922,-0.012255169,14.70655,4
17923,15.893264,7.3737698,0
17924,0.18599646,5.4140463,8
17925,-4.2292724,1.0340862,1
17926,1.7125959,14.555735,4
17927,3.629893,-0.25220633,2
17928,-2.66291,-2.9015565,1
17929,6.414377,4.087385,3
17930,14.363766,7.160047,0
17931,-1.6727912,14.786218,4
17932,14.303304,7.5213313,0
17933,11.135832,2.6382272,6
17934,-0.61479574,13.281187,4
17935,-3.9613466,9.435884,7
17936,1.5320944,12.635207,9
17937,-0.29375565,6.9137444,8
17938,-2.6799812,-0.6459086,1
17939,-0.4174629,11.125711,9
17940,0.4267305,14.8520155,4
17941,16.112963,6.8308773,0
17942,-2.4393153,-2.8805234,1
17943,-3.9041553,1.9959369,1
17944,1.3434635,14.185383,4
17945,4.794049,-0.810648,2
17946,-4.9132824,10.287729,7
17947,5.838018,5.4012346,3
17948,5.807381,7.7689004,8
17949,-1.9406745,14.289419,4
17950,0.8236332,6.582485,8
17951,3.5874724,5.6202397,5
17952,0.7088461,6.7393827,8
17953,10.859351,2.3144734,6
17954,0.08283612,14.647913,4
17955,-3.963787,8.684578,7
17956,14.209287,7.0499907,0
17957,-0.71757305,5.690706,8
17958,1.5111692,7.8201857,9
17959,-1.5465225,10.399415,9
17960,-1.5979415,-2.6589167,1
17961,-5.0204153,10.825019,7
17962,-4.600311,10.046825,7
17963,-5.224001,10.826145,7
17964,-3.0588582,-0.9104713,1
17965,-4.1029973,1.1936266,1
17966,5.2880635,5.2038713,3
17967,6.6030755,4.0676527,3
17968,15.036328,6.349504,0
17969,-4.4097214,9.523405,7
17970,1.0983944,13.60522,4
17971,3.9290657,6.586104,5
17972,2.1384578,12.467081,9
17973,3.7031064,-1.0322661,2
17974,-4.9317913,11.809896,7
17975,-0.2527315,6.2728744,8
17976,-0.27855217,14.649286,4
17977,16.171452,6.8634567,0
17978,1.6392108,11.956952,9
17979,-3.477418,9.381221,7
17980,9.958387,3.0786352,6
17981,4.2434063,7.128813,5
17982,11.3904915,6.0418,6
17983,-1.0728207,11.3771925,9
17984,-1.8662069,-3.8681183,1
17985,10.890861,2.5901194,6
17986,-1.1265477,-3.4993975,1
17987,15.927906,6.134058,0
17988,6.6168094,5.0080514,3
17989,-1.4467245,10.014388,9
17990,0.86420494,5.774428,8
17991,-2.1155612,14.462859,4
17992,2.62789,-0.33362144,2
17993,5.661255,4.0464835,3
17994,0.21155997,11.272847,9
17995,4.535231,-0.7486906,2
17996,11.170267,4.306691,6
17997,6.422398,3.9438305,3
17998,11.308771,6.0555754,6
17999,-0.47436514,5.4058857,8
18000,-0.07661112,13.493905,4
18001,5.308388,4.0449,3
18002,-3.606522,10.228421,7
18003,16.579817,6.665795,2
18004,6.137158,5.6568165,3
18005,3.4237132,5.4098234,5
18006,-4.046523,8.402753,7
18007,4.860997,4.8857827,3
18008,-0.59906423,12.852776,4
18009,-1.0480616,10.0281515,9
18010,1.876646,-0.32821238,2
18011,-0.8772562,14.703015,4
18012,-0.65332645,5.997045,8
18013,-3.8268712,0.7016716,1
18014,-0.101732805,6.4422107,8
18015,-1.6855209,10.492581,9
18016,-3.456859,-1.1760132,1
18017,4.2772756,-0.9540939,2
18018,3.9913025,7.4912124,5
18019,-2.8217986,0.31450593,1
18020,-4.324462,11.029449,7
18021,-1.6200365,10.2737465,9
18022,15.544889,7.866299,0
18023,11.048489,3.3413565,6
18024,0.45227516,11.971007,9
18025,-4.263962,9.334423,7
18026,1.4848145,14.386086,4
18027,-1.6864136,9.955211,9
18028,14.922822,7.076625,0
18029,16.063963,6.046133,0
18030,6.704355,6.083186,3
18031,-2.1599877,14.352653,4
18032,10.42471,4.5060706,6
18033,10.996892,2.582735,6
18034,10.162244,3.4320571,6
18035,-3.6279705,1.4504895,1
18036,2.7847672,-0.28464788,2
18037,-3.3539586,8.6005945,7
18038,3.1652613,-1.6158973,2
18039,5.0552077,4.909635,3
18040,2.075878,-0.14709808,2
18041,-0.51421046,6.0883756,8
18042,14.115512,6.8413,0
18043,-2.093454,9.652187,9
18044,6.0985093,6.2663336,3
18045,10.920437,2.3864298,6
18046,-3.4834595,11.178064,7
18047,-0.6046008,5.263199,8
18048,-5.0879474,11.239924,7
18049,5.9502687,3.3230186,3
18050,-1.2820245,-4.142972,1
18051,-1.9892061,9.601805,9
18052,11.513586,6.0893965,6
18053,-3.1493573,1.0014697,1
18054,0.36857444,13.267189,4
18055,16.050068,6.3163114,0
18056,0.1452793,12.938148,4
18057,-2.0378084,9.671778,9
18058,11.594455,6.1520047,6
18059,6.298741,3.5964391,3
18060,1.6504792,12.240668,9
18061,6.298121,3.6525798,3
18062,0.5738046,14.818133,4
18063,11.017936,2.4461308,6
18064,14.806824,6.4136853,0
18065,4.518135,-0.8115705,2
18066,-4.5938663,8.67592,7
18067,3.8831992,6.226819,5
18068,10.916379,4.479173,6
18069,6.7766128,3.9944398,3
18070,-0.8808028,-4.201425,1
18071,-1.7924174,14.911987,4
18072,-1.9146073,-1.4437071,1
18073,14.315019,7.39188,0
18074,-3.1795018,-1.716793,1
18075,-3.0018792,-2.2348862,1
18076,9.877385,3.5969589,6
18077,1.9128371,-0.47954106,2
18078,-0.22709452,6.1546674,8
18079,6.258537,5.258895,3
18080,4.6565313,7.7252884,5
18081,0.9451732,13.929171,4
18082,-1.2038338,10.5339985,9
18083,3.817941,7.1517696,5
18084,4.8052955,-0.97053665,2
18085,10.065044,3.1858552,6
18086,-3.3677807,10.771633,7
18087,-4.1141367,11.190434,7
18088,-0.39582843,12.992333,4
18089,0.66290295,6.082736,8
18090,5.935819,7.2610173,5
18091,-1.4406965,11.497631,9
18092,-0.1118743,14.412981,4
18093,14.490852,7.503128,0
18094,10.283591,2.4683907,6
18095,-2.4085279,-2.436728,1
18096,11.218098,3.9489708,6
18097,1.9636917,-0.4214807,2
18098,-0.10124124,12.970824,4
18099,5.3326926,5.094869,3
18100,-4.7447777,12.069243,7
18101,0.37064052,14.052829,4
18102,14.749637,7.5549316,0
18103,3.737304,6.6490784,5
18104,0.7508821,5.7387342,8
18105,10.176071,3.199471,6
18106,1.3412373,12.633967,9
18107,-4.310384,10.26915,7
18108,6.445486,3.785601,3
18109,0.7476025,5.7064233,8
18110,2.2945056,-0.9269632,2
18111,-1.3482025,11.303417,9
18112,15.785417,6.7597213,0
18113,14.544828,7.5592375,0
18114,0.6301183,5.7972975,8
18115,-2.5894918,-2.1564384,1
18116,-2.2821176,-3.608051,1
18117,2.457106,-0.08394697,2
18118,0.87191236,11.795834,9
18119,5.8074155,5.3976912,3
18120,6.8186827,5.809558,3
18121,0.117392726,14.386233,4
18122,-4.6507244,10.51836,7
18123,4.254266,6.6786447,5
18124,14.859743,7.5418553,0
18125,11.154052,3.5928485,6
18126,0.02661705,5.3096457,8
18127,-5.39495,11.229136,7
18128,10.364283,4.2932134,6
18129,0.2046383,6.1111517,8
18130,11.145143,3.2108665,8
18131,-0.4401447,11.809312,9
18132,14.73878,6.564205,0
18133,-0.16312057,14.439984,4
18134,10.85865,5.4754105,6
18135,2.7827463,0.38415834,2
18136,-0.048672367,13.565103,4
18137,14.515728,6.252784,0
18138,-1.0290744,11.017073,9
18139,2.4313343,-0.22761223,2
18140,11.103737,5.295601,6
18141,3.6168404,6.821575,5
18142,-4.651979,11.006683,7
18143,-1.396813,11.58184,9
18144,11.225263,5.456823,6
18145,0.08579117,13.5428505,4
18146,-0.10043412,11.47557,9
18147,1.9829202,-0.45218658,2
18148,-3.7061942,0.7316643,1
18149,10.504442,3.7518814,6
18150,1.0371655,6.737348,8
18151,3.5513794,7.1769495,5
18152,-4.6669474,11.9147,7
18153,-0.66714525,11.944461,9
18154,10.200843,3.9564917,6
18155,5.287609,4.661524,3
18156,0.71633005,5.9043446,8
18157,3.4704623,6.628841,5
18158,2.945198,-1.2657044,2
18159,14.896058,6.4690228,0
18160,-4.321673,10.356792,7
18161,-4.858008,11.224166,7
18162,4.1081314,6.5374155,5
18163,-2.0770857,-1.0163001,1
18164,2.6430595,-0.07815049,2
18165,-1.8854423,-1.5487195,1
18166,5.2575793,5.3064237,9
18167,3.3027618,6.3026924,5
18168,10.116771,2.6433961,6
18169,5.8365054,4.7519217,3
18170,-5.052333,10.081316,7
18171,14.809376,6.327451,0
18172,3.4828303,5.9700327,5
18173,-4.8592076,10.475319,7
18174,-0.96748143,-4.1622806,1
18175,-0.4513118,12.037957,9
18176,-2.203806,-3.3110518,1
18177,10.384864,3.1449618,6
18178,14.854287,8.078359,0
18179,-3.2304277,-1.3262656,1
18180,-0.45737115,13.560121,4
18181,10.353846,3.5499775,6
18182,-2.2364464,-1.5155109,1
18183,-5.355173,11.407748,7
18184,0.86881036,13.802405,4
18185,0.26602733,14.896865,4
18186,4.694403,7.1922636,5
18187,-1.0872208,11.9660425,9
18188,-1.606201,-1.9352334,1
18189,3.5248492,6.3636594,5
18190,-0.3784927,12.854497,4
18191,-4.5350842,11.060866,7
18192,2.2976496,-0.9943508,2
18193,-1.0729078,11.831636,9
18194,10.658699,5.160714,6
18195,0.3961013,5.7357903,8
18196,-3.518123,1.7902197,1
18197,3.4288752,6.249872,5
18198,3.2187982,-1.6464096,2
18199,10.423365,2.8654673,6
18200,0.48580986,13.435916,4
18201,2.5381043,-0.16006176,2
18202,0.124899924,12.745573,4
18203,-0.4229298,14.452436,4
18204,-3.8088596,9.133513,7
18205,-0.52120066,6.2729197,8
18206,2.2139304,-0.025416333,2
18207,-2.3719265,-0.62038535,1
18208,15.476107,8.154258,0
18209,3.1116776,6.428537,5
18210,2.7181728,-1.2386812,2
18211,-0.15705368,11.917083,9
18212,14.794379,7.6021876,0
18213,2.2459862,-0.13393769,2
18214,1.558306,6.762307,8
18215,2.0791056,-0.63980335,2
18216,3.0401688,-1.0522777,2
18217,0.48538408,7.0828624,8
18218,6.819784,5.3447566,3
18219,14.379735,7.3170166,0
18220,10.009945,3.2599692,6
18221,10.149015,3.0951877,6
18222,14.247588,6.935067,0
18223,-0.20947137,13.665929,4
18224,2.470335,-1.0510278,2
18225,5.4868937,5.676953,3
18226,-1.7506597,-2.8623576,1
18227,4.865463,4.8297915,3
18228,2.1009164,12.65513,9
18229,-1.7668893,-1.5045213,1
18230,3.1033344,-1.3912977,2
18231,2.0029778,-0.30647537,2
18232,14.666955,8.679087,0
18233,0.8467723,14.203758,4
18234,4.8159084,6.6493363,5
18235,-2.620113,-2.1785796,1
18236,3.8910825,-1.237598,2
18237,3.3640082,6.488468,5
18238,10.81093,2.7203915,6
18239,0.86348593,6.1759768,8
18240,5.171747,5.077733,3
18241,-1.8648458,10.728728,9
18242,0.63554496,7.134762,8
18243,5.282803,4.2210946,3
18244,5.017332,5.6674294,3
18245,-0.40347508,14.343841,4
18246,0.024366995,13.287243,4
18247,10.891981,4.877225,0
18248,5.3605638,6.8040395,5
18249,6.35072,5.7066836,3
18250,10.248099,2.3445678,6
18251,-0.69484097,11.947297,9
18252,6.4878936,4.266038,3
18253,14.963107,6.9720683,0
18254,3.8006265,7.1648493,5
18255,1.8275213,-0.60150295,2
18256,-0.51352763,-4.2537055,1
18257,-5.3791895,11.36469,7
18258,-2.1906967,-2.7626383,1
18259,-2.902227,-2.1495686,1
18260,2.2484992,-1.0230303,2
18261,-2.1535385,-0.98048425,1
18262,10.601774,4.3851423,6
18263,14.565715,7.0327253,0
18264,2.5358965,0.29309577,2
18265,-4.0421047,10.290109,7
18266,-3.943128,0.36251983,1
18267,10.077983,2.8287036,6
18268,6.181375,6.665559,3
18269,-5.4363747,11.114756,7
18270,-1.3382602,-3.9757447,1
18271,10.232237,3.7810323,6
18272,0.12695014,6.4769406,8
18273,14.792998,8.057138,0
18274,5.7501473,5.12079,3
18275,10.20029,2.9744658,6
18276,2.873629,5.762968,5
18277,-1.2563913,10.860718,9
18278,15.49128,8.793947,0
18279,-0.28151494,14.422755,4
18280,6.0945945,5.5211678,3
18281,0.47786167,5.725006,8
18282,-1.3287889,-3.9689226,1
18283,-0.10978823,14.29352,4
18284,15.203535,8.410249,0
18285,5.4246507,5.4294424,3
18286,-3.3306499,-0.8695948,1
18287,5.4840803,4.99177,3
18288,0.9956503,6.0116143,8
18289,-4.8841925,11.079022,7
18290,3.2245424,-1.4303021,2
18291,1.0720971,6.435744,8
18292,10.655533,2.4922333,6
18293,-1.3870394,-2.615227,1
18294,0.37546897,13.193051,4
18295,14.827078,6.4878287,0
18296,0.00020650729,11.7865095,9
18297,-1.7067051,13.46276,4
18298,5.4000797,7.7328944,5
18299,5.2936063,5.341733,3
18300,3.3731754,-1.196652,2
18301,14.545403,7.553623,0
18302,10.784859,5.3540373,6
18303,10.506801,2.5651078,6
18304,-1.8365841,-1.6798482,1
18305,-0.14318337,6.1089406,8
18306,1.1186966,14.212062,4
18307,5.871153,4.8179474,3
18308,0.192694,13.285183,4
18309,-4.46939,9.152419,7
18310,1.1242857,7.2711697,8
18311,0.20177734,5.5842304,8
18312,10.532905,2.7932367,6
18313,3.4313543,6.400684,5
18314,-1.4805051,-3.6075096,1
18315,-5.366356,9.943319,7
18316,-2.8154047,-1.4985597,1
18317,0.17749415,5.3654127,8
18318,2.8336146,-1.001027,2
18319,14.839261,6.09439,0
18320,-3.9807415,9.945833,7
18321,-2.311755,-3.5627456,1
18322,-5.3578234,10.352694,7
18323,3.3074534,-1.4618819,2
18324,14.538337,8.508393,0
18325,6.1349225,5.4313345,3
18326,5.642298,7.2146716,5
18327,-1.5681471,13.497509,4
18328,10.588021,4.586713,6
18329,3.1430082,6.5527077,5
18330,10.161359,2.76363,6
18331,10.769017,4.243531,6
18332,-0.5822611,14.346963,4
18333,-4.144043,10.406079,7
18334,2.1319978,7.149184,8
18335,0.19080491,6.9613166,8
18336,10.280042,3.2712586,6
18337,15.316869,6.998036,0
18338,1.0848798,6.2683744,8
18339,-2.1315124,-1.6126469,1
18340,5.2992144,7.474083,5
18341,3.8634827,-1.357943,2
18342,3.1697361,6.290439,5
18343,6.1481447,4.594579,3
18344,10.830384,5.3218584,6
18345,-1.5323575,13.654026,4
18346,-3.6730254,10.603636,7
18347,3.395042,6.437584,5
18348,-0.15043703,10.68133,8
18349,11.277826,4.4393897,6
18350,-0.7183121,11.959914,9
18351,-4.374607,9.563881,7
18352,-3.1022174,-0.22203803,1
18353,0.47688496,6.5247464,8
18354,11.302872,5.2572393,6
18355,-0.13028398,11.178434,9
18356,3.1833224,0.29988563,2
18357,15.951287,6.449884,0
18358,-3.4627423,11.0398655,7
18359,-2.2413158,-0.75098133,1
18360,-2.1636562,-3.3223436,1
18361,3.4086351,-1.2808663,2
18362,0.38718486,14.953035,4
18363,5.902151,5.203132,3
18364,4.377086,6.9197097,5
18365,-1.6989439,13.632037,4
18366,4.8678737,6.428357,5
18367,-4.1498156,10.206159,7
18368,2.0813632,7.1269503,8
18369,1.1573812,6.1471066,8
18370,3.9250624,-1.654016,2
18371,14.737445,5.8938565,0
18372,-2.5125794,-3.4260976,1
18373,0.30055767,6.358532,8
18374,0.007748722,10.761831,9
18375,6.4554477,5.1800723,3
18376,10.768535,2.3766534,6
18377,-0.06970058,11.898461,9
18378,0.6237531,5.6194544,8
18379,2.9959116,5.768435,5
18380,6.5072093,5.600126,3
18381,10.686174,4.2486787,6
18382,-1.2984974,11.688954,9
18383,0.25937122,6.6345935,8
18384,-1.5785103,-3.2725244,1
18385,-1.3842552,13.668779,4
18386,4.196708,-1.7470311,2
18387,0.22710742,12.074922,9
18388,11.200611,6.0875287,6
18389,-2.479587,-2.7300894,1
18390,5.186252,5.8444147,3
18391,-4.1123276,9.984922,7
18392,-4.473696,11.644986,7
18393,-2.0874007,-1.0796114,1
18394,3.112735,-0.46297804,2
18395,3.434378,-1.2200902,2
18396,1.5368733,6.6748357,8
18397,6.538817,4.924537,3
18398,1.3410647,12.926002,4
18399,3.2806337,6.665407,5
18400,-0.7465252,-3.5699654,1
18401,-0.105283014,11.046972,9
18402,-5.167547,11.974879,7
18403,11.209675,2.7513857,6
18404,4.745554,6.1049643,5
18405,0.80497026,11.237162,9
18406,1.1839465,6.24088,8
18407,-1.7742499,-1.6189047,1
18408,-3.7738605,11.5514965,7
18409,-1.8163681,-1.6833855,1
18410,-3.5397182,10.252711,7
18411,-2.489245,-3.314146,1
18412,15.785913,8.226876,0
18413,3.2937531,-1.1858962,2
18414,1.3844783,6.8777704,8
18415,1.0247949,11.971288,9
18416,5.4255357,7.476822,5
18417,3.6893103,6.965789,5
18418,6.02653,7.319301,5
18419,-0.13786371,6.7367663,8
18420,-0.31443682,13.024211,4
18421,-1.96305,-1.5543561,1
18422,11.385252,3.9207745,6
18423,4.003025,-1.4192095,2
18424,14.677469,7.0124497,0
18425,15.546821,6.3423004,0
18426,5.298417,3.9592888,3
18427,-3.6331286,8.433179,7
18428,11.2089,6.0795107,6
18429,-4.1514316,10.294554,7
18430,10.440849,4.677546,6
18431,2.7477033,5.7284594,5
18432,11.279486,5.7044683,6
18433,1.1566752,6.6218405,8
18434,1.0348331,6.790794,8
18435,3.4774535,-1.2923083,2
18436,-0.050861996,13.015993,4
18437,0.0034075347,12.148213,9
18438,-0.3919557,13.472718,4
18439,-0.6029596,5.3891454,8
18440,10.38839,3.093131,5
18441,-0.24936837,11.033829,9
18442,-1.1070209,-2.6791208,1
18443,16.159582,6.799506,0
18444,-2.2773547,-3.2951214,1
18445,-1.5017071,13.181218,4
18446,4.1788697,7.369384,5
18447,10.835364,4.305439,6
18448,2.1120749,12.588794,9
18449,-3.5478597,9.364361,7
18450,0.9885084,7.332344,8
18451,-2.8447049,-2.9951477,1
18452,-3.4330184,-0.3938931,1
18453,6.600337,4.9760656,3
18454,2.4221363,-0.7983648,2
18455,-1.1254375,13.996596,4
18456,4.558951,7.08898,5
18457,3.3031054,6.639172,5
18458,1.1279582,12.184134,9
18459,10.186707,3.1376686,6
18460,1.4711939,-0.38965347,2
18461,15.638465,6.3182116,0
18462,14.309282,6.870109,0
18463,5.731771,4.8242126,3
18464,14.139458,7.423179,0
18465,10.749293,4.6399245,6
18466,2.1327133,7.625623,8
18467,1.1323825,6.427213,8
18468,-1.9635991,-2.1884124,1
18469,-3.6676831,9.867186,7
18470,2.476095,4.9823575,5
18471,15.681981,6.628564,0
18472,-3.3974178,9.3756895,7
18473,-1.7114922,13.320216,4
18474,-1.6149302,-3.5864234,1
18475,-0.47117996,11.812058,9
18476,4.889727,7.414424,5
18477,6.5274367,4.3934,3
18478,0.9282695,6.4144673,8
18479,-4.135108,10.370544,7
18480,1.9757392,-0.042775087,2
18481,3.2956202,6.6430335,5
18482,-1.3482584,-3.3933346,1
18483,-0.5343285,13.913029,4
18484,1.5302458,14.343611,4
18485,6.7608085,5.9721646,3
18486,14.7418995,8.779878,0
18487,-2.3883991,9.838725,4
18488,-1.0903422,-3.19002,1
18489,3.9821198,-1.3708826,2
18490,-0.35131508,12.936402,4
18491,1.4908422,6.834675,8
18492,-2.9408033,-1.9937153,1
18493,-1.8918707,-1.869132,1
18494,-4.82932,12.134988,7
18495,3.4077246,6.507864,5
18496,0.52577853,12.866281,4
18497,-2.1732972,-2.906778,1
18498,-3.467828,8.899979,7
18499,3.9560258,-1.5235035,2
18500,1.9210343,12.236184,9
18501,-2.4418757,8.994185,4
18502,-4.872454,12.26056,7
18503,6.971774,5.063216,3
18504,-0.029045802,14.722805,4
18505,15.478592,6.431507,0
18506,1.8197554,12.70216,9
18507,15.340562,7.462962,0
18508,10.349732,2.624318,5
18509,15.854112,7.421689,0
18510,-0.6161626,12.337533,9
18511,3.811899,6.885684,5
18512,1.2692804,14.636179,4
18513,-3.5524914,9.257834,7
18514,3.0317473,0.51625603,2
18515,15.647575,5.8049693,0
18516,-0.7210668,-3.9653096,1
18517,10.94421,3.178092,6
18518,4.661427,6.901792,5
18519,-1.7367207,13.736486,4
18520,10.268825,4.2276297,6
18521,0.70605654,6.8457866,8
18522,6.6666613,5.8984737,3
18523,-0.5785241,5.5929213,8
18524,-1.4177572,-2.8035402,1
18525,10.929804,2.6604779,6
18526,2.0084825,-0.22687517,2
18527,5.801769,5.330502,3
18528,6.2177334,6.36429,3
18529,-0.028282806,10.896369,9
18530,11.514665,5.914576,6
18531,-1.550636,9.81795,9
18532,-3.4301074,10.296209,7
18533,0.4040504,6.649678,8
18534,-4.274489,10.58359,7
18535,4.0451994,-1.3617516,2
18536,9.913727,3.052024,6
18537,-4.1134057,10.107835,7
18538,15.749516,8.843955,0
18539,-4.4257607,9.646145,7
18540,-2.5241435,-2.133249,1
18541,-3.4213798,-0.58434457,1
18542,5.6865373,5.3940005,3
18543,15.417843,8.849707,0
18544,4.1485324,-1.5076396,2
18545,-1.0518122,-3.6783469,1
18546,-1.506447,-2.1800537,1
18547,3.4410083,-1.8643763,2
18548,10.776035,2.8564484,6
18549,6.975537,5.385133,3
18550,4.1913576,7.130304,5
18551,1.6888243,14.570757,4
18552,-1.4402714,10.378815,9
18553,4.3926616,7.096183,5
18554,-0.805196,11.306076,9
18555,10.731922,5.4865108,6
18556,-4.8909097,10.642555,7
18557,-5.26291,12.180587,7
18558,-0.75475967,10.338942,9
18559,1.1429073,7.1701283,8
18560,1.0811625,13.4474,4
18561,1.078931,12.57932,9
18562,1.2187668,12.104925,9
18563,15.705572,8.317512,0
18564,14.6112175,8.05432,0
18565,-2.0753195,-3.3423212,1
18566,3.3251057,-0.90779716,2
18567,3.5876234,-1.8502792,2
18568,-3.984297,0.7641565,1
18569,6.8171244,5.376124,3
18570,-0.39788264,14.168095,4
18571,0.54437166,13.845118,4
18572,15.107748,8.871694,0
18573,5.371238,6.8887663,5
18574,1.6701801,7.2579346,8
18575,10.842691,5.409409,6
18576,10.338017,4.1288247,6
18577,0.2143585,7.0663414,8
18578,-0.5948059,13.851275,4
18579,-1.6028372,11.070018,9
18580,0.1499968,7.393709,8
18581,15.096556,8.504091,0
18582,0.9059773,13.581069,4
18583,-1.8642783,-1.4237497,1
18584,6.2072105,3.858297,3
18585,4.3727612,-1.8563849,2
18586,14.847723,8.792928,0
18587,6.8286324,4.7647996,3
18588,6.924588,5.6333737,3
18589,0.5328165,15.022927,4
18590,14.5786085,7.7827754,0
18591,3.4778728,5.8855376,5
18592,0.59097284,14.74916,4
18593,11.526446,4.5807395,6
18594,5.166297,6.6822815,5
18595,0.039110444,6.7340083,8
18596,0.91461796,14.2158785,4
18597,-5.249163,10.927731,7
18598,4.270549,-1.8213403,9
18599,15.625945,8.610572,0
18600,4.4902864,6.785356,5
18601,-0.8154642,14.709691,4
18602,1.044906,11.924924,9
18603,14.456225,7.9801497,0
18604,-0.8138595,14.6155205,4
18605,10.676548,3.9092038,6
18606,14.71149,8.335863,0
18607,0.64858013,14.803177,4
18608,10.520849,2.2811983,6
18609,-3.9218712,9.91531,7
18610,-0.71797246,12.146044,9
18611,11.1075325,4.0595164,6
18612,6.6908646,6.1615887,3
18613,4.2785716,-0.75715667,2
18614,0.7158699,6.653803,8
18615,7.0742307,5.2232027,3
18616,-3.4953024,10.992187,7
18617,0.80906034,14.482954,4
18618,-0.26734236,5.592663,8
18619,0.70696163,6.9272466,8
18620,3.229254,-1.1031466,2
18621,-4.9818892,10.762084,7
18622,2.9435787,-1.0788039,2
18623,0.39748996,6.7428217,8
18624,0.24550329,11.7658615,9
18625,11.696584,4.572549,6
18626,5.613242,5.541891,3
18627,5.3513517,4.792715,3
18628,2.140916,12.61004,9
18629,0.14042953,6.474759,8
18630,5.843197,4.5060606,3
18631,14.589631,7.825079,2
18632,3.6885114,-1.5603452,2
18633,4.1316843,-1.4924457,2
18634,2.1577156,-0.17183203,2
18635,0.74146163,5.9608936,8
18636,-0.22123167,13.636897,4
18637,0.4137542,15.065674,4
18638,-1.5531666,13.904046,4
18639,3.108197,5.044634,5
18640,-1.0137548,-4.2856436,1
18641,14.774573,7.995165,0
18642,0.030043086,6.5095305,8
18643,3.676881,-1.3633325,2
18644,-0.56857574,5.8829994,8
18645,15.691434,8.866598,0
18646,6.933091,4.7070327,3
18647,-1.4324417,-2.2250745,1
18648,-4.395788,9.668391,7
18649,-2.9059396,-1.1986973,1
18650,16.308432,6.489764,0
18651,4.4568934,-1.4970193,2
18652,10.68002,2.4788702,6
18653,-0.17476343,10.658689,9
18654,-0.10676236,13.561955,4
18655,11.153222,3.1183681,6
18656,-1.6622229,-3.1266737,1
18657,-0.03752717,6.0034504,8
18658,14.635945,7.089967,0
18659,-2.37901,-1.0551842,1
18660,0.71824056,7.1912274,8
18661,4.257174,-1.3811443,2
18662,3.6845033,-0.10507954,2
18663,-2.2115874,-1.1069922,1
18664,-2.319655,-3.3268824,1
18665,14.521809,7.976466,0
18666,-0.049627654,11.459677,9
18667,11.129671,5.368626,6
18668,1.8122516,12.543911,9
18669,0.91221,11.414701,9
18670,9.931844,3.7270014,6
18671,-5.2941165,12.06673,7
18672,10.24773,3.098347,6
18673,4.416118,6.5288086,5
18674,2.117375,7.595413,8
18675,6.745664,5.9109325,3
18676,2.8495352,6.151188,5
18677,1.1471095,12.087867,9
18678,10.421242,4.238833,6
18679,6.680115,5.849626,3
18680,1.6634743,12.13661,9
18681,-5.1896954,12.056136,7
18682,-3.644044,11.099231,7
18683,-2.4354846,-2.573459,1
18684,2.8607898,-0.9653298,2
18685,0.38947177,6.998627,8
18686,-0.9887322,12.363946,4
18687,6.721475,5.9225225,3
18688,1.88844,12.896144,9
18689,0.9429096,6.300031,8
18690,-0.010114428,6.784535,8
18691,-4.424412,10.213668,7
18692,-0.54775125,-4.025374,1
18693,3.9246728,-1.1431605,2
18694,1.1145116,12.256355,9
18695,-2.7256057,-0.14013915,1
18696,3.6918614,6.5676475,5
18697,-0.09037139,10.917013,9
18698,-1.5660257,10.885652,9
18699,3.209822,5.7638936,5
18700,-2.0221696,9.764205,9
18701,3.7249522,5.224431,5
18702,11.230874,4.477739,6
18703,14.792157,8.734225,0
18704,9.96776,2.4666483,6
18705,-1.4197098,-2.8587368,1
18706,-4.1785154,10.532916,7
18707,-1.2071537,-3.8062737,1
18708,-0.25207168,13.910322,4
18709,1.1720068,12.13899,9
18710,1.6770699,6.894523,8
18711,0.61220723,7.0130086,8
18712,14.407818,5.9405174,0
18713,4.5063987,-1.7859881,2
18714,0.62010354,7.3077703,8
18715,15.022394,8.108926,0
18716,11.602031,6.484465,6
18717,-0.446833,14.752154,4
18718,14.598608,8.716656,0
18719,2.851903,5.4180717,5
18720,-0.919513,12.701239,7
18721,10.979775,2.9918354,6
18722,1.7883667,12.575242,9
18723,2.8571467,5.5420413,5
18724,0.75471646,13.766677,4
18725,15.039335,8.766612,0
18726,1.7636046,14.60264,4
18727,6.768175,4.9185452,3
18728,-1.9582177,10.556609,9
18729,-4.5153913,11.340223,7
18730,-0.016541649,13.88053,4
18731,0.17891602,11.281313,9
18732,9.908448,3.0559397,6
18733,0.120948225,11.848121,9
18734,-5.166693,11.000483,7
18735,7.057762,4.827475,3
18736,-3.9682958,9.782152,7
18737,15.6608,8.8641,0
18738,-0.12697807,11.178309,9
18739,6.6954455,6.838023,3
18740,2.2314103,7.6162295,8
18741,-2.4113646,-2.765633,1
18742,5.690702,5.3647695,3
18743,15.067227,7.513927,0
18744,0.91150355,11.997525,9
18745,-0.17588127,14.6686945,4
18746,0.46007666,12.185454,9
18747,0.07498017,11.303106,9
18748,3.1706102,-0.85458595,2
18749,3.6490421,5.4624314,5
18750,15.011714,7.7042403,0
18751,0.6503372,14.881707,4
18752,6.91945,5.9287605,3
18753,-4.773298,11.007629,7
18754,-5.0015874,12.192904,7
18755,-0.33073813,10.487833,9
18756,0.8326476,12.710217,9
18757,-4.1745,10.424195,7
18758,-3.113331,-0.34870255,1
18759,15.725911,8.247308,0
18760,-2.7271008,-1.6444745,1
18761,-2.7613127,-1.8770698,1
18762,2.2640526,7.115864,8
18763,2.1931212,-0.46725208,2
18764,2.7348084,-1.3294903,2
18765,5.538673,5.578682,3
18766,6.264583,4.895498,3
18767,-0.16424505,14.062785,4
18768,-1.1446601,-2.7100081,1
18769,3.2955744,5.424823,5
18770,5.4602103,5.479679,3
18771,11.293561,3.5941513,6
18772,11.665016,6.402835,6
18773,-4.0905704,10.1265745,7
18774,0.33703092,6.081647,8
18775,-0.22075453,6.571974,8
18776,3.176476,-1.7163317,2
18777,-1.6819558,10.946163,9
18778,3.896936,6.6144075,5
18779,15.403526,8.179249,0
18780,4.532278,-1.6717039,2
18781,-3.5729845,-1.1360017,1
18782,3.4485319,6.0617094,5
18783,2.601454,-0.15228038,2
18784,-3.9355671,9.497265,7
18785,5.6279936,4.8308883,3
18786,1.0240674,12.180362,9
18787,-1.5552082,13.952404,4
18788,11.294291,5.9350557,6
18789,3.34355,5.3891172,5
18790,-3.0638885,-2.4592934,1
18791,11.615398,3.7283325,6
18792,-1.2002915,-4.1140633,1
18793,-4.352608,9.613815,7
18794,14.549445,6.0934935,0
18795,0.118609406,6.025303,8
18796,5.994511,5.308741,3
18797,-1.2210873,10.577715,9
18798,0.527483,6.5065475,8
18799,16.227587,7.403153,0
18800,-2.4215562,-3.3144104,1
18801,-2.9575987,0.7336004,1
18802,6.452112,5.6086473,3
18803,2.8843894,-0.34695297,2
18804,2.2231162,0.05908075,2
18805,5.780886,4.7521887,3
18806,-1.3203644,-4.2007465,1
18807,-1.8436257,14.888876,4
18808,3.6823423,6.3643155,5
18809,-3.8619852,9.242038,7
18810,-3.6926525,8.073098,7
18811,-0.22054952,5.9913545,8
18812,6.04276,6.257134,3
18813,-1.9489397,10.029066,9
18814,4.9800663,5.272482,3
18815,2.5503693,-0.43483034,2
18816,-2.1652713,-3.3595796,7
18817,1.9100896,-0.40033978,2
18818,-4.761261,12.027462,7
18819,-4.072232,8.874884,7
18820,1.9036739,12.262309,9
18821,11.600794,3.664865,6
18822,3.8330934,7.025533,5
18823,-1.1595259,14.710637,4
18824,-3.4745946,8.333542,7
18825,-4.573618,8.783925,7
18826,5.267735,5.631773,3
18827,5.8719625,4.464369,3
18828,0.9722936,12.268621,9
18829,2.6198592,4.9113226,5
18830,-0.6906686,-4.149287,1
18831,-1.9872665,15.036479,4
18832,14.155811,7.3193154,0
18833,-3.3732135,1.4339603,1
18834,-4.0885534,11.134224,7
18835,-0.4338979,6.2781124,8
18836,15.854136,6.721378,0
18837,16.118204,7.796888,0
18838,11.360687,6.0134034,6
18839,2.5667427,4.723318,5
18840,5.8735003,6.691813,3
18841,3.2619774,0.19567336,2
18842,1.6064045,12.324857,9
18843,-4.8688407,9.742125,7
18844,-3.4790761,9.996676,7
18845,3.4323585,0.6364505,2
18846,1.731754,14.493896,4
18847,5.4943705,4.1408286,3
18848,11.052527,3.8773072,6
18849,10.886565,2.512,6
18850,1.8981898,-0.52605444,2
18851,2.4022923,-0.44148234,2
18852,-2.6711535,-2.9017253,1
18853,-4.1450443,0.41089547,1
18854,1.517271,14.297854,4
18855,-3.592462,8.696294,7
18856,1.1278994,6.9608116,8
18857,-3.6250196,9.543545,7
18858,15.493379,6.0741253,0
18859,-0.1779553,10.718705,9
18860,-1.3379275,11.423276,9
18861,-0.8651804,10.945956,9
18862,6.1304064,4.9393744,3
18863,-4.118602,0.54249305,1
18864,3.3062835,-1.2082441,2
18865,3.0337205,0.06948117,2
18866,-0.14133006,14.188368,4
18867,-1.63631,14.319504,4
18868,15.989359,7.2501354,0
18869,11.627849,5.0813117,6
18870,-1.6281452,-3.5873547,1
18871,-3.9810367,8.815986,7
18872,1.5216664,12.410603,8
18873,-4.068896,8.61623,7
18874,-1.2222365,11.620298,9
18875,2.7964935,5.4403057,5
18876,-4.7881174,11.388403,7
18877,-1.096119,15.241983,4
18878,15.107227,8.838481,0
18879,2.8783646,5.0486455,5
18880,-3.2598076,-2.1302016,1
18881,16.515291,7.8657527,0
18882,5.552618,7.837436,5
18883,-0.32869297,10.699414,9
18884,0.55007905,5.8392105,8
18885,-0.98016524,10.51585,9
18886,-1.7891551,-3.8149464,1
18887,-0.19357407,5.8732038,8
18888,0.9799662,13.624089,4
18889,16.080801,8.140895,0
18890,0.11142581,6.6448627,8
18891,2.3960953,-0.42894715,2
18892,15.13121,7.7208357,0
18893,16.160751,7.2531066,0
18894,-3.824501,9.684264,7
18895,5.8469315,4.852545,3
18896,15.034393,8.607459,0
18897,3.1544974,5.741743,5
18898,-0.32737362,13.526972,4
18899,-4.0562477,2.0165668,1
18900,4.3194776,-0.66555065,2
18901,-0.5399272,5.5546193,8
18902,-0.1111932,5.42479,8
18903,11.123296,2.86647,6
18904,10.068458,3.4090176,6
18905,-0.57085234,14.856097,4
18906,-0.57288873,-4.2874017,1
18907,11.549745,3.567604,6
18908,12.059517,6.518563,6
18909,16.174522,7.7090025,0
18910,2.8729572,12.247546,7
18911,11.236244,3.1222363,6
18912,-2.1547885,-3.6971729,1
18913,-1.6085835,14.691092,4
18914,15.041515,7.7840714,0
18915,6.9235997,4.4821672,3
18916,0.35062787,12.117037,9
18917,-0.5620885,12.193693,9
18918,-2.364216,-0.54860914,1
18919,5.551718,5.132861,3
18920,5.637009,5.7507153,3
18921,15.476714,7.6653113,0
18922,1.9709098,-0.20021157,2
18923,14.95808,7.73993,0
18924,6.1075892,5.3363147,3
18925,3.0425057,6.2558393,5
18926,15.593354,8.04388,0
18927,2.344867,-0.51729536,2
18928,-0.31103575,12.267113,9
18929,2.4858902,5.0160785,5
18930,-1.5455519,-1.7407835,2
18931,0.054293495,6.5191364,8
18932,4.3000517,6.212118,5
18933,0.23001614,6.5421586,8
18934,2.9953344,5.4000044,5
18935,-0.9236839,10.934682,9
18936,14.764853,7.5992393,0
18937,-1.2629998,14.438201,4
18938,3.8679125,7.27499,5
18939,6.8246255,4.848643,3
18940,-2.8933642,0.694398,1
18941,-2.101346,14.484178,4
18942,-4.1494827,1.4881192,1
18943,2.7461712,-0.21989787,2
18944,0.9934585,11.970044,9
18945,-0.53126913,5.9189243,8
18946,3.904919,-1.0330294,2
18947,4.3915443,6.694901,5
18948,5.818481,5.4657416,3
18949,4.274388,6.230191,5
18950,-4.862445,11.693517,7
18951,-3.3845177,8.378815,7
18952,0.39153105,5.571976,8
18953,-3.9399269,1.5327193,1
18954,1.3005487,14.517823,4
18955,6.6630745,4.3898897,3
18956,10.6999855,4.8255057,6
18957,11.628072,4.2230206,6
18958,-2.6679537,-3.0463784,1
18959,-1.1009616,10.40977,9
18960,5.2290554,4.8195353,3
18961,-1.6372225,15.013835,4
18962,-3.922419,11.580098,7
18963,-4.2353635,1.2082845,1
18964,5.359439,5.1728177,3
18965,5.868868,4.2267537,3
18966,-4.7068753,11.285715,7
18967,-0.24967556,6.383643,8
18968,5.741651,7.6367345,5
18969,-4.2873993,8.31824,7
18970,14.436531,6.128615,0
18971,10.754648,3.2310724,6
18972,3.2134428,0.50982594,2
18973,-1.0821071,10.544889,9
18974,5.583748,4.870215,3
18975,6.043589,4.8722124,3
18976,-3.9951632,11.1763935,9
18977,5.6328654,5.064101,3
18978,3.3798864,-1.3608848,2
18979,-4.5029373,9.171049,7
18980,-1.444809,-3.979572,1
18981,-1.8519294,14.199295,4
18982,11.271916,5.5582843,6
18983,-4.198755,0.40104225,1
18984,5.459753,6.119112,9
18985,-1.6090689,9.791223,9
18986,5.6311016,4.050452,3
18987,-3.9753056,2.5379055,1
18988,0.20362489,13.923064,4
18989,16.690744,7.1019325,0
18990,-0.095038064,13.290189,4
18991,15.589817,6.727507,0
18992,6.8155203,5.508701,3
18993,-3.8842497,0.6678269,1
18994,1.181818,7.3858213,8
18995,4.1166706,-0.97388184,2
18996,0.50609154,12.095981,9
18997,5.599156,3.8959541,3
18998,3.29315,0.3754789,2
18999,-1.5626329,15.229865,4
19000,0.040209822,6.1486454,8
19001,3.83838,5.148393,5
19002,11.354373,6.1021137,6
19003,-4.4910593,8.519266,7
19004,15.606233,6.3403306,0
19005,-3.6859958,1.6484852,8
19006,14.580481,8.525389,0
19007,-2.2240067,9.212092,9
19008,14.53495,6.517504,0
19009,15.50715,5.9696145,0
19010,-3.8483937,-0.14565925,1
19011,-3.0854163,0.5883942,1
19012,16.200321,7.476867,0
19013,4.677877,-1.2997824,2
19014,5.557864,4.884905,3
19015,4.9515934,4.4013176,3
19016,5.154147,5.062491,3
19017,-1.6294873,15.134186,4
19018,-1.8225814,-1.7221667,1
19019,4.3408885,5.9305573,5
19020,3.7449558,7.037843,5
19021,10.77577,2.2995093,6
19022,4.4273043,7.4951696,5
19023,-3.631679,8.284166,7
19024,1.3740155,12.041473,9
19025,-0.38563913,5.4057207,8
19026,-0.011531646,13.449664,4
19027,16.132149,6.1893535,0
19028,2.0904665,-0.7150383,2
19029,-3.8957937,2.1559615,1
19030,1.0066837,12.527707,9
19031,4.816009,-1.1356713,2
19032,1.4024496,14.498628,4
19033,-1.8019037,15.353549,4
19034,-1.1058931,15.355049,4
19035,2.8816674,4.4720664,5
19036,-1.6496723,-3.156913,1
19037,10.79856,2.1999044,6
19038,14.037734,7.6343637,0
19039,-3.685433,8.191249,7
19040,11.211834,5.4807634,6
19041,-0.8147453,5.0913286,8
19042,2.1467576,12.307614,9
19043,-0.5919109,5.482184,8
19044,1.7636395,14.655325,4
19045,-2.0242927,9.530721,9
19046,1.0460246,6.810346,8
19047,-1.7423253,9.641158,9
19048,9.950276,3.145831,6
19049,15.772521,7.2709947,0
19050,-4.56592,10.221121,7
19051,-3.8781664,1.7328035,1
19052,0.55635214,6.8049474,8
19053,4.736667,-1.1246489,2
19054,-3.9426427,8.669869,7
19055,-1.9857835,14.887863,4
19056,4.7145944,7.090146,5
19057,-4.6341376,8.536505,7
19058,-4.0996785,2.5706544,1
19059,-1.9587619,15.029382,4
19060,15.254697,6.5096035,0
19061,15.904329,5.9523177,0
19062,10.400386,5.0470057,6
19063,6.520285,4.246858,3
19064,0.19682342,12.721043,4
19065,-0.6348403,5.145691,8
19066,10.89801,5.4496713,6
19067,-0.7163358,5.3324847,8
19068,-2.1256769,-1.0876508,1
19069,4.7538667,-1.1579893,2
19070,-2.4986346,-0.5060111,1
19071,-3.8902998,0.6232212,1
19072,14.645213,6.2633557,0
19073,-4.768492,8.929023,7
19074,14.171106,7.8071856,0
19075,6.2858486,3.6036024,3
19076,-0.9496034,13.504122,4
19077,2.9649782,4.463547,5
19078,4.922211,7.4553423,5
19079,0.5884416,5.625102,8
19080,14.66203,6.4017034,0
19081,3.229026,4.7133946,5
19082,15.681524,7.9387884,0
19083,3.4347167,5.15248,5
19084,2.4189477,-0.9646356,2
19085,-1.5166394,9.804232,9
19086,-3.175315,9.603852,7
19087,4.6563206,-1.438453,2
19088,-0.81418586,13.180428,4
19089,6.7155986,4.5104003,5
19090,-1.4843696,-3.8987002,1
19091,-4.102809,2.5291195,1
19092,6.7277117,4.740819,3
19093,-4.171469,2.4363382,1
19094,-1.6454179,-3.0004845,1
19095,11.302737,3.0264409,6
19096,-1.8218756,-3.179772,1
19097,4.728554,-1.1659142,2
19098,2.022228,13.0325,9
19099,-4.029877,2.8180463,1
19100,-2.1809442,-3.1253533,1
19101,5.8860455,3.3660848,3
19102,-1.0417577,-4.408143,1
19103,-0.46815994,5.717005,8
19104,14.37675,6.263382,0
19105,10.84033,3.3667312,6
19106,4.7494955,6.7346325,5
19107,-1.2951043,15.272585,4
19108,5.2747974,7.399366,5
19109,-1.6753201,9.370013,9
19110,5.1927743,4.4205937,3
19111,-1.7888498,14.971679,4
19112,-1.2273042,11.079962,4
19113,-1.690514,9.587313,9
19114,5.9840198,4.5281105,3
19115,4.4611754,-0.9230382,2
19116,6.384608,4.6336675,3
19117,15.731722,7.1555405,0
19118,10.870967,4.299713,6
19119,15.405111,7.594027,0
19120,-0.15215103,10.910406,9
19121,-1.2781223,14.86861,4
19122,-3.2443092,-0.65071017,1
19123,-1.3869529,14.763611,4
19124,0.9654937,11.595385,8
19125,10.762775,2.7783551,6
19126,1.6849087,12.085036,9
19127,16.404135,7.1751647,0
19128,-0.015627727,6.2959304,8
19129,4.841849,-1.0797722,2
19130,4.409922,6.9333267,5
19131,-0.21309267,5.6382937,8
19132,2.280522,-0.96843994,2
19133,15.75214,6.594128,0
19134,10.689306,3.248108,6
19135,11.070866,3.528444,6
19136,-3.903973,1.4469504,1
19137,-0.082616396,5.411661,8
19138,0.49534652,13.041091,4
19139,-3.0827365,0.58635825,1
19140,1.8675308,12.422689,9
19141,-4.224964,9.056539,7
19142,10.449288,3.159939,6
19143,-0.5839001,10.349669,9
19144,-1.4588289,11.371593,9
19145,-3.5266154,1.4916418,1
19146,0.24608034,11.87546,9
19147,-1.3540224,10.04001,9
19148,-0.04090478,10.180198,8
19149,4.8502913,-1.229876,2
19150,-1.2950187,-4.2199388,1
19151,10.830242,3.4574647,6
19152,2.159067,-0.2920507,2
19153,-3.6931589,8.598417,7
19154,4.5246863,-1.4979442,2
19155,10.865605,3.2850509,6
19156,15.762515,8.257499,0
19157,10.797951,3.623453,6
19158,-0.5507607,-4.2373996,1
19159,9.844885,2.731173,8
19160,5.9837723,7.6211424,5
19161,-0.4852066,14.986813,4
19162,5.0880246,6.928685,5
19163,-2.0781314,10.029195,9
19164,-4.5623035,10.864813,7
19165,3.9759755,-1.4891132,2
19166,16.14072,8.6029825,0
19167,-3.4548445,0.6751566,1
19168,-1.9380298,-2.9118793,1
19169,6.676624,3.9490142,3
19170,5.9328475,7.476664,5
19171,15.90704,6.596305,0
19172,-3.1981058,10.481619,7
19173,2.8887057,4.5473504,5
19174,4.550732,7.404068,5
19175,4.550223,6.2871866,5
19176,-3.0258594,0.15365858,1
19177,-0.4458463,5.3174443,8
19178,1.9059573,12.731392,9
19179,15.577486,6.9858155,0
19180,14.391186,8.486475,0
19181,6.7743855,4.351994,3
19182,0.6115866,6.013683,8
19183,-4.5409226,8.545217,7
19184,-3.2997975,10.157356,7
19185,-1.3981628,9.525409,9
19186,3.826305,6.329639,5
19187,-4.808329,9.012588,7
19188,-1.5262544,-2.8580227,1
19189,14.9021225,6.285475,0
19190,2.2893474,12.7684355,9
19191,4.0112085,-0.83151937,2
19192,0.79850286,13.697128,4
19193,-3.7790635,8.512071,7
19194,0.9020663,7.706587,8
19195,6.957296,4.3170524,3
19196,9.998607,3.75766,6
19197,11.723685,4.726173,6
19198,1.044889,13.87526,4
19199,-3.5819974,8.435373,7
19200,6.818273,4.517782,3
19201,-0.28324082,5.7683578,8
19202,0.9781839,14.045048,4
19203,15.365931,6.228595,0
19204,1.5514605,7.3559937,8
19205,6.3325553,3.6052606,3
19206,10.155791,3.1012952,6
19207,2.7858613,4.5965476,5
19208,10.573619,5.255553,6
19209,15.5598,8.373624,0
19210,1.7567831,-0.5702022,2
19211,-2.3015609,-1.5041183,1
19212,-4.917644,11.012125,9
19213,3.42088,-1.0488249,2
19214,0.56639314,6.548298,8
19215,6.003576,4.639551,3
19216,15.666778,8.05479,0
19217,0.12831417,14.655248,4
19218,10.5421915,3.6709087,6
19219,3.1878545,5.1942177,5
19220,-0.58803135,12.086464,9
19221,-5.355099,10.83556,7
19222,6.5800004,4.0158076,3
19223,0.111634046,6.3596797,8
19224,1.309785,7.4863625,8
19225,15.89594,8.347431,0
19226,-3.3576453,9.455033,7
19227,-2.7943437,0.23241928,1
19228,10.502774,3.8457863,6
19229,3.9368486,-1.0847238,2
19230,5.9361615,6.4471,3
19231,5.806721,5.0714307,3
19232,3.6606772,-1.6338836,2
19233,-1.063094,14.577616,4
19234,5.784322,6.117767,3
19235,-5.099547,9.197771,7
19236,2.9142947,5.7720604,5
19237,0.45287025,6.5997443,8
19238,5.5682826,4.455268,3
19239,0.30484632,11.301717,9
19240,14.226549,6.774611,0
19241,15.95738,8.229047,0
19242,-0.10248221,6.299437,8
19243,-3.1742396,0.37348425,1
19244,4.8605494,6.6722307,9
19245,3.6553388,-0.94640136,2
19246,6.0435843,5.087148,3
19247,5.69908,4.295517,3
19248,2.6484487,-0.41004956,2
19249,-0.67853636,15.069622,4
19250,6.5862412,5.929928,3
19251,-5.0237713,9.157708,7
19252,-1.7533396,13.2272215,4
19253,-0.7821649,6.3117533,8
19254,0.74903697,12.229709,9
19255,-1.848968,10.603541,9
19256,-0.35615554,10.679329,9
19257,-4.739914,9.638217,7
19258,14.537045,6.011246,0
19259,-5.151377,9.87613,7
19260,-3.9768586,10.726478,7
19261,15.550889,8.153807,0
19262,-4.752363,11.281753,7
19263,5.9768076,4.8197985,3
19264,6.996566,5.035182,3
19265,-3.4424381,-0.7160762,1
19266,6.858486,4.7496843,3
19267,0.36188185,6.703459,8
19268,1.1809134,12.039809,9
19269,-0.5599923,10.898705,9
19270,-4.265928,8.8835335,7
19271,4.0052567,-0.5481462,2
19272,5.3590326,7.375753,6
19273,-2.7327285,-0.0484281,1
19274,10.401089,4.9681754,6
19275,0.13101369,6.3640223,8
19276,11.707332,6.5557423,6
19277,11.644239,4.549744,6
19278,-3.779649,-0.29769015,1
19279,2.5407603,4.3804336,5
19280,5.1514215,5.823008,3
19281,-0.34932062,15.150951,4
19282,-1.3598305,-2.3105822,1
19283,-4.9918065,9.328797,7
19284,-3.432429,11.418126,7
19285,6.937436,4.675978,3
19286,-0.8118508,12.88045,4
19287,-0.96531814,15.0861635,4
19288,4.5999765,6.9925904,5
19289,-2.7568119,-0.71710974,1
19290,10.113421,4.3420124,6
19291,-0.2489437,6.340695,8
19292,15.773763,8.170754,0
19293,11.565961,5.961185,6
19294,1.3449094,14.628674,4
19295,-0.046316236,10.82923,9
19296,3.2842414,-0.2683387,2
19297,-3.310542,0.0936893,1
19298,11.598758,6.565846,6
19299,-0.884245,14.642188,4
19300,1.0078287,11.397797,9
19301,2.5866315,4.4473705,5
19302,6.261323,6.662659,3
19303,15.108148,7.860136,0
19304,-0.9111219,-3.8940768,1
19305,-3.744345,0.75297475,1
19306,5.3399143,7.3334713,5
19307,5.81943,4.3877745,3
19308,14.90209,6.0724716,0
19309,11.734518,5.2406516,6
19310,-0.28843862,12.179158,9
19311,-1.0522361,14.646686,4
19312,-3.3403857,9.708372,7
19313,0.28930953,6.3994427,8
19314,3.0997589,-1.5844889,2
19315,-0.23247273,10.491526,9
19316,11.7665825,6.037553,6
19317,0.41690183,6.2780538,8
19318,4.8343167,7.372174,5
19319,2.3689077,4.441601,5
19320,0.30011982,12.313425,9
19321,3.9894834,-0.9755271,2
19322,0.4430971,12.66678,9
19323,-2.8352792,0.4644119,1
19324,1.8156748,-1.4142345,2
19325,16.155968,7.2303195,0
19326,6.0513263,4.4685817,3
19327,-5.068359,9.840173,7
19328,2.9599144,6.6549134,5
19329,11.759929,5.3733997,6
19330,10.280753,2.4746904,6
19331,11.636834,4.717964,6
19332,11.007717,4.0830283,6
19333,5.964539,5.3460274,3
19334,-3.9215617,9.289182,7
19335,5.857962,5.122053,3
19336,4.2202764,-1.2315274,2
19337,5.5472436,4.2921576,3
19338,5.096892,5.6392612,3
19339,-3.7702825,1.3720696,1
19340,0.061872046,13.113468,4
19341,-4.9786654,8.948517,7
19342,5.3318577,5.9132266,3
19343,4.673947,-0.72335416,2
19344,-5.2006865,9.987542,7
19345,3.63104,0.008112695,2
19346,-1.9317567,-3.395578,1
19347,6.727672,4.515086,3
19348,5.730904,6.2072353,3
19349,11.719031,5.5949845,6
19350,2.1796906,7.6338925,8
19351,0.528425,6.0250225,8
19352,-4.7600946,9.907789,7
19353,3.0592058,5.1929665,5
19354,2.8513618,5.6526866,5
19355,-2.8125348,0.37543106,1
19356,10.422161,3.4979775,6
19357,-0.2066442,14.814738,4
19358,0.50488484,6.906226,8
19359,-0.419579,11.115515,9
19360,10.700575,2.3229978,0
19361,15.35953,8.415593,0
19362,1.5390081,7.8547163,8
19363,11.545243,5.9078956,6
19364,4.1447797,7.151327,5
19365,-0.22883691,10.389603,8
19366,3.4403808,7.062785,5
19367,-0.13621946,6.9694695,8
19368,6.860952,6.2786503,3
19369,16.060337,8.784731,0
19370,-3.8604715,11.381774,7
19371,-0.08731704,6.668908,8
19372,-4.6748357,11.292613,7
19373,4.0369205,-1.2399795,2
19374,3.131218,6.581513,5
19375,-1.389432,15.015922,4
19376,14.401137,7.956217,0
19377,6.924579,4.715815,3
19378,0.8438206,13.782044,4
19379,-4.7056565,8.98054,7
19380,1.7257816,14.51005,4
19381,-3.1600015,1.2256078,1
19382,10.490676,3.2239883,6
19383,-4.8022494,8.642302,7
19384,11.358468,4.1362863,6
19385,11.689004,4.9151945,6
19386,5.554159,6.09778,3
19387,-0.042402934,10.948271,9
19388,-1.6463301,-3.501354,1
19389,-1.0661336,14.889276,4
19390,3.4220283,6.484478,5
19391,4.380499,-1.0714402,2
19392,1.0544213,6.0333424,8
19393,-0.9708592,10.734509,9
19394,-1.6314007,-3.7858267,1
19395,-0.5150144,10.487656,9
19396,2.8794062,5.864698,5
19397,4.4210706,-1.138848,2
19398,3.6648688,6.4448013,5
19399,15.728065,8.0830345,0
19400,-3.865299,1.597501,1
19401,0.15821381,14.989804,4
19402,1.6960212,-0.7653958,2
19403,-0.37648505,11.048295,9
19404,1.6399285,14.213044,4
19405,-0.96960604,14.53879,4
19406,0.17888303,15.026964,4
19407,15.898537,7.7884865,0
19408,10.165806,2.5554483,6
19409,-5.385797,10.959369,7
19410,-1.9553235,-1.9160428,1
19411,-2.9101398,0.5548721,1
19412,-0.11994536,12.37001,9
19413,5.929013,5.2537894,3
19414,0.13938966,13.036988,4
19415,4.104781,-1.1261044,2
19416,-3.8895473,9.203258,7
19417,-1.3572757,10.732816,9
19418,-1.7983339,14.384835,4
19419,15.499265,8.164607,0
19420,-2.1036286,-3.34668,1
19421,-2.2282526,-2.645332,1
19422,5.43944,7.719088,5
19423,3.7642226,-0.19570945,2
19424,-5.3623137,11.860101,7
19425,6.2962494,5.1914535,3
19426,9.858543,3.1823437,6
19427,-0.89986557,14.072182,4
19428,2.151401,12.25383,9
19429,3.752617,6.943818,5
19430,10.333057,4.7774296,5
19431,10.93847,5.001883,6
19432,3.2572794,-0.48084524,2
19433,-5.08176,10.6997795,7
19434,-3.5257387,11.355388,7
19435,0.23051268,5.582247,8
19436,3.3452725,5.680128,5
19437,0.16324769,11.532759,9
19438,5.856778,6.4124117,3
19439,16.161238,8.144011,0
19440,-1.286382,-4.0148926,1
19441,-2.5320399,-1.9611151,1
19442,6.194997,5.8843284,3
19443,3.7683973,-0.12312291,2
19444,2.8744502,-0.27183434,2
19445,6.7189345,4.3950267,3
19446,-2.8238297,-2.861672,1
19447,-0.21945675,14.68509,4
19448,-3.252635,10.524062,7
19449,3.32977,6.6105404,5
19450,1.5437268,-0.5256768,2
19451,11.511099,5.010334,6
19452,-0.5785538,-3.898768,1
19453,-5.3748875,10.10963,7
19454,14.550063,8.55861,0
19455,0.21077412,5.4399576,8
19456,4.6885757,7.5595546,5
19457,-0.5246263,10.529986,9
19458,-0.34589657,5.791715,8
19459,15.726459,8.697878,0
19460,1.6831125,7.3099184,8
19461,-2.9629312,0.7040174,1
19462,11.186176,4.497109,6
19463,4.1263056,-0.73765314,2
19464,10.886258,5.245184,6
19465,6.2053084,4.204883,3
19466,3.3025587,0.4582761,2
19467,-0.5020276,14.980049,4
19468,2.0111756,-0.36673588,2
19469,3.2728539,6.6009927,5
19470,0.74745035,7.4031444,8
19471,11.330643,4.8391914,6
19472,3.81122,7.380629,5
19473,-5.083288,9.667332,7
19474,5.734169,6.002095,3
19475,-0.57418114,5.6777925,8
19476,3.0717108,6.4301867,5
19477,-0.34321955,10.716597,9
19478,-0.3396901,13.544334,4
19479,-4.513409,10.771617,7
19480,14.926535,6.9639645,0
19481,11.244484,5.5686936,6
19482,-1.5721791,-3.8482015,1
19483,-0.49317437,13.740882,4
19484,-0.41359976,14.185522,4
19485,15.200381,6.2047067,0
19486,-0.60856575,-3.8148603,1
19487,3.758965,7.055063,5
19488,11.331775,5.6827474,6
19489,0.8872372,6.091795,8
19490,15.317095,7.05463,0
19491,15.304131,7.8901067,0
19492,14.921291,7.6872067,0
19493,-5.3678017,10.25023,7
19494,-1.187973,12.084046,9
19495,6.8938303,4.0842214,3
19496,10.598049,3.9281087,6
19497,3.324151,6.499402,5
19498,0.2532101,13.882805,4
19499,-1.2392976,14.309657,4
19500,6.0459337,5.8575196,3
19501,6.754804,4.3146057,3
19502,15.569852,6.7105803,2
19503,11.216628,5.082571,6
19504,14.331819,7.50828,0
19505,3.3606665,0.21018122,2
19506,3.6056452,7.006487,5
19507,-2.608963,-0.96976024,1
19508,2.936088,-1.3079178,2
19509,-4.837284,10.455406,7
19510,-3.339265,-1.6143017,1
19511,-4.549824,10.543192,7
19512,1.251628,12.429833,9
19513,-1.4835579,10.878832,9
19514,0.6796413,14.012123,4
19515,-0.37398678,11.438096,9
19516,-1.9437323,-3.838059,1
19517,-2.6406486,-1.7353051,1
19518,5.397337,5.7149806,3
19519,4.039219,-0.507877,2
19520,-0.26527545,14.341838,4
19521,-0.16673006,14.43418,4
19522,0.13768613,14.417673,4
19523,11.0882435,5.3920293,6
19524,4.783242,5.000878,2
19525,-5.3392434,10.720042,7
19526,-2.887906,-1.7901713,1
19527,-5.317454,9.579086,7
19528,-1.0864447,-3.589364,1
19529,3.6824975,6.6383767,5
19530,11.557472,6.0179043,6
19531,-1.6446557,15.090137,4
19532,11.458327,4.713079,6
19533,3.468274,6.5351353,5
19534,2.974772,12.201685,7
19535,15.861684,7.860958,0
19536,5.5228724,4.709215,3
19537,0.18018942,11.222303,9
19538,1.5471089,7.8163195,8
19539,0.7036203,11.616539,9
19540,-4.390795,8.60982,8
19541,-0.07881152,5.4509478,8
19542,14.939027,5.804549,0
19543,15.450562,6.220901,0
19544,-2.8132353,-2.0556955,1
19545,3.9139605,-0.6049484,2
19546,-0.124481075,11.332423,9
19547,15.960447,7.852502,0
19548,6.3719177,4.678009,3
19549,6.304713,4.1803446,3
19550,14.771772,6.3147807,0
19551,4.0136414,6.983608,5
19552,-2.9902623,-2.0894492,1
19553,10.814156,5.2664056,6
19554,14.869087,6.5735903,0
19555,-3.7770815,0.47233197,1
19556,1.9357144,-0.42951822,2
19557,0.21382044,5.375805,8
19558,1.2203356,11.576422,9
19559,11.477296,5.574799,6
19560,-2.3307254,9.997327,9
19561,-1.0304646,14.712647,4
19562,10.463754,4.6911845,6
19563,11.451047,4.5926743,6
19564,0.17094056,14.586689,4
19565,16.092403,7.6853724,0
19566,0.8042659,5.834388,8
19567,-0.276986,10.516824,9
19568,2.6186616,-1.1095968,2
19569,3.4952507,0.17638455,2
19570,0.56688166,7.184621,8
19571,11.291953,4.0934157,6
19572,-3.7920628,9.933467,7
19573,-1.6997553,14.653941,4
19574,-3.2003462,10.698756,7
19575,6.38408,3.8438177,3
19576,0.20424622,11.615761,9
19577,-0.25773072,10.893739,9
19578,4.8792377,7.390759,5
19579,6.0460215,4.311442,3
19580,-4.246774,11.457084,7
19581,15.335535,6.08074,0
19582,0.91511583,5.98241,8
19583,15.787475,7.2775817,0
19584,14.160639,7.2339106,0
19585,3.329259,6.580079,5
19586,5.596285,4.736937,9
19587,3.4239464,-0.51795405,2
19588,15.397922,6.6970544,0
19589,3.3373961,6.5779095,5
19590,9.888665,3.995894,5
19591,-0.22410268,5.501808,8
19592,-3.2154758,9.830411,7
19593,0.48142627,5.9417157,8
19594,14.577438,6.0385914,0
19595,0.7671986,5.8478765,8
19596,1.5041837,12.064585,9
19597,-1.9085047,10.535813,9
19598,-2.4875271,-2.1775708,1
19599,-0.72762984,14.58469,4
19600,1.5012102,7.4231033,8
19601,6.317717,3.8138494,3
19602,2.369419,-1.1902304,2
19603,-0.61948794,5.3194385,8
19604,14.515072,7.0787506,0
19605,-0.15549307,5.887147,8
19606,-3.130185,1.0030326,2
19607,3.12637,5.7852364,5
19608,0.3412787,13.912728,4
19609,4.296017,6.9501348,5
19610,6.000741,7.6065617,5
19611,-4.7099104,9.100878,7
19612,14.256776,7.569398,0
19613,-3.64808,0.31456205,1
19614,-1.4004487,-3.6374118,1
19615,6.3854666,4.2819347,3
19616,0.20699222,12.334771,9
19617,11.265842,4.8070774,6
19618,1.4319613,7.7738833,8
19619,-0.77386373,10.861148,9
19620,4.818261,4.9977536,3
19621,-0.49295542,14.957376,4
19622,-2.2256362,-3.3613055,1
19623,-3.7757416,0.5728739,1
19624,11.067576,3.2647724,6
19625,-4.967029,9.28127,7
19626,-1.5005864,-3.4820561,1
19627,11.466394,4.5623646,6
19628,15.466847,6.1535716,0
19629,-1.0678157,10.792768,9
19630,-2.0782,-3.0519943,1
19631,6.610886,3.9982932,3
19632,2.79595,-1.1791009,2
19633,6.1818566,3.8492184,3
19634,-0.9927173,15.120174,4
19635,-5.125246,9.579303,7
19636,-4.018612,9.794618,7
19637,-1.6556287,14.222494,4
19638,4.1849785,7.6823597,5
19639,-3.7224607,0.3940535,1
19640,-1.5580341,-3.9743176,1
19641,0.35239223,10.843239,9
19642,-3.360507,8.343189,7
19643,-3.9272242,1.3935152,1
19644,-1.5789472,11.222896,9
19645,15.750449,6.1452236,0
19646,14.927936,8.436732,0
19647,11.018054,3.1299717,6
19648,-3.413222,10.621867,7
19649,16.169851,8.0846615,0
19650,0.7661111,7.479989,8
19651,-1.9575461,-2.051262,1
19652,-2.3094993,-2.6266267,1
19653,2.0195725,-0.41306695,2
19654,3.259826,-1.35046,2
19655,5.684686,5.866178,3
19656,9.930214,3.9123733,6
19657,-0.43440524,14.183016,4
19658,-3.8229349,10.619038,7
19659,4.412987,7.253233,5
19660,6.7157764,5.73461,3
19661,11.264377,4.231937,6
19662,1.46757,7.4464765,8
19663,-4.970807,10.8084,7
19664,15.629106,8.118679,0
19665,1.5555489,7.08465,8
19666,-0.18916112,14.498567,4
19667,0.49008748,12.5295925,9
19668,-4.749149,10.866605,7
19669,15.849177,8.490086,0
19670,3.7167614,7.317851,5
19671,-3.2167346,1.0990279,1
19672,1.0079931,14.211108,4
19673,2.566313,-0.06361143,2
19674,-3.442589,-1.0638772,1
19675,5.9769397,6.158087,3
19676,5.321865,7.506096,5
19677,-1.0857882,14.554874,4
19678,11.220201,5.3878107,6
19679,4.3430433,7.0756783,5
19680,1.9025472,-0.49492073,2
19681,11.589086,4.9184146,6
19682,14.852577,6.49648,0
19683,-3.5231454,10.025468,7
19684,10.649784,4.697816,6
19685,1.0366827,7.349897,8
19686,14.145392,7.7448587,0
19687,-0.5937365,11.978191,9
19688,3.208705,-1.1340909,2
19689,15.657704,8.111815,0
19690,2.092659,12.36934,9
19691,-2.670243,-1.5514306,1
19692,0.07226261,7.107858,8
19693,2.0222754,-0.13506757,2
19694,3.4306648,-1.3576598,2
19695,5.818454,5.72847,3
19696,0.8016272,12.656441,9
19697,-1.0084795,14.523353,4
19698,10.902037,5.298858,6
19699,3.7508514,6.7851734,5
19700,0.71852005,13.935475,4
19701,11.755149,4.2651067,6
19702,5.0285788,7.9953947,5
19703,-3.9795387,9.687582,7
19704,-4.1905084,11.523398,7
19705,1.5003214,6.698261,8
19706,5.6078506,7.6455956,5
19707,-1.102931,11.160823,9
19708,6.8941765,5.877496,3
19709,15.771514,6.90697,0
19710,10.494204,4.9876738,6
19711,1.0299798,6.714369,8
19712,10.647795,3.7587287,6
19713,5.468187,5.200711,3
19714,15.391023,8.13295,0
19715,-0.21466199,11.991415,9
19716,-0.07784305,6.202753,8
19717,4.783512,7.7486086,5
19718,1.6496086,12.516935,9
19719,4.6820483,7.0596137,5
19720,1.1780909,7.6589694,8
19721,2.4636235,-0.062188666,2
19722,11.304969,5.2950425,6
19723,11.7395735,4.41895,6
19724,-2.602571,-3.4963558,1
19725,1.1278982,6.530147,8
19726,14.142839,6.8674393,0
19727,-0.42544943,14.4383955,4
19728,0.5244025,11.827024,9
19729,0.27346313,11.614065,9
19730,0.94001204,11.690768,9
19731,-2.4250207,-1.0583692,1
19732,16.385302,8.489703,0
19733,-4.043976,9.63638,7
19734,6.2815223,6.4437537,3
19735,-2.3931775,-1.2216488,1
19736,5.5456066,5.860764,3
19737,3.025221,-0.73579574,2
19738,14.195978,7.6931367,0
19739,6.8587933,5.272168,3
19740,-4.414398,10.2277355,7
19741,4.6241727,7.1910024,5
19742,-0.8478282,-4.167179,1
19743,1.2460072,12.233523,9
19744,14.682656,8.613955,0
19745,11.230204,4.953097,6
19746,5.666579,7.6040583,5
19747,-1.1606032,11.8231535,9
19748,1.768584,12.610397,9
19749,-1.649389,-3.1384416,1
19750,2.9412358,-1.762826,2
19751,-2.5140436,-1.9470223,1
19752,6.078968,7.4890485,5
19753,-1.3621649,-3.0180447,1
19754,10.302387,3.0336518,6
19755,3.4643269,-0.6173768,2
19756,0.795261,12.067559,8
19757,0.86208326,11.510145,9
19758,6.868994,4.7733345,3
19759,4.4486117,7.498627,5
19760,14.398802,7.593691,0
19761,11.54351,5.857906,6
19762,11.691709,4.6525097,6
19763,0.8342234,7.1064157,8
19764,2.3926315,-0.19360393,2
19765,-2.4448502,-0.49002773,1
19766,0.10858998,10.741332,9
19767,2.0376575,-0.34525758,2
19768,-3.0494764,-2.2155726,1
19769,15.559542,6.381074,0
19770,16.186869,8.66959,0
19771,-5.130693,11.491083,7
19772,14.771034,7.7752604,0
19773,-5.076422,10.164958,7
19774,14.302678,7.399584,0
19775,2.9882767,5.6123176,5
19776,-1.3905988,-3.7646534,1
19777,1.0225874,6.9321375,8
19778,1.7186152,12.755804,9
19779,3.8732538,-0.8785242,2
19780,-3.9395916,9.785077,7
19781,-1.043033,11.489998,9
19782,6.0704994,3.6855376,1
19783,0.024392406,6.4581857,8
19784,3.3961625,-1.6281208,2
19785,-0.71858585,10.900398,9
19786,15.334653,8.489119,0
19787,15.64569,7.617047,0
19788,10.818182,5.2722883,6
19789,-0.19264968,14.5919895,4
19790,0.9417959,7.0824976,8
19791,-4.4050975,11.224842,7
19792,1.250607,7.5944285,8
19793,5.4748626,5.8072257,3
19794,-0.47376624,14.585475,4
19795,-0.18821727,14.936045,4
19796,15.6424675,6.285773,0
19797,4.3385177,7.1504283,5
19798,15.674813,8.167282,0
19799,11.14576,3.857031,6
19800,-5.376706,10.765277,7
19801,16.047096,7.7844224,0
19802,2.3725505,-1.1471105,2
19803,5.5091724,5.0250454,3
19804,-2.6716607,-2.617287,1
19805,11.428097,3.5618136,6
19806,1.4761391,12.4262,9
19807,0.9253925,7.016513,8
19808,2.4965417,-1.3002902,2
19809,-4.8552246,10.852105,7
19810,-0.40594813,12.932729,4
19811,16.109491,7.551085,0
19812,-3.2954378,10.574321,7
19813,-1.3869803,14.283603,4
19814,5.4724994,6.2260427,9
19815,2.1073134,-0.472325,2
19816,-3.7717776,1.5776573,1
19817,-5.185917,9.916639,7
19818,15.591709,6.5911818,0
19819,-0.0394953,15.090336,4
19820,5.2572227,7.5698204,5
19821,6.1568565,4.582645,3
19822,14.680444,6.5837173,0
19823,-4.3116584,9.671476,7
19824,5.459695,6.2100224,9
19825,4.1350174,6.7465034,5
19826,0.97939986,7.2809687,8
19827,0.5602368,14.969754,4
19828,-0.17173763,13.438855,6
19829,5.283811,5.7663045,3
19830,-1.5355506,-3.8455954,1
19831,-1.207662,14.472348,4
19832,2.6339972,12.475958,9
19833,3.1461804,-0.4345545,2
19834,5.321877,4.5989747,3
19835,0.74491,7.008993,8
19836,6.7799306,6.490913,3
19837,-1.6021143,-3.358339,1
19838,-3.7239897,11.503813,7
19839,3.471231,6.439257,5
19840,-0.47975063,12.915254,4
19841,-2.2626245,-2.080912,1
19842,-5.440917,10.048701,7
19843,3.285468,0.40701318,2
19844,-5.1222296,12.120309,7
19845,15.34524,6.413652,0
19846,4.945337,7.1934,5
19847,2.7643542,0.31921837,2
19848,10.608365,3.2992723,6
19849,3.970248,6.8150067,5
19850,-2.713624,-2.8956356,1
19851,11.590276,5.4201026,6
19852,4.852264,7.1629486,5
19853,-1.200558,14.217259,4
19854,3.4651392,-1.2484303,2
19855,5.0196614,4.7212105,3
19856,15.121615,8.260794,0
19857,15.440721,7.331109,0
19858,4.514081,7.584514,5
19859,15.441137,7.310153,0
19860,-0.30802986,12.018627,9
19861,15.673446,8.091179,0
19862,5.0079637,7.6729846,5
19863,5.4713454,5.1787267,3
19864,0.003987733,6.463652,8
19865,5.401233,5.1360126,3
19866,13.936878,6.744818,3
19867,3.8833604,7.2941194,5
19868,2.8500001,6.73096,5
19869,-4.3941455,9.977601,7
19870,4.9614153,7.3621235,5
19871,15.470593,7.29443,0
19872,14.276989,7.82105,0
19873,11.153241,4.4557915,6
19874,3.7248445,6.754714,5
19875,-0.22002625,14.532701,4
19876,3.8412158,-0.8980166,2
19877,0.57263315,6.4639726,8
19878,5.1398325,4.3556542,3
19879,1.1917816,6.807751,8
19880,-3.3989556,-0.80042994,1
19881,11.492763,4.384937,6
19882,-0.6187097,14.644891,4
19883,5.178119,4.657839,3
19884,-1.6502869,-3.6906426,1
19885,-1.7728372,10.478796,9
19886,14.764037,5.76657,2
19887,-0.80397755,11.777165,9
19888,6.300076,7.4109116,5
19889,0.73584473,6.629249,8
19890,3.6360788,-1.3809613,2
19891,3.8735778,-1.2872236,2
19892,4.8046575,6.592858,5
19893,-5.214429,11.776856,7
19894,-3.3274279,-1.4279667,1
19895,-5.279809,11.117853,7
19896,10.368457,2.3016071,6
19897,-3.7999163,1.3610021,1
19898,-2.3520124,-2.7830281,1
19899,15.525078,8.895904,0
19900,15.737879,8.630212,0
19901,-0.59800655,-4.1219554,1
19902,14.824599,8.694621,0
19903,2.5741725,-0.21071945,2
19904,-4.823656,12.346872,7
19905,5.9222608,6.3190117,3
19906,1.5397266,7.4287896,8
19907,1.4624096,13.940073,4
19908,14.683875,5.9020143,0
19909,5.3952856,7.770757,5
19910,0.9771475,11.682272,9
19911,2.3542047,7.511462,8
19912,-3.3277514,8.91028,7
19913,2.048132,12.735919,9
19914,0.26435164,12.633311,9
19915,14.846245,8.858717,0
19916,10.390989,2.8425033,6
19917,-0.5620907,-4.397432,1
19918,-0.98650503,-3.0802455,1
19919,2.5690854,0.15881102,2
19920,3.305246,6.9114003,5
19921,6.206851,6.439682,3
19922,0.14659636,14.559101,4
19923,1.4339651,13.87667,4
19924,14.109134,6.1161127,0
19925,5.1028605,7.78805,5
19926,2.5552528,-0.8312027,2
19927,11.248263,6.2401586,6
19928,0.8582611,7.80867,8
19929,-5.0872517,12.234751,7
19930,14.5491,8.086958,0
19931,2.4990396,7.551359,8
19932,0.6948838,7.2657967,8
19933,2.091665,12.774851,9
19934,2.1548831,13.31893,9
19935,15.236795,8.899954,0
19936,1.5891119,14.434785,4
19937,-0.4786575,-4.2585773,1
19938,-0.45330802,10.286462,9
19939,2.299868,0.13999294,2
19940,-0.7648088,-3.6456215,1
19941,6.004811,6.2319694,3
19942,3.716404,7.556012,5
19943,1.6863618,14.261897,4
19944,5.9493265,7.228952,5
19945,4.8122063,7.8757243,5
19946,10.508543,5.072544,6
19947,11.171524,6.1132092,6
19948,0.8905726,7.609613,8
19949,-5.1881504,12.349018,7
19950,6.4825716,5.3731833,3
19951,2.5777617,7.282965,8
19952,1.3049642,14.33037,4
19953,1.9612441,12.82464,9
19954,11.506931,5.7310333,6
19955,-1.6166488,-3.8137906,1
19956,10.024419,2.7986557,6
19957,1.7092308,14.226855,4
19958,3.4949079,7.09572,5
19959,4.5672216,7.8594337,5
19960,10.242008,3.904553,6
19961,1.6711035,14.313917,4
19962,6.7118607,6.069372,3
19963,1.9387355,-0.93531233,2
19964,11.5288515,5.395547,6
19965,6.1037836,6.1488857,3
19966,-3.144403,-0.6033314,1
19967,5.3038125,5.8268867,3
19968,-3.5575182,-1.0809009,1
19969,14.602488,8.0149145,0
19970,10.008699,2.9710925,6
19971,1.3377868,12.324688,9
19972,1.903491,12.338987,9
19973,4.540541,7.841223,5
19974,14.302119,7.7294555,0
19975,1.7155594,14.309627,4
19976,5.0323443,5.03542,3
19977,5.9478593,6.0522475,3
19978,-3.6954315,9.546226,7
19979,14.616504,8.641861,0
19980,5.221435,7.653458,5
19981,2.6079366,7.203161,8
19982,3.9760091,-1.7885067,2
19983,1.4851105,13.961787,4
19984,10.389414,3.8664024,6
19985,14.694736,8.506688,0
19986,10.524241,3.0538924,6
19987,-5.0816426,12.215801,7
19988,1.9796501,7.2351804,8
19989,-4.9950113,12.109905,7
19990,16.73306,7.763048,0
19991,-0.56902075,-3.9735472,1
19992,0.72306937,12.299033,9
19993,11.393515,6.4318347,6
19994,4.528781,7.2389903,5
19995,1.5295056,12.684824,9
19996,6.1929693,7.4364705,5
19997,-0.5935135,-4.1418552,1
19998,-0.08938097,13.295791,4
19999,2.0022209,-0.5052044,2
20000,4.6760015,7.134384,5
20001,1.9754561,12.792274,9
20002,-3.4754736,9.375376,7
20003,6.714422,6.0513077,3
20004,-3.8185065,9.907055,7
20005,10.792113,5.457269,6
20006,4.6952314,7.391615,5
20007,1.7490194,-0.5262622,2
20008,0.6379965,13.990021,4
20009,6.1356306,6.344071,3
20010,14.667614,8.758765,0
20011,1.4753772,14.005885,4
20012,15.236146,8.017771,0
20013,11.265509,6.261392,6
20014,0.348138,6.917755,8
20015,2.5052319,7.5222025,8
20016,1.4606835,-0.38728452,3
20017,5.70646,7.59973,5
20018,1.499727,-1.3013918,1
20019,-4.6423435,12.07464,7
20020,1.175359,6.565986,8
20021,2.4915884,0.16401744,2
20022,4.1741714,-1.6783094,2
20023,6.244516,6.4579067,3
20024,1.2771558,7.291926,8
20025,5.810826,7.7267675,8
20026,-1.0375121,11.896099,9
20027,-0.35450968,-4.3040504,1
20028,3.4319267,-1.5122622,2
20029,3.0210752,0.4403381,2
20030,-3.7016537,10.872028,7
20031,1.7688756,12.393728,9
20032,-1.8626631,10.060129,7
20033,5.0452337,7.8395596,5
20034,4.448023,6.6983433,5
20035,2.5273387,7.1438046,8
20036,2.0703495,-1.3666241,1
20037,2.685925,7.2223177,8
20038,2.9856858,4.8995013,5
20039,-5.1817,12.226296,7
20040,1.3395166,14.346071,4
20041,-0.8611734,-3.4414027,1
20042,4.096731,-0.8638717,2
20043,-5.152095,12.208133,7
20044,3.4717324,6.846471,5
20045,-0.72771835,-4.3166184,1
20046,-0.6513659,-3.7323346,1
20047,-0.8264291,-3.4653664,1
20048,-3.3715692,8.42842,7
20049,14.775897,8.483574,0
20050,2.306395,12.770634,9
20051,5.981157,5.9513216,3
20052,-3.2757154,-0.6819559,1
20053,1.4578689,13.92299,4
20054,-1.149962,12.169791,9
20055,2.1656823,-0.69972175,2
20056,1.1753342,14.497836,4
20057,11.408892,6.4537983,6
20058,-1.1928816,-2.6766982,1
20059,1.3820829,13.924469,4
20060,14.914504,7.258329,0
20061,-4.9208665,12.202802,7
20062,0.13805255,7.553638,8
20063,0.12413563,13.205904,4
20064,-2.2848823,-1.0627106,1
20065,1.7472639,-0.8083484,2
20066,-2.7354991,-3.204811,1
20067,-4.4426413,12.1143675,7
20068,14.273277,5.91317,8
20069,0.9172681,13.580189,4
20070,-2.1121812,-2.9186728,1
20071,1.8084992,-0.8959795,2
20072,5.2791705,6.053563,3
20073,1.4701728,12.374485,9
20074,-0.44197986,12.878009,4
20075,1.000974,12.206425,9
20076,10.4615135,3.0249624,6
20077,3.122095,0.41384426,2
20078,2.1455328,-0.10041441,2
20079,2.5014226,7.4978223,8
20080,5.1409535,5.851912,3
20081,11.250655,6.1072617,6
20082,0.06696828,13.22477,4
20083,-0.5493856,-4.062936,1
20084,0.37801737,12.116126,9
20085,14.464095,8.367445,0
20086,0.2118439,12.254627,9
20087,11.201283,6.1741495,6
20088,14.421844,5.7261014,0
20089,2.5122385,7.334236,8
20090,-5.1367717,11.774784,7
20091,5.1212087,7.5906134,5
20092,4.7976284,7.704697,5
20093,5.060587,7.849045,5
20094,-2.9028077,-1.8416734,1
20095,14.432691,8.404112,0
20096,6.1246986,6.0963073,3
20097,5.368435,7.7182183,5
20098,1.4395118,14.56854,4
20099,6.0628967,6.20022,3
20100,-3.7764616,8.927923,2
20101,4.72845,7.77654,5
20102,5.637374,5.001919,8
20103,1.5111386,12.715655,9
20104,10.511022,3.7008204,6
20105,-5.083079,12.247184,7
20106,1.5051887,6.7627068,8
20107,2.3836794,7.4882545,8
20108,-1.8853816,-1.8110563,1
20109,5.445784,7.6260204,5
20110,1.1261137,14.012029,4
20111,1.2804848,12.6903105,9
20112,-1.7226136,10.201649,9
20113,11.407413,6.493619,6
20114,15.151946,8.20268,0
20115,1.2868075,12.447644,9
20116,10.918146,5.215327,8
20117,14.203724,7.7010555,0
20118,0.62247473,13.858748,4
20119,10.613776,5.3666153,6
20120,6.025768,7.696353,5
20121,5.5753922,5.41179,3
20122,10.791556,4.2630177,6
20123,14.228156,7.9462323,0
20124,11.648207,6.5187383,6
20125,5.5279703,7.711374,5
20126,-0.7966852,10.058779,9
20127,2.3488722,7.1668367,8
20128,15.345823,6.425722,0
20129,1.6283017,12.581649,9
20130,1.4859294,11.937685,9
20131,-1.4477623,-4.0464854,1
20132,-1.1626031,-4.299862,1
20133,2.1514997,7.117638,8
20134,-4.24351,11.209402,7
20135,-0.49212238,-4.1663527,1
20136,10.098608,4.0213137,6
20137,11.441694,6.535546,6
20138,-0.9625563,10.219929,9
20139,14.531234,8.516438,0
20140,4.5547366,7.2246118,5
20141,15.806449,8.401999,0
20142,11.505601,4.7104077,6
20143,-3.564429,0.20589426,1
20144,0.06895813,14.553787,4
20145,3.780226,-0.33866018,2
20146,-2.5442781,-3.4164324,1
20147,6.7867403,4.666048,3
20148,11.611228,6.2507253,6
20149,-1.8868811,14.298733,4
20150,-0.42733845,-4.3767304,3
20151,3.9287121,6.0402246,5
20152,10.678512,3.7325304,6
20153,11.793544,5.048871,6
20154,10.801649,4.240128,6
20155,-5.014926,10.942772,7
20156,10.188586,3.8457742,6
20157,-0.9567817,5.3039417,8
20158,-3.403269,11.298791,7
20159,-0.56986415,10.304088,9
20160,2.0298562,-0.14654458,2
20161,15.652811,8.721548,0
20162,-3.8477798,9.676009,7
20163,-4.216273,0.858184,1
20164,-0.0877962,10.863184,9
20165,4.0790133,-0.37239304,2
20166,5.4383616,5.260094,3
20167,6.9060025,4.6375384,3
20168,11.080073,3.4322891,6
20169,-1.9830859,14.936303,4
20170,5.3901176,6.0030537,9
20171,6.917114,4.2324595,5
20172,-0.66744196,13.105903,4
20173,11.285786,4.038095,6
20174,14.700963,8.730371,0
20175,15.719478,8.626844,0
20176,0.5773908,13.570509,4
20177,-3.6328108,0.31265152,1
20178,-1.8196783,-3.2677073,1
20179,4.6144457,-0.62912285,2
20180,1.0808374,13.860285,4
20181,6.9988403,4.6574783,3
20182,-0.07535534,14.822332,4
20183,-1.2431246,15.141813,4
20184,-0.6271742,11.9120245,9
20185,2.8056948,5.249978,5
20186,2.982887,5.730998,5
20187,11.439685,4.454899,6
20188,-1.1262337,11.899313,9
20189,-4.3182364,8.748012,7
20190,3.3076465,5.783434,5
20191,-0.7253228,5.198016,8
20192,6.42243,5.321722,3
20193,-1.4225498,10.377868,9
20194,-1.6079501,-3.2943728,1
20195,-4.2227983,1.2441458,1
20196,-1.8973013,10.241773,9
20197,-1.4938965,14.593942,4
20198,-0.01984185,5.7087607,8
20199,2.7797794,5.00258,5
20200,4.1874557,7.6174192,5
20201,6.796855,4.345911,3
20202,1.6935302,12.628119,9
20203,6.393861,3.9475646,3
20204,2.0268328,7.748553,8
20205,15.408534,7.217553,0
20206,-3.1551511,10.513724,7
20207,-1.2175387,10.63115,9
20208,0.93897796,13.662029,4
20209,3.19272,4.9727497,5
20210,2.9526815,6.3007584,5
20211,-1.3122644,10.148,4
20212,-0.79744804,-3.9565508,1
20213,6.463999,4.1445546,3
20214,-4.178223,10.78875,7
20215,15.338019,6.9749637,0
20216,-0.15257588,11.613975,9
20217,-0.8083063,5.097676,8
20218,-3.8228374,10.093858,7
20219,-2.0679774,15.103937,4
20220,6.45725,6.7182107,3
20221,11.434649,3.9958222,6
20222,5.0070796,5.228415,3
20223,-3.8219583,8.64668,7
20224,2.7380662,-1.4140065,2
20225,15.696735,8.0021,0
20226,3.8114924,-1.5170636,7
20227,-5.034168,9.457693,7
20228,0.21628262,11.779889,9
20229,-4.8901243,11.12925,7
20230,0.7393529,13.169114,4
20231,-4.0012007,1.8916084,1
20232,-0.8491237,-3.225818,1
20233,10.833569,3.3283873,6
20234,1.4516164,14.198765,4
20235,-1.8684189,10.136788,9
20236,-1.6006668,15.376402,4
20237,-3.080777,-1.0132103,1
20238,15.884739,8.643905,0
20239,3.5982146,0.24533366,2
20240,3.8626816,-1.3189127,2
20241,-1.8042012,9.498395,9
20242,2.0297916,-0.62348586,2
20243,6.7104707,4.7981706,3
20244,14.881216,7.271896,0
20245,11.93834,5.870968,6
20246,3.7931316,5.6989803,5
20247,3.7446082,-0.65820825,2
20248,1.3574744,12.093565,9
20249,6.598553,4.35251,3
20250,-0.93063635,12.295463,4
20251,-1.9304894,14.264361,4
20252,5.178376,4.76694,3
20253,10.842607,4.6359897,6
20254,1.7382672,12.651841,9
20255,-4.5311465,8.626941,7
20256,14.202331,7.992551,0
20257,3.9792602,-0.15055388,2
20258,0.011104512,14.257387,4
20259,5.565729,4.3916926,3
20260,-4.467935,11.855103,7
20261,-0.8968134,5.111171,8
20262,-1.1627407,14.087775,4
20263,-4.150578,2.316514,1
20264,-1.8105538,10.591119,9
20265,3.6830366,-0.20110357,2
20266,5.322388,7.6326084,5
20267,-0.39494705,10.357031,9
20268,2.9949288,0.34950578,2
20269,-0.88095915,5.3663845,8
20270,1.3272041,12.301811,9
20271,-0.60513526,5.171408,8
20272,10.83452,5.4246087,6
20273,-5.3620768,11.779378,7
20274,-2.1246264,-1.6460301,1
20275,-3.4323654,0.3694484,1
20276,0.44264236,14.055196,4
20277,-4.0886884,10.141618,7
20278,5.4350977,5.5166974,3
20279,-2.63793,-0.081876256,1
20280,-3.8318868,10.687022,7
20281,-3.4217222,0.019826764,1
20282,1.3103167,12.308022,9
20283,16.508055,8.178227,0
20284,2.0037313,-0.14858148,2
20285,5.7432704,4.7346773,3
20286,10.069426,2.8936403,6
20287,-0.557441,15.179223,4
20288,10.150578,2.438906,6
20289,3.8972027,-0.49933726,2
20290,1.3395838,12.100265,9
20291,11.396192,4.0993314,6
20292,14.726952,5.5644526,0
20293,-0.65869063,15.16946,4
20294,1.581444,14.648866,4
20295,-5.161832,10.532422,7
20296,-3.5521474,11.057518,7
20297,-0.9973116,15.294658,4
20298,-0.6291698,-4.4195952,1
20299,4.3065443,-0.5104079,2
20300,-0.2758969,6.348234,8
20301,-5.229228,10.2564945,7
20302,-1.8366162,-1.3670725,1
20303,-1.3886,15.203225,4
20304,-3.168647,10.373463,7
20305,3.6432147,-0.44969058,2
20306,4.9221864,6.526859,5
20307,-0.10902993,10.581818,9
20308,-0.64270806,10.50461,9
20309,4.121889,-0.7429238,2
20310,-3.5924084,11.35326,7
20311,-4.3039975,9.194538,7
20312,-4.941111,12.131318,7
20313,4.2328544,-0.23328023,2
20314,5.852536,5.5009074,3
20315,-0.9296637,5.165771,8
20316,0.67571247,12.10276,9
20317,11.763032,4.942921,6
20318,-5.064365,11.519134,7
20319,-4.2980795,0.9035648,1
20320,11.159398,5.8928666,6
20321,15.688262,8.289242,0
20322,-0.5348215,-4.304494,1
20323,11.456282,4.761383,6
20324,11.154621,5.3775783,6
20325,2.372449,4.432744,5
20326,6.614856,5.6292953,3
20327,-3.5814588,0.3060213,1
20328,-3.710528,8.797313,8
20329,6.4942913,4.290955,3
20330,-0.16478083,10.845059,9
20331,2.8587284,5.4132867,5
20332,-1.1343715,-3.7338796,1
20333,-1.0533621,9.655551,9
20334,15.427633,8.447134,0
20335,-4.2158113,8.654081,7
20336,1.0034539,6.807986,8
20337,-2.0031724,14.326012,4
20338,-0.82729584,13.27788,4
20339,-0.8327055,5.0724573,8
20340,-0.77193993,-4.3373246,1
20341,-1.2926995,9.808524,9
20342,5.6867127,7.390596,5
20343,11.781387,3.7503524,6
20344,6.0532994,6.2477517,3
20345,-1.1760736,10.037947,9
20346,-1.4812937,14.612309,4
20347,5.918319,3.582476,3
20348,-3.0922158,-0.6952318,1
20349,15.820786,8.409588,0
20350,-4.6433883,11.757465,8
20351,15.484563,8.187719,0
20352,1.3272891,7.778343,8
20353,11.588297,4.54478,6
20354,-3.2726812,9.031962,7
20355,5.8146396,4.552124,3
20356,6.7825847,5.1843386,3
20357,15.365835,8.52716,0
20358,1.4279099,12.262468,9
20359,3.2662811,5.453245,5
20360,2.1679485,12.325919,9
20361,-4.0438685,2.0913844,1
20362,6.343106,5.267756,3
20363,-1.1039041,5.377838,8
20364,1.2371503,6.879317,8
20365,-3.8875737,1.8360853,1
20366,4.8591976,5.163205,9
20367,11.063354,3.6798086,6
20368,-1.1957297,15.210004,4
20369,14.8912115,7.2053742,0
20370,-3.554784,10.603577,7
20371,15.071197,7.101151,0
20372,1.169173,6.5287924,8
20373,-2.1318085,-1.5155785,1
20374,4.8176427,6.984846,5
20375,3.670742,-1.0580692,2
20376,0.1534886,11.957569,9
20377,6.614837,4.3060637,3
20378,5.860569,5.299782,3
20379,-1.6067524,14.511635,4
20380,-4.81839,10.191097,7
20381,2.7565005,4.8092384,5
20382,1.9577651,-0.0663893,2
20383,11.58987,4.942217,6
20384,-1.7624974,-2.2198617,1
20385,-4.11142,9.135612,7
20386,-5.3870664,10.797227,7
20387,0.053102814,5.7650986,8
20388,15.804953,8.899432,0
20389,-1.2437545,10.2471285,9
20390,4.954773,7.1971083,5
20391,15.407634,7.1016555,0
20392,14.364921,5.920597,0
20393,-2.8756337,0.5239694,1
20394,-3.3304017,0.49402082,1
20395,3.2466645,-1.172664,2
20396,-1.1344622,15.224077,4
20397,6.6692653,4.1636376,3
20398,-3.7291908,11.602458,7
20399,-1.2912792,15.326559,4
20400,6.517437,5.1437902,3
20401,11.276197,3.8381522,6
20402,0.971006,11.720351,9
20403,-4.5333924,9.93102,7
20404,-3.8994262,10.703287,7
20405,0.2346271,5.398616,8
20406,-4.3997126,11.347754,7
20407,16.199078,6.577188,0
20408,2.518948,7.2305474,8
20409,-3.2466044,0.97812027,1
20410,-0.30507138,11.961715,9
20411,4.754701,-1.2661686,2
20412,5.7425065,7.2966237,8
20413,6.5384707,4.016171,3
20414,2.5318804,0.24111147,2
20415,-1.235661,15.098323,4
20416,10.457654,4.6474247,6
20417,-3.9124808,8.221366,7
20418,14.757271,7.531689,0
20419,-0.030587545,5.6025367,8
20420,14.900079,8.743754,0
20421,-1.6320744,10.341167,9
20422,-4.084262,10.309395,7
20423,6.7421036,3.880518,3
20424,3.5278766,-1.3077657,2
20425,-1.1455829,14.376851,4
20426,5.6757917,4.7353463,3
20427,-2.7592335,-0.1445207,1
20428,4.3640237,6.792065,5
20429,-1.6410553,14.906029,4
20430,5.86693,6.067823,3
20431,11.129459,4.412593,6
20432,1.80947,-0.72728497,2
20433,10.883735,3.8889387,6
20434,0.33067217,12.33605,9
20435,-4.0408535,8.706997,7
20436,2.9207168,-1.4090682,2
20437,6.6441154,4.079799,3
20438,-1.779928,-2.7163239,1
20439,5.892529,4.3901105,3
20440,2.4773073,-0.259461,2
20441,4.767039,-1.4128414,2
20442,3.6984453,-1.7050773,2
20443,-2.4436579,-0.43367255,1
20444,-1.7799056,11.346322,9
20445,-0.08346669,11.703796,9
20446,3.4217002,0.23858961,2
20447,-1.3114339,15.162592,4
20448,1.5468105,-0.6353515,2
20449,-3.4198172,8.464517,7
20450,-1.7766274,9.587061,9
20451,6.4475846,3.915896,3
20452,-3.7686682,8.540319,7
20453,2.7076144,4.8092933,5
20454,3.4862397,-0.21515243,2
20455,-1.3323604,15.310381,4
20456,-1.8762778,-1.3557351,1
20457,-0.74634343,10.350068,9
20458,5.4147835,4.632456,3
20459,-3.7138345,2.0079002,1
20460,-1.3416767,14.072663,4
20461,-3.7473614,1.970971,1
20462,-1.277784,11.702715,9
20463,14.834788,5.848048,0
20464,0.34326917,14.022476,4
20465,-3.2875886,-0.7152347,1
20466,-5.122333,10.793444,7
20467,-1.8892194,14.067911,4
20468,-1.002479,13.343855,4
20469,10.665553,2.9737883,6
20470,6.3371744,3.9471672,3
20471,15.14412,5.790698,0
20472,0.98745054,5.970493,8
20473,4.800861,-1.1910906,2
20474,-3.3150465,-1.497749,1
20475,-2.7817338,0.19399118,1
20476,5.5376706,7.784347,5
20477,-3.7890441,9.05259,7
20478,14.318076,6.2974343,0
20479,2.8308084,4.9345646,5
20480,11.718863,4.138299,6
20481,15.508476,6.309274,0
20482,16.683258,6.812229,0
20483,15.519896,6.192318,0
20484,1.0752391,13.729283,4
20485,4.6266265,-1.1116472,2
20486,11.662128,6.422953,6
20487,15.297522,6.9746294,0
20488,1.6519054,-0.363654,2
20489,11.473591,4.250164,6
20490,-0.99323905,14.778917,4
20491,-0.35103032,5.820586,8
20492,5.3965616,5.5192194,3
20493,3.9154282,-0.9472461,2
20494,10.327239,3.3189523,6
20495,-0.37181482,11.043331,9
20496,0.24410072,13.826083,4
20497,3.767821,-1.4135369,2
20498,-4.5807066,12.125997,7
20499,6.8768845,4.6245823,3
20500,5.9372315,3.681993,3
20501,-3.9403646,9.016572,7
20502,-3.0575635,10.321555,2
20503,10.839234,3.0492609,6
20504,-4.677939,11.974698,7
20505,-0.5112663,11.123506,9
20506,-3.7851963,0.057221614,1
20507,-0.17510593,5.635213,8
20508,-1.6579577,11.138077,9
20509,-3.586654,8.749052,7
20510,16.357988,7.6778684,0
20511,-0.20441371,5.462426,8
20512,10.328061,3.2153847,6
20513,-0.74517864,10.324798,9
20514,2.483934,0.13480449,2
20515,4.456121,-1.3473729,2
20516,0.5087784,5.5229197,8
20517,4.714848,-1.3262037,2
20518,2.049769,12.784373,9
20519,-1.2178329,10.16858,9
20520,3.8035934,-1.2666193,2
20521,-0.6056379,5.5643687,8
20522,3.803053,-1.8784004,2
20523,11.30966,3.1208978,6
20524,1.1057286,6.9310894,8
20525,-1.8813376,14.621534,4
20526,3.566112,-1.7539014,2
20527,-2.1578941,14.66415,4
20528,5.140585,7.648525,5
20529,-3.5655222,8.02642,4
20530,5.2877884,7.6564336,5
20531,15.3183,6.6433473,0
20532,-4.1777506,2.1007783,7
20533,14.789747,6.3174224,0
20534,2.351175,4.3872147,5
20535,0.17737967,6.5855393,8
20536,-2.2086656,-2.4563355,1
20537,14.858976,6.018125,0
20538,-4.1267066,2.105107,3
20539,-0.21908017,5.5735955,8
20540,5.7458262,4.8617163,3
20541,11.043196,2.9979308,6
20542,3.5148306,-1.7432607,2
20543,11.225119,3.2559776,6
20544,6.4342184,4.356646,3
20545,-0.5881534,5.501426,8
20546,1.2585185,12.141164,9
20547,5.390539,6.704088,5
20548,14.025646,6.421038,0
20549,-4.223446,8.407987,7
20550,1.453702,-0.7450926,2
20551,15.667511,6.0119166,0
20552,-3.4253178,11.130829,7
20553,6.3959684,3.909924,3
20554,1.2619259,12.123825,9
20555,11.557593,3.8643572,6
20556,-1.5486661,-4.0486703,1
20557,-3.7104254,8.174218,7
20558,-4.189743,10.306844,7
20559,0.23812683,6.3028884,8
20560,2.3323343,7.1442657,8
20561,6.578566,4.1085887,3
20562,1.0771909,12.525979,9
20563,-2.8425555,0.3603982,1
20564,2.8273351,5.5243797,5
20565,6.292475,3.824098,3
20566,-4.6236453,10.183361,7
20567,-0.53756493,10.271244,9
20568,3.3065548,-0.8162495,2
20569,5.3827066,6.4435735,5
20570,5.6789465,4.3808727,3
20571,-0.63452715,10.541881,9
20572,0.2612241,14.224235,6
20573,-1.3950025,9.839824,9
20574,0.5184086,14.052265,4
20575,3.3382335,5.955596,5
20576,-4.172268,10.568476,7
20577,15.395831,5.7828674,0
20578,0.9480498,5.903375,8
20579,-3.6518273,8.51902,7
20580,1.8374072,6.7573867,8
20581,4.581972,-1.1588199,2
20582,-5.060001,11.6181135,7
20583,-3.7083514,8.572424,7
20584,14.255614,7.732927,0
20585,-1.8312901,15.34448,4
20586,4.653677,7.771898,5
20587,6.0510883,3.5222936,3
20588,-3.4309177,10.4239435,7
20589,-3.592505,1.5140157,1
20590,5.367307,7.126542,5
20591,15.82509,6.3590918,0
20592,1.1562387,6.076441,8
20593,-2.443238,-2.1508844,1
20594,1.2969197,12.381563,9
20595,3.3416839,-0.6481413,2
20596,10.138588,4.348514,6
20597,5.879101,5.4972634,3
20598,4.9611487,7.541981,5
20599,-1.186767,13.627,4
20600,-0.20795831,10.405946,7
20601,3.1302238,5.4917045,5
20602,15.656819,7.9891257,0
20603,10.445382,3.5033665,6
20604,-2.296376,-0.9437338,1
20605,-4.2142706,8.633937,7
20606,5.5935745,3.7935486,3
20607,-0.45068133,6.0755954,8
20608,14.191846,7.717416,0
20609,15.753896,7.332253,0
20610,5.6515784,5.6331143,3
20611,-3.0903764,0.1370438,1
20612,3.9006069,-1.736425,2
20613,3.1054223,-1.1419777,2
20614,0.2858853,6.040384,8
20615,6.91825,5.297799,3
20616,5.5234957,5.229378,3
20617,-0.7270435,13.554501,4
20618,1.1249374,7.310346,8
20619,-4.5834737,9.402074,7
20620,0.8397017,13.666213,4
20621,-0.049898967,6.232974,8
20622,14.614034,6.8821445,0
20623,-2.8510928,9.98969,9
20624,2.7571437,-0.65652984,2
20625,15.451191,6.628801,0
20626,6.05701,5.517593,3
20627,-3.165826,-0.622397,1
20628,3.3504417,6.4758105,5
20629,3.3765073,-0.54018134,2
20630,0.870697,7.543127,8
20631,5.8907347,5.517578,3
20632,15.216192,7.6455073,0
20633,-0.73437303,14.571494,4
20634,-0.6540802,13.31074,4
20635,2.8267388,6.153865,5
20636,1.9896501,12.717873,9
20637,10.476829,4.625323,6
20638,0.56812984,11.697059,9
20639,-0.46056065,5.7352486,8
20640,1.2134678,7.5203953,8
20641,-0.3624075,9.700888,9
20642,14.027251,7.0804834,0
20643,-3.9943628,0.25377408,1
20644,-1.3079257,11.435149,9
20645,15.545973,6.3115044,0
20646,-4.9092875,11.872502,7
20647,11.301948,4.9973726,6
20648,2.3629684,7.3765817,8
20649,6.846449,4.645812,3
20650,-0.047023986,13.455775,4
20651,-0.9364438,13.5951805,4
20652,-0.9172766,14.07567,4
20653,-1.4995145,13.140406,4
20654,-0.7779781,-4.2695665,1
20655,3.3146317,-0.68830776,2
20656,10.528641,3.5467522,6
20657,-0.10597278,6.468528,8
20658,14.413628,7.254086,0
20659,-3.7537065,0.32021886,1
20660,-4.246461,8.854291,8
20661,14.503582,7.191491,0
20662,15.796945,7.5810914,0
20663,10.670382,4.4099565,6
20664,6.7828526,4.7660584,3
20665,0.46359947,14.09709,4
20666,0.4784843,6.423298,8
20667,-1.2202272,10.9145,9
20668,4.2665734,6.553131,5
20669,-4.3340936,9.03195,7
20670,6.9551754,4.479608,3
20671,3.4758496,-0.97111726,2
20672,3.0017135,-0.3935248,1
20673,6.796049,4.620433,3
20674,-3.7418847,-0.28191462,1
20675,6.8249245,4.6003366,3
20676,0.32976937,12.049984,9
20677,-1.8909544,10.557106,9
20678,-1.8699086,-3.5322385,1
20679,3.2183237,-0.81040734,2
20680,-1.4721531,13.293744,4
20681,14.46183,7.716544,0
20682,10.49854,3.2094853,6
20683,-0.9544887,9.98658,9
20684,-1.7150182,10.38046,9
20685,6.853713,4.9672494,3
20686,-2.018175,-1.7558713,1
20687,6.86964,5.0092516,3
20688,14.901867,5.806682,0
20689,-1.5282576,10.272807,9
20690,1.5948178,7.5066195,8
20691,-4.0391207,0.5344579,1
20692,2.167904,12.721323,9
20693,3.359567,5.3583403,5
20694,-4.9223094,10.152061,7
20695,3.9967391,-0.94649464,2
20696,-0.3077022,12.969955,4
20697,6.0495486,5.477931,3
20698,1.3672057,12.223939,9
20699,-3.2725117,0.292141,1
20700,1.4500619,11.927984,9
20701,10.391301,3.6852827,6
20702,-1.6759361,13.483781,4
20703,-3.3856742,8.496536,7
20704,9.879933,3.1815653,6
20705,5.572799,5.191007,3
20706,-1.9902823,-1.2223058,1
20707,-4.5775933,9.030874,7
20708,5.2258162,5.350179,3
20709,15.441131,5.6314735,8
20710,2.7032382,0.31583694,2
20711,-1.8835688,14.107815,4
20712,1.4130741,7.2187824,8
20713,15.863504,7.20324,0
20714,0.7025429,14.964317,4
20715,3.0990953,-0.5888452,2
20716,4.061246,6.677664,5
20717,-1.1705488,14.274292,4
20718,4.9410453,6.4278574,5
20719,14.504618,6.5641103,0
20720,-4.1764007,1.8136262,7
20721,3.6382382,-1.4342464,2
20722,0.7464552,6.773195,8
20723,-4.1177807,9.005249,7
20724,14.850222,7.3128767,0
20725,0.45793045,6.9859715,8
20726,1.4962232,14.499104,4
20727,15.377672,6.6009164,0
20728,6.2219524,5.0557284,3
20729,-4.217492,8.5645485,7
20730,1.5152043,14.471343,4
20731,14.446412,7.598033,0
20732,0.52925116,6.9678597,8
20733,10.226398,2.60254,6
20734,1.0395035,11.980047,9
20735,15.240214,7.024515,9
20736,10.075385,3.3549683,6
20737,6.7321467,4.4542212,3
20738,5.599149,5.6923394,3
20739,3.4721868,-0.6377017,2
20740,-3.3994617,11.016616,7
20741,-1.9374503,14.310516,4
20742,2.2292705,-1.0704286,2
20743,0.14442709,5.4141917,8
20744,10.85356,4.4691343,6
20745,9.996654,2.4511771,6
20746,-2.8596144,9.219303,1
20747,14.707548,6.454627,0
20748,3.5274458,-1.2741592,2
20749,-2.8060462,0.22273448,1
20750,-1.4158027,11.7207575,9
20751,14.389904,6.282375,0
20752,5.846003,6.3926506,3
20753,0.7825813,6.3789682,8
20754,2.902698,5.5181675,5
20755,-3.4404066,0.4838492,1
20756,1.1475872,12.552871,3
20757,10.668638,4.203844,6
20758,-0.8211906,4.991427,8
20759,-4.712684,9.741552,7
20760,-2.6397004,-2.6505911,1
20761,3.6326313,-1.0517681,2
20762,15.104521,7.3239512,0
20763,-2.0095232,9.941484,9
20764,9.995255,3.307979,6
20765,-4.6788483,9.457375,7
20766,-4.225479,10.228507,7
20767,-2.5179112,9.525031,9
20768,0.16084512,13.491085,4
20769,3.2220497,5.586254,5
20770,3.7638893,-1.2579317,2
20771,0.4816783,5.6135354,8
20772,-2.0724716,-3.3282585,1
20773,-3.2598817,9.172673,9
20774,1.0852019,6.196264,8
20775,10.254486,2.9268956,6
20776,1.4266669,14.010277,4
20777,3.9260075,6.2882414,5
20778,0.32777438,11.757982,9
20779,3.946317,-1.017674,2
20780,6.0238123,5.164297,3
20781,10.51241,2.3558383,6
20782,11.311384,6.187613,6
20783,4.017591,-1.0842856,2
20784,15.269493,8.85916,5
20785,0.03384844,5.9177823,8
20786,4.1246977,-1.6324949,2
20787,-2.9366357,0.49216646,1
20788,-0.8897436,11.044897,9
20789,-4.236217,9.400951,7
20790,6.9674625,5.650051,3
20791,3.2572842,5.541104,5
20792,0.10320198,10.728372,9
20793,2.9717271,5.8461595,5
20794,-0.56636435,14.506025,4
20795,-5.214308,9.4740925,7
20796,10.160549,2.6929624,6
20797,6.8185453,4.608091,3
20798,-1.1091986,-2.6641967,1
20799,2.934913,5.401554,5
20800,6.388308,5.160844,3
20801,15.1853895,6.039813,0
20802,-1.031164,-3.0776558,1
20803,-3.0960352,-0.31122765,1
20804,3.0683672,6.2679057,5
20805,6.6463366,4.2433705,3
20806,9.905364,2.9196134,6
20807,-0.54937327,6.097446,8
20808,11.639022,5.660823,6
20809,0.35970306,14.154564,4
20810,-2.4232879,-2.809584,1
20811,-1.9066658,11.175791,9
20812,0.69375724,6.025177,8
20813,-1.1446561,13.513561,4
20814,15.021049,6.4304385,0
20815,2.8892941,5.2694354,5
20816,14.460485,7.500009,0
20817,-2.5266776,-1.1215533,1
20818,0.90002805,12.625528,9
20819,0.2907242,5.7637315,8
20820,15.170305,8.483225,9
20821,10.08058,3.1776326,6
20822,11.213732,4.9776177,6
20823,0.9859803,6.735996,8
20824,-0.55044216,-4.191643,1
20825,-2.2417812,10.34935,9
20826,1.6386805,12.193205,9
20827,15.48449,7.9527717,0
20828,-1.8271977,-3.3468215,1
20829,-3.9172325,-0.37408608,1
20830,2.098299,12.759338,9
20831,2.6979392,-0.5571969,2
20832,2.6327393,-0.7521962,2
20833,6.0699186,3.9424565,3
20834,-4.1560826,10.296275,7
20835,-2.169595,15.028247,4
20836,0.8940491,14.72845,4
20837,3.2266467,4.7085176,5
20838,-2.0116203,-3.3465085,1
20839,10.954597,2.395617,6
20840,14.580839,8.517874,0
20841,-1.5400364,9.9762335,9
20842,6.00295,4.7710767,3
20843,16.325754,6.635174,0
20844,6.726669,5.715591,3
20845,-4.3001266,2.0639083,1
20846,14.902848,8.1376095,0
20847,4.255212,-0.70762014,2
20848,-3.4230542,-1.1680672,1
20849,6.8541365,4.0068436,3
20850,3.5972664,-1.130398,2
20851,-2.1541479,15.232509,4
20852,-1.2787063,-2.9871972,1
20853,2.587867,4.3835864,5
20854,5.4223876,7.347694,5
20855,10.717451,2.195525,6
20856,-4.2972307,9.353695,7
20857,-4.7221,8.6132,7
20858,0.5834741,7.174346,8
20859,-0.88964087,5.0373335,8
20860,4.011586,7.486416,5
20861,-1.2840712,9.588981,9
20862,1.6868694,-0.4689137,2
20863,16.250788,7.273878,0
20864,-1.3225608,11.074202,9
20865,-4.278289,1.5852045,1
20866,-3.64891,8.917967,7
20867,4.1475167,-0.67255723,2
20868,5.5521545,5.192621,3
20869,6.676288,3.5993056,3
20870,-2.6067271,-2.4655457,1
20871,-2.1072118,9.222071,9
20872,5.2509356,5.4810176,3
20873,-0.4069302,5.086391,8
20874,2.9754977,-1.6749929,2
20875,-3.6247857,0.23032227,1
20876,1.0985109,6.865395,8
20877,15.904258,6.217144,0
20878,4.110186,6.879029,5
20879,-1.990688,10.079974,9
20880,0.5847059,6.1062803,8
20881,3.28099,5.681242,5
20882,2.3691962,-1.2600335,2
20883,-4.398842,8.620959,7
20884,-4.1078553,0.40745303,1
20885,3.3686202,5.4511747,5
20886,15.860053,8.889249,0
20887,-3.9795904,0.45734876,1
20888,-3.0701294,-2.5071561,1
20889,0.018148191,5.316704,8
20890,4.31561,7.23087,5
20891,11.043056,2.565667,6
20892,10.179849,2.4974241,6
20893,-1.893018,10.207253,9
20894,1.1116987,14.608749,4
20895,15.833181,7.619549,0
20896,11.31879,5.912325,6
20897,-2.149059,14.346273,4
20898,-1.0101646,-4.3170805,1
20899,-3.2867527,1.3586763,1
20900,0.8882656,12.018259,9
20901,-1.1789305,9.867989,9
20902,5.3835874,5.1360416,3
20903,6.579472,3.8443284,3
20904,-0.011303898,5.7109203,8
20905,-0.6625398,5.073593,8
20906,1.0110615,5.955888,8
20907,-2.1986365,15.146939,4
20908,1.4772189,14.074582,4
20909,-4.2949166,8.449581,7
20910,1.9040242,-0.214932,2
20911,15.560413,6.731893,0
20912,-4.2011733,1.8526613,1
20913,-3.6157467,0.49848467,1
20914,3.499926,5.9816,5
20915,-0.5479744,10.554268,9
20916,6.796605,3.96081,6
20917,4.777806,-1.0266145,2
20918,0.053886693,12.775131,9
20919,-0.3792347,5.051987,8
20920,0.73341477,12.427197,9
20921,-4.5641084,9.68557,7
20922,4.538403,7.405179,5
20923,-0.5798448,5.1351075,8
20924,-0.4529996,14.958515,4
20925,-1.3410414,9.898919,9
20926,5.2003517,5.6817985,3
20927,11.230638,2.618668,6
20928,15.01782,8.591238,0
20929,16.140852,7.315273,0
20930,2.2629304,-1.306301,2
20931,11.372925,2.8644123,6
20932,1.3546475,14.643224,4
20933,3.0251808,4.545999,5
20934,14.675359,6.6806364,0
20935,3.5458941,5.760095,5
20936,14.526632,7.157303,0
20937,6.893389,4.256359,3
20938,1.4105346,7.5713353,8
20939,6.8949223,4.0736,3
20940,11.026444,4.7621436,6
20941,5.9613047,3.2898862,3
20942,6.1083446,6.662615,3
20943,-1.1191857,9.779048,9
20944,1.7235103,0.04501076,2
20945,-0.5548481,5.161119,8
20946,6.529226,6.6806283,3
20947,16.012707,6.12263,0
20948,11.624309,3.5830867,6
20949,11.301856,2.842784,6
20950,-0.3735442,12.88026,4
20951,-4.1054034,2.3688264,1
20952,6.578242,4.795216,3
20953,15.625765,6.855422,0
20954,1.7253302,7.6564374,8
20955,15.828841,8.312716,0
20956,-0.03513085,14.635008,4
20957,11.231249,2.589141,6
20958,15.6964035,6.8202085,0
20959,4.295163,-0.4983224,2
20960,3.1849546,-1.2578597,2
20961,-3.261331,1.3967613,1
20962,-4.28947,10.780697,4
20963,-3.6760957,2.096574,1
20964,0.46490145,12.096123,9
20965,6.625935,4.004807,3
20966,2.1660957,6.728192,8
20967,3.4331634,0.6498108,2
20968,1.0740746,7.558789,8
20969,-4.3344755,9.349018,7
20970,4.054012,-1.5085489,2
20971,-4.4674563,8.760347,7
20972,-0.30566052,13.765182,4
20973,-0.7933789,5.1149325,8
20974,-3.4975245,-1.0522487,1
20975,-0.45305353,5.045729,8
20976,3.3793447,4.5317225,5
20977,-4.1685305,8.831267,7
20978,10.123074,3.6684542,6
20979,15.974997,7.04701,0
20980,-5.3271985,11.234522,7
20981,4.6441216,-1.1491282,2
20982,1.44361,11.716346,9
20983,16.23934,7.5724993,0
20984,10.680485,3.5824614,6
20985,6.413889,3.7544389,3
20986,1.50565,7.562515,8
20987,-3.9967132,2.730333,1
20988,-3.3327532,-1.6611542,1
20989,6.549284,3.5810297,3
20990,-1.7351661,-2.8806775,1
20991,-4.595407,8.670271,7
20992,3.0629826,0.005332812,2
20993,4.7877812,-0.83506477,2
20994,3.6695204,6.3890657,5
20995,-2.0471768,14.479442,4
20996,-3.8692458,11.5627775,7
20997,-0.48267686,10.387116,9
20998,10.017191,2.6688988,6
20999,-2.086461,14.807043,4
21000,-3.3183239,10.928707,7
21001,5.9948206,3.3391798,3
21002,-1.8636835,-1.5877725,1
21003,11.434555,3.3990479,6
21004,10.177954,3.3778045,6
21005,4.0211077,5.6530795,5
21006,4.1931868,-1.4937755,2
21007,6.869024,4.2570915,3
21008,10.228645,3.9006286,6
21009,4.643842,-1.0762887,2
21010,-1.9523588,-1.2815852,1
21011,3.1079285,4.740297,5
21012,1.9526263,0.2041227,2
21013,3.1068764,4.62941,5
21014,2.8565285,-1.6476341,2
21015,-1.1969739,10.046426,9
21016,5.615151,7.4857736,5
21017,-2.1834028,14.359783,4
21018,5.726706,5.3764405,3
21019,-3.8758686,1.412112,1
21020,0.37653401,12.129456,9
21021,-4.759032,9.1837015,7
21022,0.47835478,14.1096325,4
21023,1.2647604,12.533174,2
21024,1.607155,-0.69393253,2
21025,11.029635,2.4746513,6
21026,5.7804017,6.3196964,3
21027,3.0841627,5.2188077,5
21028,14.375948,6.998953,0
21029,15.226936,8.463712,0
21030,10.278774,3.9647274,6
21031,-1.8842376,-1.725259,1
21032,0.33726063,12.321902,9
21033,2.5435345,-0.20563309,2
21034,6.0391603,6.7578444,5
21035,5.7733865,4.9169226,3
21036,11.574083,5.331696,6
21037,-1.14134,13.279509,4
21038,6.0735154,6.9400406,3
21039,3.9511616,6.5319123,5
21040,0.7596341,10.799392,9
21041,11.575961,5.2915235,6
21042,4.540194,-1.1757938,2
21043,-4.717161,11.711675,7
21044,2.5410523,-0.3100256,2
21045,0.6744567,7.250545,8
21046,-0.878336,-3.9615116,8
21047,-0.62642205,10.95264,9
21048,0.6170567,6.8122773,8
21049,15.090116,8.690782,0
21050,-4.8472853,10.815642,7
21051,-3.1390162,-1.402393,1
21052,-2.6683123,-3.3715894,1
21053,3.839754,-0.9387391,2
21054,-2.810484,-1.9900436,1
21055,6.025041,3.9681954,3
21056,6.7469563,4.882435,3
21057,-0.8136669,13.751754,4
21058,5.1530538,7.3408732,5
21059,4.290842,5.9823956,5
21060,-1.5003743,-2.4162555,1
21061,11.696317,6.0169134,6
21062,-3.647408,8.876543,7
21063,-3.962645,11.503442,7
21064,14.271181,8.209311,0
21065,0.328928,6.8464637,8
21066,-1.8962747,-2.432217,0
21067,-0.19458823,11.359294,9
21068,-2.7594025,-2.0356863,1
21069,15.830097,8.154822,0
21070,-3.640895,-0.46030208,1
21071,-3.9354653,1.4469925,1
21072,1.0156478,12.117409,9
21073,2.5699663,-0.2033238,2
21074,11.4690695,6.4416356,6
21075,6.8383765,4.5480666,3
21076,0.948781,13.863524,4
21077,-1.648604,13.880501,4
21078,15.454424,7.81065,0
21079,3.6241603,5.925983,5
21080,5.329643,4.6408463,3
21081,11.727798,4.713818,6
21082,14.763269,6.972986,0
21083,-4.152744,10.590335,7
21084,11.361776,6.209669,6
21085,-0.4360414,5.9484363,8
21086,-3.982832,10.905937,7
21087,-1.4269783,11.050316,9
21088,-3.950302,1.8697522,1
21089,-0.11397005,6.118656,8
21090,-0.8565911,-3.2406778,1
21091,-0.28787053,11.434127,9
21092,6.5682774,5.3211594,3
21093,4.0090165,5.8631196,5
21094,-3.5632598,-1.0914329,1
21095,-5.0394435,10.588996,7
21096,1.2057654,14.36574,4
21097,15.928572,8.151074,0
21098,6.848184,4.4989414,3
21099,6.673011,4.244354,3
21100,10.293331,2.4325256,6
21101,-2.8974166,-1.8265982,1
21102,5.9538984,6.604079,3
21103,11.631913,5.748334,6
21104,0.8534985,7.278422,8
21105,-0.23476838,6.0661764,8
21106,0.25693065,6.0076184,8
21107,0.17266919,14.041673,4
21108,0.08893488,12.176307,9
21109,-2.0637832,-1.0700366,1
21110,-2.3750434,-3.681963,8
21111,-3.9228866,9.500584,7
21112,4.7970934,5.856778,3
21113,11.170871,5.4147654,6
21114,5.412636,7.4968038,5
21115,2.844643,4.9069114,5
21116,5.594136,4.9710712,3
21117,11.476994,5.7436337,6
21118,0.31772783,7.159812,8
21119,-1.0564456,13.56148,4
21120,1.1344041,7.0796504,8
21121,3.0414379,-0.13091446,2
21122,10.376257,4.0163274,6
21123,-3.9726524,10.041145,7
21124,2.773449,5.937258,5
21125,-0.5058055,5.878354,8
21126,11.942842,6.5021067,6
21127,-2.2134905,-0.8880422,1
21128,9.912412,2.4968767,6
21129,5.858774,4.791559,3
21130,0.52420586,12.367907,4
21131,-1.558608,13.701693,4
21132,15.561897,8.731568,0
21133,-4.055025,9.966426,7
21134,10.359635,3.34348,4
21135,2.1085846,-0.45567018,2
21136,2.1426702,-0.18398009,2
21137,15.162763,8.519483,0
21138,1.8563002,12.228885,9
21139,3.5854657,5.4905586,5
21140,1.3470306,14.593894,4
21141,15.217894,8.504072,0
21142,14.903103,7.3327227,0
21143,-2.899352,-1.3933007,1
21144,6.221764,5.2546897,3
21145,-0.14055876,10.56186,9
21146,-0.20962851,5.492891,8
21147,1.895813,0.034367215,2
21148,-4.0228453,9.608405,7
21149,5.8779416,4.7863197,3
21150,2.9414916,0.27320483,3
21151,2.561516,-0.16760968,2
21152,0.8641866,14.8281355,4
21153,5.7796326,4.517311,3
21154,6.443426,5.620386,3
21155,3.4945736,4.8934536,5
21156,6.3555408,6.3963313,3
21157,3.8919249,5.4339204,5
21158,-1.5969625,11.512065,9
21159,-4.3592367,10.551094,7
21160,-3.5872922,10.841337,7
21161,0.05055402,6.471977,8
21162,0.901855,12.147309,9
21163,-0.62433505,13.772842,4
21164,2.2917988,-0.012288524,2
21165,0.31319407,11.01467,9
21166,-3.900167,0.34160078,1
21167,-0.45924953,10.692819,9
21168,-3.1177487,0.91252553,1
21169,-4.0472364,10.277945,7
21170,5.486752,5.837084,3
21171,-2.3141975,-0.66846645,1
21172,-1.2984607,11.719862,9
21173,-3.20822,-1.4898078,1
21174,4.335558,-0.37812778,2
21175,-4.0845814,9.236266,7
21176,6.493612,4.166341,3
21177,-0.24397717,6.1687274,8
21178,-3.0610323,-2.1414542,1
21179,5.970765,4.0554023,3
21180,10.081791,4.2683735,6
21181,-1.5198797,13.841969,4
21182,4.838425,4.8257794,3
21183,-0.6007621,5.6153393,8
21184,3.474132,6.889501,5
21185,11.783182,4.8140383,6
21186,0.96448517,14.286671,4
21187,6.953622,4.555753,3
21188,0.23908521,6.09215,8
21189,1.1319072,6.13485,8
21190,1.3964207,7.6327715,8
21191,15.864483,8.306727,0
21192,1.5764976,12.291714,9
21193,0.71808463,11.703888,9
21194,3.2923214,-1.5315473,2
21195,11.697218,5.2832727,6
21196,-1.9336672,-1.4972756,1
21197,2.5444598,-0.18775395,2
21198,2.831319,6.1646013,5
21199,16.194197,8.181413,0
21200,-3.2986746,-1.3989239,1
21201,-2.7306585,-0.11000384,1
21202,-0.7882368,-3.4197433,1
21203,15.71377,7.5333576,0
21204,3.6800563,5.738385,5
21205,11.850105,5.5933294,6
21206,3.4650695,6.74478,5
21207,2.556573,-0.19736132,2
21208,6.386924,6.8470073,3
21209,5.9331646,5.4448605,3
21210,4.665364,6.5185122,5
21211,-0.33779544,6.008214,8
21212,-0.46740982,6.307006,8
21213,-0.026003903,11.087292,9
21214,11.2178135,5.456998,6
21215,15.146276,8.126433,0
21216,15.117423,8.823406,0
21217,-3.932098,9.548799,7
21218,-0.8334456,11.719427,9
21219,3.1432028,0.34842157,2
21220,-0.77705085,-4.475456,1
21221,6.70217,4.163571,3
21222,-4.2596283,10.321588,7
21223,-1.4030665,13.483775,4
21224,2.1558852,12.654731,9
21225,3.8852117,5.37081,5
21226,10.133255,2.8082082,6
21227,4.465959,6.6197615,5
21228,6.6970286,6.09247,3
21229,2.4351535,-0.07823921,2
21230,-3.7451136,0.7511572,1
21231,-0.2206138,6.62159,8
21232,-0.45515075,12.646281,4
21233,4.4098983,6.4196296,5
21234,10.397971,3.204804,6
21235,-0.82594013,14.181187,4
21236,-3.4890265,9.503654,7
21237,11.207704,4.5670466,6
21238,6.887329,4.813194,3
21239,11.217699,5.661691,6
21240,-3.446411,10.29184,7
21241,11.471394,5.3598366,6
21242,14.494028,8.367625,0
21243,-4.6710525,11.4500265,7
21244,4.0844803,6.736008,5
21245,0.16701911,11.017855,9
21246,1.3123603,14.136003,4
21247,-3.539785,-0.6094281,1
21248,-1.8181462,-3.5749214,1
21249,-0.49930343,5.9719257,8
21250,6.7139015,6.4670362,3
21251,2.597429,-0.24589826,2
21252,3.499279,5.374409,5
21253,-2.0208247,-1.0854144,1
21254,4.4566636,-1.768682,2
21255,2.643981,-0.27807912,2
21256,14.186833,6.4500747,0
21257,11.342159,4.6054163,6
21258,-4.138956,10.738957,7
21259,5.0109696,6.7851253,5
21260,15.810132,8.001517,0
21261,6.132784,4.5775037,3
21262,-2.1469808,15.038627,4
21263,-0.9252404,13.8337345,4
21264,4.8186064,7.7791085,5
21265,-4.015194,10.546822,7
21266,14.567174,7.4218006,0
21267,-0.7474115,11.29701,9
21268,10.157733,4.1465635,6
21269,-0.30154282,13.584184,4
21270,1.6765951,14.459419,4
21271,15.502695,8.417331,0
21272,-1.5953745,-3.5802174,1
21273,15.405652,8.464712,0
21274,3.5323555,-1.1108438,2
21275,3.9210465,6.5993433,5
21276,2.8630323,6.4569535,5
21277,-0.54308903,11.212039,9
21278,5.2280765,4.666112,3
21279,15.7794485,8.123081,0
21280,0.30700836,5.6575856,8
21281,-2.2167408,-2.4509084,1
21282,0.9511236,6.1227574,8
21283,2.1774068,-0.41321722,2
21284,6.11889,5.86211,3
21285,6.2485557,6.359583,3
21286,1.0596797,7.443228,8
21287,-0.1579916,13.071675,4
21288,-1.5958889,-3.8778458,1
21289,4.660815,7.024463,5
21290,10.242751,4.414236,6
21291,11.83678,5.1182637,6
21292,-2.3954332,-3.6859446,1
21293,-5.3893795,10.438551,7
21294,10.832941,4.3461323,6
21295,2.6781528,7.314196,8
21296,-0.27751517,14.677828,4
21297,-2.3300939,9.248382,9
21298,10.166781,3.399819,6
21299,16.127312,8.156004,0
21300,0.14748862,10.835589,9
21301,-2.1910512,-2.2350311,1
21302,-1.2528104,12.049674,9
21303,2.278105,-0.94693977,2
21304,-0.039604247,13.230134,4
21305,6.2581735,6.3594766,3
21306,4.9648438,5.831676,3
21307,-0.11086643,13.222002,4
21308,14.7614565,6.279868,0
21309,5.921038,7.6783257,5
21310,0.70826685,7.247399,8
21311,11.826737,5.2297072,6
21312,-0.11877604,6.3789325,8
21313,-5.1272807,10.611452,7
21314,16.340508,7.5972266,0
21315,2.648728,7.3198004,8
21316,10.919436,5.101072,6
21317,-1.4356608,10.146372,9
21318,-3.7413948,11.266536,7
21319,15.399759,8.655759,0
21320,5.976741,5.5680156,3
21321,-2.378612,-2.8753748,1
21322,-3.7422945,11.355109,7
21323,2.091886,-0.46032748,2
21324,3.6213465,-1.836875,2
21325,6.3965616,6.5600915,3
21326,-0.67632484,13.269307,4
21327,-0.78038293,13.064805,4
21328,6.1346445,5.587583,3
21329,4.2803335,6.8666635,5
21330,2.016478,-0.5788716,2
21331,11.730587,4.4741063,6
21332,10.869481,4.3391666,6
21333,-5.2715535,11.367328,7
21334,-1.5742928,-3.98308,1
21335,-4.8832207,11.853615,7
21336,-0.9241983,11.951869,9
21337,11.693215,5.258389,6
21338,3.3625438,6.9050093,5
21339,-0.28255966,13.030787,4
21340,0.33791822,13.774248,4
21341,5.9601493,6.756026,3
21342,-2.5309412,-0.8254041,1
21343,15.863236,8.017845,0
21344,-1.5135287,10.681716,9
21345,11.57963,4.636357,6
21346,2.858591,6.421402,5
21347,11.7685175,5.553967,6
21348,-1.6109774,-2.6272016,6
21349,11.761503,5.3458567,6
21350,14.535668,8.474233,0
21351,-3.347241,9.300885,9
21352,-4.314342,10.27268,7
21353,15.595356,6.9727926,0
21354,14.272735,7.322821,0
21355,15.377552,8.383895,0
21356,-1.7767444,9.766377,9
21357,-1.4868973,-2.9728973,1
21358,14.280411,7.515344,0
21359,6.1733546,6.449051,3
21360,5.340751,7.514504,5
21361,-2.5870953,9.497999,9
21362,-2.5949404,-2.958043,1
21363,-0.17141844,13.034394,4
21364,-2.6323214,-3.4422052,1
21365,5.9040694,7.5265346,5
21366,3.3420565,-1.2540098,2
21367,-4.389625,9.544849,7
21368,11.077237,4.585406,6
21369,-1.3543515,10.562021,9
21370,6.4653535,6.923143,3
21371,5.941455,7.6931906,5
21372,15.379518,8.345528,0
21373,11.776083,5.332303,6
21374,-0.78519964,13.665632,4
21375,2.6069238,7.302935,8
21376,-0.945909,-3.6877475,1
21377,-1.2012304,10.455712,9
21378,0.67364025,11.652454,9
21379,-2.5222275,-2.6381567,1
21380,14.476329,7.937546,0
21381,6.3287773,6.3741207,3
21382,6.681373,4.2247458,2
21383,2.664502,7.3159046,8
21384,1.6083573,6.8214264,8
21385,5.940286,7.6871486,5
21386,-3.7002342,11.458061,7
21387,-5.067397,9.840686,7
21388,-5.0937543,12.266098,7
21389,1.9540032,6.424102,8
21390,6.63383,6.509659,3
21391,-2.08814,-3.3764915,1
21392,10.159761,3.8595815,6
21393,-0.56123906,12.961828,4
21394,-3.941407,0.8212119,1
21395,2.7464287,7.3454905,8
21396,-5.2741256,10.598448,7
21397,5.28383,7.64585,5
21398,-1.5895636,-2.1599011,1
21399,2.7075398,7.2777915,8
21400,-4.980661,11.102447,7
21401,-1.5495541,-2.406517,1
21402,-1.346462,-3.6138518,1
21403,16.171612,8.651997,0
21404,10.321061,3.1246037,6
21405,-5.353313,10.165487,7
21406,1.1051813,6.7901616,8
21407,11.820246,5.037745,6
21408,0.7524758,6.8265085,8
21409,-1.059416,-3.2006073,1
21410,10.585974,4.012519,6
21411,11.198288,5.5340166,6
21412,-3.5323977,8.911255,7
21413,15.453827,8.313144,0
21414,3.1471074,0.21077245,2
21415,7.195769,4.924085,3
21416,5.316453,7.2983007,5
21417,-0.22664674,13.042564,4
21418,10.8016405,5.2828283,6
21419,11.571548,5.01469,6
21420,6.478788,6.6683764,3
21421,2.6861682,7.3288608,8
21422,1.5561641,12.137162,9
21423,0.36148953,12.080408,9
21424,-2.3292737,-0.8337509,1
21425,2.4442508,-0.030397097,2
21426,11.571453,4.758209,6
21427,-2.0619323,-2.9482353,1
21428,5.217423,5.201678,3
21429,-4.9033546,9.045254,7
21430,-0.21316876,13.316847,4
21431,-0.15411526,13.102846,4
21432,0.7541567,7.345545,8
21433,5.8862405,7.579033,5
21434,11.626811,5.19001,6
21435,2.7866678,0.24449898,2
21436,3.0596702,0.59476185,2
21437,-4.4910965,9.882642,7
21438,3.221437,-1.1059958,2
21439,5.576083,7.683444,5
21440,5.007785,6.9752765,5
21441,2.6732523,-0.09650117,2
21442,0.03260423,12.7953205,4
21443,2.2909243,-0.32940516,2
21444,2.1096547,-0.5949608,2
21445,15.412969,5.617442,9
21446,-2.6805255,-3.239978,1
21447,7.0448117,5.8992405,3
21448,-1.8390744,14.138447,4
21449,-0.3509798,10.511334,9
21450,2.3769372,-1.1992083,2
21451,2.5344927,0.1555083,2
21452,11.62895,6.3677354,6
21453,2.098455,0.012117325,2
21454,14.27685,7.1242447,0
21455,5.588109,7.7137017,5
21456,-3.8831942,8.755492,7
21457,2.3992312,7.2044573,8
21458,6.0075345,5.669101,3
21459,-5.1626287,10.038487,7
21460,-3.0112047,-1.717015,1
21461,-0.55608964,13.066818,4
21462,-4.9983664,9.839079,7
21463,-4.459101,10.117665,7
21464,-4.07377,10.510076,7
21465,-1.5718417,-3.8412635,1
21466,5.74225,5.619865,3
21467,2.321809,7.24293,8
21468,5.0888824,5.060707,3
21469,16.135736,8.058254,0
21470,2.8387406,-1.0745598,2
21471,-0.33204445,10.546416,9
21472,0.93346435,14.379437,4
21473,11.766623,5.233137,6
21474,-2.2339613,-3.3570802,1
21475,2.6254745,7.298273,8
21476,-0.85299754,-4.391652,1
21477,-2.4818218,-3.1018279,1
21478,-4.4298716,9.456337,7
21479,-0.9748941,-3.1215649,1
21480,0.87142277,14.220608,4
21481,5.5183234,7.7853465,5
21482,-3.9043925,10.812829,7
21483,-3.8920634,9.693877,7
21484,2.9942677,6.0451317,5
21485,11.12775,4.645461,6
21486,0.046163067,6.4431815,8
21487,6.4995847,6.5301833,3
21488,11.148821,5.984467,6
21489,5.143432,7.492204,5
21490,-1.1162508,14.113074,4
21491,-0.2600048,13.015733,4
21492,-2.1540968,-1.0164454,1
21493,2.5056624,0.2503169,2
21494,0.89826375,7.305242,8
21495,-0.43302968,10.586991,9
21496,6.033538,5.7783628,3
21497,15.321113,7.2867327,0
21498,-2.4057205,-3.3199732,1
21499,-0.3337742,12.923909,4
21500,-0.628559,13.55838,4
21501,-4.1781235,10.989513,7
21502,2.22049,-0.55764437,2
21503,-0.35556713,12.999863,4
21504,2.308818,-0.36291218,2
21505,7.031305,5.8990536,3
21506,15.024591,8.827444,0
21507,1.7573009,-0.73745316,2
21508,14.700931,6.9293766,0
21509,0.45145333,12.018964,9
21510,-0.9003897,11.107271,9
21511,2.0680618,-0.29580638,2
21512,5.7819333,4.292081,3
21513,15.60598,8.357348,0
21514,-5.3095827,11.3322115,7
21515,6.1201744,6.200888,3
21516,-0.7320965,11.420215,9
21517,-0.1732337,13.100337,4
21518,-4.481126,10.092357,7
21519,4.8313932,7.5879493,5
21520,1.1883837,6.838109,8
21521,15.324375,8.299567,0
21522,4.4201503,-0.94641083,2
21523,15.536726,8.417369,0
21524,5.5287943,5.3656487,3
21525,6.5743637,6.568068,3
21526,15.133334,8.151248,0
21527,2.1365933,-0.7020991,2
21528,2.402193,-0.28529277,2
21529,2.6531065,7.3311534,8
21530,3.6986353,6.340132,5
21531,6.0575323,5.683278,3
21532,5.502566,7.629901,5
21533,14.810381,6.3987284,0
21534,14.303442,7.5587745,0
21535,-3.2908149,-1.4163805,1
21536,2.7175133,-1.1985841,2
21537,2.3268063,-0.12322745,2
21538,10.412159,4.9677887,6
21539,5.195774,4.7968006,3
21540,0.8349005,14.144272,9
21541,-1.7802087,13.655498,4
21542,16.03068,8.64073,0
21543,4.433035,6.639943,5
21544,1.6626508,-0.66534036,2
21545,10.898838,3.9250662,6
21546,15.077678,8.25351,0
21547,-4.241856,8.807047,7
21548,4.8826585,7.027537,5
21549,-0.65196073,5.269966,8
21550,5.7100444,7.5473886,5
21551,-2.160434,9.797274,9
21552,-2.846029,-2.0577567,1
21553,15.355553,7.165742,0
21554,-2.8542063,0.087091975,1
21555,-3.5011446,-0.4179508,1
21556,0.97546554,6.513153,8
21557,3.9931297,-1.4058551,2
21558,6.139295,7.571078,5
21559,6.536964,4.730409,3
21560,14.254452,7.8575196,0
21561,-1.6935915,14.497828,4
21562,-0.5769451,10.948183,9
21563,4.4762163,6.5972385,5
21564,10.986554,4.8046117,6
21565,10.789317,3.3835812,6
21566,4.56859,-1.7958832,2
21567,-4.0693455,8.979344,7
21568,-1.4237224,-2.3399324,1
21569,-0.49586645,5.2310677,8
21570,5.897501,6.00201,3
21571,-1.7769347,10.151797,9
21572,-3.167528,9.09446,7
21573,15.977242,7.5783195,0
21574,-0.62959635,-3.8715043,1
21575,-3.5205128,-0.5997672,1
21576,14.2745695,5.7446265,0
21577,3.8196406,-0.86669195,2
21578,0.72479665,6.0682774,8
21579,6.4183946,4.322619,3
21580,6.1126447,5.219577,3
21581,-1.725951,13.701307,4
21582,6.4210196,5.3924317,3
21583,3.985502,6.050011,5
21584,6.678349,5.9971085,3
21585,10.916011,3.7095835,6
21586,14.726252,8.763438,0
21587,-3.8141167,9.046657,7
21588,3.0599103,6.5937676,5
21589,-0.46619332,5.173501,8
21590,-1.0570548,13.92818,4
21591,-1.7834187,10.201251,9
21592,-1.3795114,11.630518,9
21593,-0.19901752,5.831409,8
21594,-1.9109833,-3.4468791,1
21595,-1.3341331,11.072733,9
21596,6.026855,4.7514763,3
21597,4.080441,-1.3135163,2
21598,-3.0723715,9.943322,2
21599,10.575325,3.9905436,6
21600,14.525163,7.1463184,0
21601,14.304876,6.0287304,1
21602,14.870793,6.625945,0
21603,-3.99923,9.577339,7
21604,5.1433854,6.6887903,5
21605,10.571234,3.504171,6
21606,4.7472672,4.856391,3
21607,5.663141,4.897891,3
21608,14.649038,8.39034,0
21609,4.5427885,6.800646,5
21610,5.4060082,5.148142,3
21611,-1.7450302,13.812437,4
21612,14.614396,6.6925063,0
21613,-0.53222364,5.1776466,8
21614,14.517017,8.6602745,0
21615,4.63544,-1.1917931,2
21616,1.6722969,12.680295,9
21617,10.986247,3.8521404,6
21618,-1.6438701,-4.166281,1
21619,-1.1550665,13.882362,4
21620,14.222097,7.360114,0
21621,-4.020373,9.32801,7
21622,5.8567414,5.1120114,3
21623,3.736644,-1.3618964,2
21624,-4.1711736,10.156455,7
21625,6.682045,4.7164774,3
21626,4.345156,7.7593327,5
21627,-1.7548534,13.653149,4
21628,16.24604,7.5351934,0
21629,4.130622,6.0905585,5
21630,1.9622658,-0.46697238,2
21631,-1.8299469,10.146431,9
21632,3.1996856,5.846145,5
21633,4.1720004,-1.1397777,2
21634,-3.8918576,0.45396084,1
21635,15.427513,7.0514026,0
21636,6.9289837,4.521899,2
21637,5.9206805,4.7257023,3
21638,2.985496,-1.1956158,2
21639,-1.7304112,9.762506,9
21640,14.773078,6.2371497,0
21641,-3.8603768,8.843136,7
21642,-0.58709544,12.87669,4
21643,6.5634904,4.392353,3
21644,1.2425014,14.074679,4
21645,-0.7847926,10.546127,9
21646,1.4256858,12.121521,9
21647,5.7028184,5.099838,3
21648,1.7875205,14.501337,4
21649,-0.23635599,5.4127674,8
21650,2.4351494,7.6194863,8
21651,-3.7216735,9.058116,7
21652,2.0690157,-0.13132851,2
21653,-1.1748581,14.300522,4
21654,5.941098,5.3439746,3
21655,-1.5313691,13.879867,4
21656,1.0141178,6.6949244,8
21657,-1.5647333,10.258093,9
21658,15.288399,6.3110075,0
21659,-0.48777643,5.2156897,8
21660,4.8409047,4.7940493,3
21661,4.4013705,6.817451,5
21662,-4.9537663,12.017023,7
21663,-0.81248707,5.1198244,8
21664,0.69042623,13.899814,4
21665,4.568555,-1.2247882,2
21666,-4.4783945,8.754164,7
21667,10.917382,3.9612567,6
21668,2.012747,-0.5622591,2
21669,-1.478401,10.551118,9
21670,2.0414271,-0.6310406,2
21671,4.2658257,6.505379,5
21672,-5.3530507,10.13587,7
21673,5.430182,4.5176535,3
21674,3.9891741,-1.7071685,2
21675,10.380851,3.8934407,6
21676,9.927746,3.060466,6
21677,4.1977015,7.1804013,5
21678,5.4666643,7.413728,5
21679,-3.9225535,9.551063,7
21680,-2.98875,-2.478563,1
21681,15.653366,6.7143974,0
21682,-1.0745487,-4.0476937,1
21683,3.9289188,-1.258913,2
21684,10.03506,2.7668176,6
21685,6.7572894,5.0318427,3
21686,2.1815178,12.2397585,9
21687,-3.3711064,-1.7203221,1
21688,0.8278489,6.400403,8
21689,6.020535,5.040009,3
21690,6.5925674,6.809075,3
21691,3.2716365,-1.5436171,2
21692,-4.3599854,10.2624235,2
21693,-3.435675,10.163341,7
21694,1.1429194,6.597361,8
21695,5.578792,4.1672826,3
21696,10.953705,4.9719276,6
21697,-2.594224,-0.33909792,1
21698,-4.026882,2.1624022,1
21699,-3.242706,-0.39892027,1
21700,-4.4682846,11.00667,7
21701,-3.3986342,10.424927,7
21702,-1.2606574,-3.4439538,1
21703,14.502557,6.573514,0
21704,-5.201911,11.373067,7
21705,-0.21326822,6.350428,8
21706,2.976112,12.202019,7
21707,3.83409,6.7123294,5
21708,1.5344273,7.2992296,8
21709,-3.801438,0.2365448,1
21710,-3.7878242,11.30823,7
21711,0.20826441,6.1251726,8
21712,10.925575,3.0887966,6
21713,3.391306,-1.2992295,2
21714,5.138833,5.7464733,3
21715,-1.9863259,-1.1203618,1
21716,-1.7608156,-3.9550438,1
21717,5.7615895,5.0327215,3
21718,0.7355534,11.9673605,9
21719,-4.231922,9.887648,7
21720,6.1978106,6.4012723,3
21721,15.524195,7.055204,0
21722,1.965602,-0.9192178,2
21723,-0.6744954,5.6950293,8
21724,1.1494482,12.456899,9
21725,-3.6659117,9.3076725,7
21726,5.68123,4.9921966,3
21727,4.001626,-1.4120128,2
21728,11.83109,4.9636374,6
21729,-1.6328301,13.963981,4
21730,1.6266934,7.203667,8
21731,-1.7864617,13.837615,4
21732,-4.4970617,11.425928,7
21733,-0.4008271,5.255061,8
21734,5.9501534,7.764524,5
21735,15.84059,6.962289,0
21736,15.1255665,7.6109548,0
21737,-3.9451506,-0.20242773,1
21738,0.95588076,14.531723,4
21739,2.9848375,6.1185136,5
21740,-1.4102502,-4.275173,1
21741,-3.7152429,-0.5173606,1
21742,2.1031744,-0.65986454,2
21743,-1.14527,14.396069,4
21744,-1.2937927,-4.300167,1
21745,10.572571,2.5577037,6
21746,0.7378141,13.691955,4
21747,15.739439,7.5263996,0
21748,-0.72049224,10.892691,9
21749,4.7356796,6.6346574,5
21750,1.6724038,-0.1943504,2
21751,-3.6650958,0.09981284,1
21752,11.054578,4.568147,6
21753,10.693336,3.101883,6
21754,5.8045034,7.0540376,5
21755,10.919367,3.6907146,6
21756,-0.83017206,10.665722,9
21757,-1.6802704,10.345953,9
21758,-5.1426454,12.204952,7
21759,15.664433,7.7633996,0
21760,4.0908227,-1.818347,2
21761,-3.3940403,8.859602,7
21762,10.783119,4.644476,6
21763,11.290515,3.3818479,6
21764,10.550176,2.4829268,6
21765,-3.541662,1.4958428,1
21766,15.245194,6.320014,0
21767,-4.1216345,1.4506603,1
21768,14.721421,7.6516876,0
21769,15.06139,8.496552,0
21770,1.1491152,14.276098,4
21771,-2.3252983,-2.1546917,1
21772,11.366589,5.998494,6
21773,3.2405276,-1.1164448,2
21774,0.6430017,11.944044,9
21775,6.627902,5.6248083,3
21776,1.726716,14.348662,4
21777,0.20422757,13.978162,4
21778,0.41589382,6.288234,8
21779,4.5944786,7.543822,5
21780,14.949957,8.019364,0
21781,11.452018,5.404852,6
21782,3.7695937,6.552479,5
21783,-4.678511,10.860654,7
21784,3.7037995,-1.7650362,2
21785,1.0958244,6.347297,8
21786,-1.1757787,9.475908,9
21787,-0.02724295,11.683901,9
21788,4.082823,-1.154992,2
21789,15.1553545,8.349018,0
21790,-4.214262,10.263424,7
21791,-2.2007477,-1.8587532,1
21792,1.3182708,14.620246,4
21793,3.2787387,-0.9553784,2
21794,-1.9107597,-3.4324827,1
21795,5.748516,4.953622,3
21796,3.5575664,-1.4807512,2
21797,0.55967426,13.98422,4
21798,2.7637289,-1.2711982,2
21799,4.812488,7.301559,5
21800,15.6633835,7.110426,0
21801,11.484007,4.8521366,6
21802,1.7001138,-0.5527112,2
21803,-4.856642,11.002253,7
21804,1.6832049,-0.4999851,2
21805,1.7583765,6.611924,8
21806,3.2308326,6.307824,5
21807,-0.25986975,11.858032,9
21808,11.589814,4.5113153,6
21809,15.194593,8.540303,0
21810,2.8474612,5.7221637,5
21811,-2.1765668,-2.1063838,1
21812,6.859654,5.388448,3
21813,3.1822352,-1.1440022,2
21814,1.3591527,13.942725,4
21815,6.8074937,5.2814145,3
21816,-3.655825,9.538744,7
21817,0.41170415,14.490293,4
21818,-3.4842892,-1.1992184,1
21819,4.9067993,7.4169545,5
21820,3.744936,6.009876,5
21821,11.453912,5.3763337,6
21822,0.54471076,14.808091,4
21823,-4.8861165,10.85484,7
21824,-4.903461,11.830855,7
21825,1.2759129,6.288038,8
21826,1.5419052,7.1719403,8
21827,-0.3739343,11.914675,9
21828,-1.4401164,13.847193,4
21829,-2.199661,-2.1398602,1
21830,0.44891974,14.418385,4
21831,6.608372,5.0198364,3
21832,10.791355,5.1385064,6
21833,4.9675827,6.9128604,5
21834,-4.0072927,9.385576,7
21835,0.5918881,11.481797,9
21836,4.11249,7.0277324,5
21837,0.28477454,13.931511,4
21838,10.49835,3.6338336,6
21839,-2.723093,-1.1148294,1
21840,0.8039933,11.57138,9
21841,-4.517311,10.629553,7
21842,-0.60887784,10.819477,9
21843,-4.1662025,10.361929,7
21844,10.5580635,2.3417828,6
21845,3.0433304,-0.20206058,2
21846,1.281744,13.872731,4
21847,-2.1982546,-1.9086798,1
21848,14.173521,7.9800744,0
21849,0.07253478,13.606025,4
21850,4.841974,7.2752943,5
21851,2.2679183,7.1093936,8
21852,1.5344937,-0.08827664,2
21853,6.793685,4.909033,3
21854,11.245112,5.7755146,6
21855,0.6926054,6.2961383,8
21856,10.713754,3.0441256,6
21857,3.4403074,-0.99525034,2
21858,0.44869864,13.984446,4
21859,0.32000926,11.796116,9
21860,10.821048,3.8087428,6
21861,5.8294687,5.060529,3
21862,11.5958605,6.319434,6
21863,1.2900903,6.4634027,8
21864,5.9914174,6.1766734,3
21865,4.3274894,7.08148,5
21866,5.2084093,4.8011312,3
21867,-0.6556532,14.072812,4
21868,1.2683653,6.388525,8
21869,0.6673856,11.437063,9
21870,0.33022287,12.155541,9
21871,-4.6095705,10.304313,7
21872,1.7296206,12.375189,9
21873,4.2322087,6.8255434,5
21874,14.936115,8.857499,0
21875,0.14650458,14.279281,4
21876,0.8344923,12.109659,9
21877,6.8747516,4.7253137,3
21878,-3.7854638,0.22156696,1
21879,0.39031824,11.256322,9
21880,2.5739703,-0.024126595,2
21881,3.3697968,-0.88425446,2
21882,0.29796472,13.959508,4
21883,4.4589224,7.2375193,5
21884,-2.136787,-2.002599,1
21885,-4.540613,10.252087,7
21886,0.058388133,14.043285,4
21887,0.35329658,14.167403,4
21888,0.9285567,14.289799,4
21889,-2.3560193,-1.479383,1
21890,14.81457,8.789108,0
21891,3.2771246,-1.204639,2
21892,1.4474832,12.116753,9
21893,5.9128604,5.998473,3
21894,-3.3380759,8.343831,7
21895,3.8396158,6.150727,5
21896,2.1227882,6.8241963,8
21897,0.49418396,11.245964,9
21898,14.249635,7.1678634,0
21899,-2.4180686,-1.4283938,1
21900,11.589735,6.159915,6
21901,11.665978,4.9200954,6
21902,3.0396204,6.795866,5
21903,15.686189,8.607587,0
21904,-3.9824715,10.00404,7
21905,-2.4872308,-1.3410603,1
21906,1.148917,12.555594,4
21907,15.039745,7.9329777,0
21908,-0.9742259,-3.4396224,1
21909,15.318791,8.540626,0
21910,14.330879,6.888166,0
21911,3.3308458,-1.1114465,2
21912,10.469018,4.6491966,6
21913,0.83685404,6.9642344,8
21914,5.0699825,7.712243,5
21915,-4.620484,10.2956,7
21916,0.50287473,13.826939,4
21917,3.189312,-1.162662,2
21918,10.476706,3.984377,6
21919,4.658067,7.2450023,5
21920,10.9474745,5.113924,6
21921,-2.2584822,-2.2498894,1
21922,-0.8470857,12.921334,4
21923,-2.0277202,-1.9178379,1
21924,-1.0401607,10.777046,9
21925,1.4609852,6.66669,8
21926,0.8157708,6.694611,8
21927,3.6797712,5.926994,5
21928,-2.0088923,-3.4507604,1
21929,11.375872,4.998949,6
21930,5.971295,6.525708,3
21931,-0.053239383,14.524441,4
21932,14.126928,6.275969,0
21933,15.549263,8.601018,0
21934,11.315223,6.179396,6
21935,0.88722116,14.745341,4
21936,-0.7107614,13.448256,4
21937,-4.9453564,10.853082,7
21938,5.0867186,5.8474064,3
21939,7.030584,5.0985966,3
21940,-0.7948031,13.679039,4
21941,11.27784,5.1637564,6
21942,-2.0724158,-3.7848501,1
21943,0.32261097,6.1851177,8
21944,9.565714,3.3191214,1
21945,15.1930685,8.51055,0
21946,6.129227,6.578008,3
21947,6.5137553,5.0121217,3
21948,5.860573,6.813819,3
21949,-4.864199,11.373698,7
21950,5.865235,4.868249,3
21951,1.082691,14.48527,4
21952,1.7909003,0.07495002,2
21953,15.633526,8.2804365,0
21954,14.239628,7.8347707,0
21955,11.656016,5.629771,6
21956,5.087111,7.2217536,5
21957,0.27970254,11.849357,9
21958,-2.945022,-0.3238387,1
21959,3.0222654,-1.1910175,2
21960,15.721525,6.7254624,0
21961,11.635192,5.354573,6
21962,0.75377023,6.3402495,8
21963,4.45447,7.3450346,5
21964,-1.5641578,-3.2718906,1
21965,1.205777,6.4042845,8
21966,5.445512,5.448772,3
21967,11.20467,5.044393,6
21968,-0.27293044,13.156917,4
21969,1.2321001,11.708927,9
21970,14.312152,5.879344,0
21971,15.6510315,8.523236,0
21972,-1.6631631,-3.5387194,1
21973,-0.621861,14.064701,4
21974,6.5199423,5.140847,3
21975,15.760975,8.59069,0
21976,4.3897543,6.4151917,5
21977,11.554569,5.4221826,6
21978,-2.0186658,-1.2287207,1
21979,-3.093528,-0.42000768,1
21980,5.396852,5.0803595,3
21981,-0.17809276,10.901879,9
21982,-4.4076705,10.4782915,2
21983,3.2926385,0.18797867,2
21984,-1.8108072,-2.0901895,1
21985,15.377325,8.6869335,0
21986,6.956671,5.648964,3
21987,-0.011420491,11.213108,9
21988,-1.6859,14.631862,4
21989,3.6876712,5.892453,5
21990,-2.0853379,-2.460905,1
21991,-2.2238407,-1.5634893,1
21992,0.90653944,14.2394,4
21993,6.7615914,4.700107,3
21994,-0.5853607,14.0457115,4
21995,11.483751,5.0554404,6
21996,15.186007,6.4231596,0
21997,-0.25392672,11.547535,9
21998,5.776421,5.762985,3
21999,-0.78102785,14.311264,4
22000,5.1607165,5.270667,3
22001,1.4713458,6.5246024,8
22002,5.72198,3.9492242,3
22003,6.7284985,5.4199996,3
22004,-3.160133,-1.8240244,1
22005,-4.943006,11.125951,7
22006,10.452784,3.2701488,6
22007,-4.496374,9.577229,7
22008,14.898393,8.405541,0
22009,11.440745,4.805198,6
22010,2.7831957,0.018081266,2
22011,5.7605534,5.0000887,3
22012,0.1418222,13.87288,4
22013,15.470804,8.095095,0
22014,6.3729296,5.4596395,3
22015,4.7256184,7.2282825,5
22016,-4.7899404,11.7136135,7
22017,11.080108,4.240049,6
22018,-3.8970478,10.948063,7
22019,3.3216631,-1.0307606,2
22020,5.192359,7.359971,5
22021,3.1334004,0.22575808,2
22022,-3.9132123,10.487079,7
22023,14.673382,8.746276,0
22024,6.6666894,4.6871004,3
22025,-0.59420776,-4.060547,1
22026,2.3517582,-0.92218536,2
22027,2.2545972,-1.0782108,2
22028,-0.31416267,13.730634,4
22029,6.870196,6.362057,3
22030,5.613676,7.039364,5
22031,1.1271007,13.421974,4
22032,5.3876886,5.8164687,3
22033,6.0147448,7.518937,5
22034,-5.3509607,11.346742,4
22035,11.591898,6.3992314,6
22036,3.3741188,-0.4769298,2
22037,-5.3015985,12.173707,7
22038,4.2119303,6.551776,5
22039,2.215371,7.3139305,8
22040,15.397316,8.273115,0
22041,2.0894413,12.832863,9
22042,3.4543152,7.1083403,5
22043,14.660224,8.861361,0
22044,3.085982,0.033420496,2
22045,-0.72325695,-4.326854,1
22046,15.213934,7.982437,0
22047,2.9166293,-1.340814,2
22048,14.950281,6.2012377,0
22049,6.026133,6.2460337,3
22050,-0.49084863,12.364853,9
22051,1.4277065,14.139144,4
22052,-3.1091375,9.6488495,7
22053,6.088873,7.4790473,5
22054,0.3834247,6.389497,8
22055,11.364829,6.062713,6
22056,2.6854875,-1.1654543,2
22057,-5.292132,12.165943,7
22058,6.2611537,4.178334,3
22059,1.9601437,7.628042,8
22060,0.64534336,7.2158713,8
22061,1.903774,12.782842,9
22062,3.300703,-1.9045901,2
22063,14.7949095,8.862523,0
22064,0.8483277,14.51387,4
22065,-0.5760307,-4.073559,1
22066,-3.2158942,-2.3661063,1
22067,3.6743207,-1.6835603,2
22068,10.704112,3.4652932,6
22069,6.936043,5.771586,3
22070,1.7420406,0.014003875,2
22071,1.3522464,14.13868,4
22072,-0.578785,12.118019,9
22073,5.923833,7.7593713,5
22074,9.969148,3.1126213,6
22075,11.512602,6.337864,6
22076,4.236756,-1.2545823,2
22077,-4.7277737,11.843086,7
22078,-0.29182938,12.071855,9
22079,1.7051817,7.3329887,8
22080,0.5274649,11.64669,9
22081,1.2389394,12.598956,9
22082,-4.988038,11.808393,7
22083,3.9866643,-1.9839442,2
22084,11.557318,5.5203605,6
22085,1.5279253,14.103273,4
22086,1.9295331,12.626864,9
22087,-0.7164428,-3.9979675,1
22088,-0.8559123,11.976618,9
22089,5.8708982,7.18238,5
22090,-3.70296,11.229338,7
22091,11.755429,6.54016,6
22092,7.0343747,5.8752193,3
22093,-0.6863049,-4.3416653,1
22094,-3.5826256,10.293586,7
22095,-0.270271,-4.502008,1
22096,-0.94847363,13.558157,4
22097,-5.2474227,12.253321,7
22098,-0.040837117,15.018698,4
22099,1.8887539,7.3756785,8
22100,2.6715972,-1.4114971,2
22101,5.658617,7.4648714,5
22102,4.160386,6.7482476,5
22103,6.1455045,6.321253,3
22104,1.9869696,-0.80494595,2
22105,1.3620481,14.20503,4
22106,-0.6049662,-4.256034,1
22107,11.382347,5.783686,6
22108,0.5513324,12.086178,9
22109,-5.3019,12.051677,7
22110,0.98635155,12.229958,9
22111,14.798843,8.899344,0
22112,4.0445466,-1.351307,2
22113,5.862882,6.137598,3
22114,6.131778,6.743797,3
22115,3.8672962,-1.8919793,2
22116,0.53865385,12.076447,9
22117,1.7754316,12.3914585,9
22118,1.1684085,5.948908,8
22119,1.9190657,6.871019,8
22120,-0.9179503,-4.3066244,1
22121,11.715138,6.228759,6
22122,5.6118946,4.590182,3
22123,3.9792051,7.667091,8
22124,2.107738,-0.7967858,2
22125,1.7255124,12.357548,9
22126,5.6853013,4.4001026,3
22127,2.1234038,12.605523,9
22128,10.105927,3.1900811,6
22129,-5.004188,12.25279,7
22130,-1.2815986,11.816971,5
22131,-5.301178,12.247751,7
22132,3.0462542,-1.4477037,2
22133,3.9481208,-1.9603797,2
22134,-3.6867797,11.048834,7
22135,-0.9146386,-4.5004883,1
22136,2.6077237,7.1838818,8
22137,-0.94830525,-4.081146,1
22138,0.74176943,13.955414,4
22139,14.4208555,6.873712,2
22140,-1.1724027,11.453142,9
22141,2.2072234,7.5753164,8
22142,11.743332,5.2771645,6
22143,14.826888,8.838599,0
22144,14.799893,7.3227525,0
22145,11.688903,6.33443,6
22146,3.739416,-1.6378906,2
22147,5.9606514,7.642947,5
22148,1.9395208,12.34419,9
22149,5.8029175,6.9736867,3
22150,0.6514593,6.7669845,8
22151,1.81741,7.4907293,8
22152,14.590577,7.187282,0
22153,-0.9116284,-4.467102,1
22154,6.31428,6.007593,3
22155,5.803195,7.1069813,3
22156,3.6983986,6.804314,5
22157,11.683477,6.56059,6
22158,-0.5615606,-4.10026,1
22159,14.981162,8.9591465,0
22160,11.567867,6.04373,6
22161,1.0159768,13.616921,4
22162,5.7844286,5.779806,3
22163,1.5724666,7.349425,8
22164,-3.4479802,-1.298509,1
22165,1.3862625,12.732713,9
22166,6.000227,7.6597047,8
22167,-5.335252,12.163146,7
22168,-1.973287,-3.6815305,1
22169,3.991315,-1.9891458,2
22170,-2.073879,-3.781668,1
22171,-4.8178296,12.2340355,7
22172,5.2395444,5.059691,3
22173,-0.4726848,-4.3290753,1
22174,-1.0471319,11.127094,9
22175,2.1468427,7.382989,8
22176,-0.29499647,11.960476,9
22177,6.5190673,5.538935,2
22178,11.0397415,6.0564094,6
22179,-1.0268134,-4.3407793,1
22180,4.228319,7.6112556,5
22181,-4.3280296,12.064257,7
22182,4.7732058,5.3763404,3
22183,-4.9126153,12.216695,7
22184,2.8775527,-0.7907069,2
22185,5.949505,6.2254186,3
22186,3.7907326,6.6339827,5
22187,3.164278,-1.5031377,2
22188,3.4189024,-0.6332563,2
22189,1.1179152,13.434433,4
22190,10.511405,2.7941704,6
22191,11.666917,6.4178443,6
22192,-2.9027643,-2.5126112,1
22193,6.045128,7.510177,5
22194,5.608358,7.70523,5
22195,1.6561426,12.171228,9
22196,16.500294,8.201748,0
22197,1.1375624,13.461387,4
22198,1.9584113,0.04992871,2
22199,3.9522839,-2.0192068,2
22200,3.771202,0.7070896,2
22201,2.1702502,7.075223,8
22202,15.156357,8.445903,0
22203,3.5016177,-1.9423298,2
22204,5.3152685,6.4761767,3
22205,5.9659696,7.6990137,5
22206,5.559958,4.7204146,3
22207,-0.59507877,-4.1994796,1
22208,15.996611,8.183118,0
22209,15.500839,8.849365,0
22210,10.367556,3.0007017,6
22211,5.998656,7.713874,5
22212,-3.7667952,1.3792853,6
22213,15.547642,8.968581,0
22214,-3.0714602,-1.8951048,1
22215,11.588832,6.108612,6
22216,1.3894008,12.173695,9
22217,3.9380171,-2.0043516,2
22218,6.4829354,5.7512517,3
22219,6.561932,6.8461595,3
22220,-4.3895955,10.905149,7
22221,10.995452,5.5574155,6
22222,-1.0421884,-3.3382313,1
22223,0.8257833,12.601284,9
22224,14.739744,7.7029357,0
22225,15.716787,7.986192,0
22226,4.048933,-1.394782,2
22227,-2.9477298,-0.9967424,1
22228,-4.0783052,10.528209,7
22229,3.3308976,0.6280583,2
22230,1.0498567,11.767864,9
22231,5.608282,5.1565,3
22232,-3.6172044,10.511655,2
22233,-0.637343,13.613356,4
22234,6.1792264,5.031917,3
22235,3.6534436,5.939903,5
22236,3.6655557,-1.7841249,2
22237,10.747305,4.321121,6
22238,6.7149496,4.3305798,3
22239,-3.922075,9.352742,7
22240,9.971643,2.9653716,6
22241,0.20427771,7.080192,8
22242,0.0011279369,14.179889,4
22243,-1.7501298,11.261502,9
22244,3.0942352,6.0496907,5
22245,16.569489,7.370953,0
22246,0.4749249,12.485055,9
22247,-3.987654,0.43643644,1
22248,-3.4898326,0.10096593,1
22249,3.319736,0.09639506,2
22250,-4.0036907,10.822003,7
22251,5.9871964,4.537409,3
22252,3.5008552,-1.5579658,2
22253,-1.2980678,14.341293,4
22254,14.61217,8.052854,0
22255,3.880219,6.1065416,5
22256,0.24868327,12.323971,9
22257,11.048873,2.8262086,6
22258,11.764723,5.4010534,6
22259,-4.62772,9.069171,7
22260,10.545269,3.4613252,6
22261,0.29565194,6.0080442,8
22262,1.1094042,13.397782,4
22263,-1.7946867,10.4872465,9
22264,5.3567333,7.4120736,5
22265,16.33395,7.0494657,0
22266,-0.7009512,5.1928816,8
22267,-3.8351042,1.3521807,1
22268,3.5318182,6.806178,5
22269,3.664338,-0.08972364,2
22270,14.212934,6.0177417,0
22271,6.0330677,4.441617,3
22272,3.8274093,7.2062626,5
22273,-1.2444582,14.962374,4
22274,0.4932334,5.8070445,8
22275,3.182268,4.748633,5
22276,1.4527135,14.581619,4
22277,11.28749,2.653527,6
22278,-3.2657776,8.669101,2
22279,-3.9412618,8.330454,7
22280,1.7872549,-0.02326995,2
22281,-0.45023227,5.8284507,8
22282,10.766335,4.3907833,6
22283,-2.8382912,8.838342,9
22284,2.6443598,-1.3403084,2
22285,-1.6802409,14.798608,4
22286,-0.026124893,5.3535786,8
22287,-3.6724782,9.113195,7
22288,14.739926,7.192812,0
22289,-0.006214167,6.2164392,8
22290,0.5749721,5.7326965,8
22291,11.091686,3.402405,6
22292,1.4657997,6.8469296,8
22293,5.9924564,4.182927,3
22294,15.042767,7.392658,0
22295,-0.9263792,14.491855,4
22296,0.36465815,12.385841,9
22297,15.691006,6.4570794,0
22298,11.22771,4.53499,6
22299,-1.1060508,10.551615,9
22300,-3.4525714,9.56407,7
22301,-4.5428524,9.421585,7
22302,3.6247714,6.1771617,5
22303,-3.4764845,1.2024735,1
22304,5.184997,5.8384933,3
22305,-1.2892301,10.558577,9
22306,14.673735,8.7398,0
22307,6.1225076,4.5545506,3
22308,5.5623837,4.3486075,8
22309,-0.07610851,6.78747,8
22310,3.2492144,6.2219577,5
22311,-0.68760145,14.559647,4
22312,0.702592,12.556864,9
22313,-3.8207247,9.395575,7
22314,-3.600649,9.173756,7
22315,5.969452,4.4015026,3
22316,-2.2759085,9.143709,9
22317,16.396519,6.885068,0
22318,6.163458,6.270696,3
22319,-1.9606363,10.558062,9
22320,-3.5142813,0.9071653,8
22321,-0.7079068,10.708549,9
22322,5.6302323,5.0155473,3
22323,11.372382,4.086693,6
22324,0.4445257,6.8100896,8
22325,-3.7554731,-0.19988754,1
22326,-4.4191227,9.974364,7
22327,-0.85043097,15.009845,4
22328,-1.611717,-3.2442148,1
22329,3.551597,6.1142983,5
22330,-2.136172,-3.2625797,1
22331,-1.5642179,15.046543,4
22332,-0.055413242,11.314243,9
22333,10.649716,3.0299041,6
22334,0.38270912,11.921521,9
22335,3.2940826,-0.058491226,2
22336,-5.115852,12.093264,7
22337,15.605227,6.8831663,0
22338,0.545867,12.300951,9
22339,11.123916,4.422641,6
22340,1.4404184,12.505334,9
22341,2.0945165,-0.5089879,2
22342,-4.861023,10.281857,7
22343,-2.8689463,-1.3815817,1
22344,15.81839,7.5125155,0
22345,-2.717872,-0.0036648596,1
22346,-5.0110264,8.9138975,7
22347,-4.1292453,0.03655661,1
22348,-4.066142,10.70108,7
22349,-2.815655,0.1639537,1
22350,-3.469391,11.065994,7
22351,-3.6818244,9.221384,7
22352,14.27043,7.8951426,0
22353,3.1506639,0.4595792,2
22354,6.000963,7.617808,5
22355,-1.6639639,14.345983,4
22356,4.342464,-1.2085388,2
22357,3.1926484,-0.19092111,2
22358,3.0295799,-0.4316497,2
22359,-1.7750283,10.811615,9
22360,11.448034,4.393231,6
22361,-0.9337193,14.211058,4
22362,14.096849,7.993886,0
22363,3.615824,5.638797,5
22364,14.627961,8.0303545,0
22365,0.24372521,6.5339446,8
22366,5.218902,5.7533054,3
22367,-1.2931288,14.002873,4
22368,2.9420874,-1.6031698,2
22369,2.5353987,-0.8288607,2
22370,-1.9153707,-2.8568487,1
22371,-3.95488,9.172478,7
22372,-0.9670187,13.161654,4
22373,16.238464,6.626026,0
22374,6.277144,6.2736163,3
22375,16.271494,6.873168,0
22376,2.8765895,0.35242698,2
22377,-3.9420385,8.843374,7
22378,15.170231,8.324442,0
22379,3.4280484,5.442153,5
22380,3.2033339,5.253114,5
22381,-4.699185,8.971138,7
22382,4.4225817,6.6983447,5
22383,10.90511,2.6451783,6
22384,11.065772,4.8683863,6
22385,11.618389,3.8079653,6
22386,3.394812,-1.2250047,2
22387,10.893015,2.536487,6
22388,1.4053361,12.288903,9
22389,-0.44775376,5.9106145,8
22390,1.7598326,12.3751545,9
22391,2.9749405,0.12416395,2
22392,-3.7701368,9.786778,7
22393,4.139392,6.17884,5
22394,0.913796,13.243737,4
22395,2.2895138,-0.10164239,2
22396,4.4839954,7.1843762,5
22397,2.7371106,0.25540832,2
22398,-3.135417,-2.3918002,1
22399,-3.8269525,9.540182,7
22400,-1.6556785,13.330857,4
22401,-4.75717,9.966779,7
22402,-0.04365874,14.790214,4
22403,-1.1282233,15.231796,4
22404,4.9434795,4.61889,3
22405,16.198942,6.413312,0
22406,0.4697409,11.974433,9
22407,2.900874,-0.1600315,2
22408,6.916018,6.2204633,3
22409,-1.5345806,15.132478,4
22410,-1.2625467,-3.462924,1
22411,3.2695043,0.16605163,2
22412,-1.6172901,-4.028486,1
22413,6.027309,3.8176568,3
22414,1.817055,-0.4290442,2
22415,6.094661,3.8792167,3
22416,-4.470697,11.564371,7
22417,6.035075,4.3647,3
22418,-1.3595693,13.2389765,4
22419,-3.6673276,1.9882283,1
22420,-3.548643,8.823284,7
22421,-0.37638235,6.108062,8
22422,11.027092,4.6432323,6
22423,-2.1750107,9.607246,9
22424,11.775839,4.0996237,6
22425,10.959192,2.833287,6
22426,6.0428896,7.5915837,5
22427,-4.3240414,1.5472666,1
22428,3.4391794,6.7366076,5
22429,16.431093,6.9055395,0
22430,15.308241,8.62084,0
22431,3.0945382,5.1720834,5
22432,14.935978,6.29007,0
22433,-1.8890427,9.821241,9
22434,-1.0367304,14.402169,4
22435,10.891672,2.3511848,6
22436,16.522911,7.0949354,0
22437,-2.2200837,9.814187,9
22438,-0.38928726,11.651095,8
22439,0.3190141,6.977382,8
22440,15.459241,8.184581,0
22441,15.864251,6.9207935,0
22442,-3.1312284,8.389197,2
22443,5.965769,4.4294705,3
22444,15.470225,7.730707,0
22445,16.295391,7.327545,0
22446,3.4934492,-0.45576572,2
22447,-2.3081954,9.770515,9
22448,10.409138,2.998334,6
22449,10.701286,2.5455754,6
22450,-0.76544464,10.652953,9
22451,5.9590716,4.269194,3
22452,-1.0684179,-3.4861639,1
22453,15.637605,6.1857486,0
22454,-4.0325904,8.269838,7
22455,-3.9005337,-0.23755708,1
22456,-0.14927109,14.682683,4
22457,2.35603,-0.13317369,2
22458,-2.0888162,10.314274,9
22459,5.374218,4.24079,3
22460,5.988046,4.9484034,3
22461,-1.8089947,14.581131,4
22462,-2.836152,-1.1311288,1
22463,2.88297,5.272979,5
22464,-3.8344622,-0.43178913,1
22465,11.093149,2.4040096,6
22466,-3.1743202,-1.810384,1
22467,-4.543836,8.801566,7
22468,5.2147517,4.895531,3
22469,0.23273396,5.413543,8
22470,5.0297365,7.2513576,5
22471,-1.7221293,9.82202,9
22472,0.16927879,13.526536,4
22473,16.241892,6.802451,0
22474,6.3029075,4.3119707,3
22475,-4.2974753,1.179275,1
22476,-2.548338,-0.31248426,1
22477,5.7553124,4.3191314,3
22478,-1.3418287,-3.2341692,1
22479,-1.8928589,15.291679,4
22480,1.1699888,13.374943,4
22481,-4.3570766,8.339215,7
22482,0.427079,14.915865,4
22483,0.11012375,5.3656526,8
22484,2.0853183,6.7608805,8
22485,-1.7022821,9.777443,9
22486,3.0869555,-0.87734216,2
22487,16.594126,6.6964965,0
22488,4.9624453,5.4290113,3
22489,-4.214788,2.154321,1
22490,-1.6249148,-3.2758112,1
22491,4.447201,-0.5299327,2
22492,5.129905,5.5187373,3
22493,5.5992126,3.8098996,3
22494,1.2530656,7.4572754,8
22495,-2.1587265,15.094379,4
22496,5.527813,5.696743,3
22497,-4.320887,8.313039,7
22498,1.2086732,13.34597,7
22499,-0.8504516,5.6911135,8
22500,3.740948,-1.6844398,2
22501,-1.7461199,9.320429,9
22502,-2.962634,-2.8863182,1
22503,-0.8654175,9.807831,9
22504,-0.47954705,13.092776,4
22505,-2.2334814,9.160043,9
22506,3.799692,7.238117,5
22507,-0.85101545,5.744724,8
22508,4.8263216,7.181026,5
22509,2.508746,4.885019,5
22510,14.387096,6.4481263,0
22511,16.303114,7.0992584,0
22512,-1.1928927,-3.7573948,1
22513,-3.7800927,8.001703,7
22514,2.0414972,12.809083,9
22515,-3.9353647,8.298114,7
22516,3.0921588,0.47029173,2
22517,5.2420526,6.7797923,5
22518,0.1999472,13.402188,4
22519,-4.055411,8.109528,7
22520,11.394446,5.1479816,6
22521,-0.48479635,10.073118,9
22522,5.1140156,5.898731,3
22523,-0.6614264,9.987059,9
22524,2.005972,-0.10403236,2
22525,-1.9235346,15.305412,4
22526,0.21002899,5.688975,8
22527,-3.8960457,8.027399,7
22528,-3.6148133,10.836575,7
22529,14.561308,6.1660705,0
22530,-4.0800724,9.991191,7
22531,-2.1722336,14.70746,4
22532,5.7051096,7.4399347,8
22533,-4.051784,1.9517312,1
22534,-3.8450599,10.820113,7
22535,-1.9759362,15.157833,4
22536,5.199879,4.825578,3
22537,-1.977665,15.198354,4
22538,1.569375,-1.3102022,1
22539,-4.13327,8.868511,7
22540,1.639414,12.485181,9
22541,2.9523835,5.177659,5
22542,5.5470667,4.7746944,3
22543,-0.16399662,5.345527,8
22544,-0.15846574,12.952774,4
22545,-3.86159,2.2938817,1
22546,-4.353678,9.767098,7
22547,-2.1729062,15.122718,4
22548,2.7418756,0.25231442,2
22549,-1.7913413,9.671106,9
22550,11.773754,5.4286704,6
22551,-0.6578208,5.452718,8
22552,1.8484541,12.520877,9
22553,-1.3584569,15.35245,4
22554,4.5713487,-1.4550201,2
22555,-4.14524,2.1769392,1
22556,3.5172586,5.9833436,5
22557,-0.708698,5.3672013,8
22558,3.5831819,-1.570583,2
22559,3.1712015,4.837681,6
22560,-1.4030674,-2.444103,1
22561,-3.6901178,2.3532896,6
22562,5.383418,7.217359,6
22563,-2.0766432,15.09659,4
22564,-0.08907337,15.03601,4
22565,2.4596255,5.058613,5
22566,4.4126334,7.2886586,5
22567,5.749982,4.4013453,3
22568,0.80931103,7.4839115,8
22569,5.5510187,3.9840055,3
22570,-4.075916,10.010596,7
22571,2.5708146,4.893209,5
22572,-1.1806438,13.637136,4
22573,4.3294535,-0.48517382,2
22574,0.1038261,14.461429,4
22575,2.9636548,5.7787175,5
22576,-2.117071,10.135627,9
22577,-4.906947,8.927876,7
22578,6.366607,4.6937075,3
22579,4.4937572,-0.6561509,2
22580,0.024587717,13.331607,4
22581,2.5830295,5.5287266,5
22582,-0.88368565,-3.716867,1
22583,16.291136,7.4184017,0
22584,-0.22737212,12.7243805,4
22585,0.30214775,6.0429497,8
22586,-0.82714057,-3.9256036,1
22587,6.379213,4.091282,3
22588,-5.2629747,11.690955,7
22589,15.7872,6.1356487,0
22590,-0.5790228,12.426368,4
22591,0.812139,5.783574,8
22592,11.08111,3.452093,6
22593,-3.7958682,8.000581,7
22594,3.4046912,-0.91352284,2
22595,-2.2225976,15.141955,4
22596,14.90615,8.615593,0
22597,-2.2466085,9.055703,9
22598,5.3647814,4.884163,3
22599,2.5528405,4.8875165,5
22600,10.54213,4.4341035,6
22601,16.283522,7.2592697,0
22602,-0.70724434,13.446454,4
22603,16.178942,6.386127,0
22604,0.8024914,5.7926855,8
22605,16.5917,6.7659626,0
22606,1.8482155,-0.5506198,2
22607,-3.622732,7.940052,4
22608,-4.7440395,9.46573,7
22609,10.868553,2.2412772,6
22610,0.6044811,12.067501,9
22611,4.456906,-0.6103424,2
22612,2.9077814,0.3254894,2
22613,-3.8262627,8.252231,7
22614,-0.26605868,13.595632,4
22615,3.1554804,4.8540616,6
22616,11.528399,6.269115,6
22617,-0.76396865,5.7791166,8
22618,10.032087,3.966402,6
22619,6.292,4.00073,3
22620,3.6466658,-1.8584884,2
22621,-4.162698,2.545594,1
22622,2.985823,5.876447,5
22623,-0.47914597,5.576277,8
22624,1.8719014,-0.5850785,2
22625,6.4421873,3.7954645,3
22626,-3.443921,10.896643,7
22627,-4.2236004,1.9225184,1
22628,-3.7416425,0.1357934,1
22629,16.277622,7.1202245,0
22630,-0.71392995,14.145115,4
22631,5.60946,4.1099935,3
22632,-2.2210693,-3.4928606,1
22633,2.96864,4.717206,6
22634,14.352592,7.667226,0
22635,4.479815,-0.53016454,2
22636,15.11495,6.510246,0
22637,16.074509,7.4047985,0
22638,5.067837,7.375658,5
22639,-3.7139473,1.7153548,1
22640,15.70281,8.859181,0
22641,3.7359953,-0.08896547,2
22642,-1.0822288,-2.8722732,1
22643,6.056938,3.2372768,3
22644,-3.0366993,-0.88435817,1
22645,-1.6797601,14.753291,4
22646,14.255265,5.8919873,0
22647,2.7990065,5.130049,5
22648,5.492675,4.8463593,9
22649,11.473947,4.865992,6
22650,2.880942,4.6954284,5
22651,-5.2164817,10.196321,7
22652,0.70725155,13.940739,4
22653,-0.8314407,5.75118,8
22654,10.386954,2.5251608,6
22655,-1.6251395,10.41753,9
22656,-2.2834795,-0.69012505,1
22657,16.545977,7.5104437,0
22658,15.327447,6.448128,0
22659,-3.1749244,1.1617222,1
22660,0.3185346,14.968703,4
22661,4.674096,-0.7180629,2
22662,-3.6993203,11.389728,7
22663,7.060886,5.2561865,3
22664,1.1886334,6.8536553,9
22665,11.617571,5.723152,6
22666,0.5626895,14.157261,4
22667,-4.1397424,9.284882,7
22668,5.2524343,6.3250675,3
22669,16.531721,7.477104,0
22670,-0.40046254,13.097289,4
22671,-3.864087,2.1366243,1
22672,-1.1914392,11.835845,9
22673,3.8535647,-0.20521314,2
22674,5.0507293,4.341345,3
22675,7.099347,5.2441163,3
22676,0.67068535,14.316994,4
22677,-1.8659738,14.749474,4
22678,0.03351505,12.110263,9
22679,3.2172902,6.4765363,5
22680,3.2292235,6.43868,5
22681,11.828711,4.9288106,6
22682,0.60751617,6.830467,8
22683,-5.3752794,10.143421,7
22684,1.659215,12.070843,9
22685,-0.28848243,5.5978637,8
22686,3.3957107,7.1948695,5
22687,-1.953445,9.592497,9
22688,3.1654227,-0.7470486,2
22689,-4.085854,1.401872,1
22690,10.52403,3.4087775,6
22691,15.999645,7.355957,0
22692,0.74318343,12.692517,9
22693,11.513792,4.17023,6
22694,-1.3081168,13.250924,4
22695,6.928365,4.2454123,3
22696,3.7594895,-0.9056493,2
22697,-0.08914325,14.714595,4
22698,11.500686,6.047426,6
22699,-1.37449,14.157213,4
22700,-3.2956083,-1.457609,1
22701,4.6366205,-0.7459414,2
22702,11.135406,5.3605347,6
22703,0.031867523,5.337855,8
22704,2.441574,4.7420683,5
22705,-3.6409974,0.51359564,1
22706,14.821015,7.2486978,0
22707,16.000841,6.875545,0
22708,6.3598404,4.917242,3
22709,10.587802,3.1896954,6
22710,14.707305,8.623318,0
22711,-5.096311,9.406244,7
22712,3.2679849,-1.0052882,2
22713,3.7291458,-0.5790311,2
22714,0.35969085,14.367428,4
22715,6.131611,5.772159,3
22716,10.2160015,3.2060206,6
22717,7.153734,5.257446,3
22718,10.578199,3.0955877,6
22719,-1.2145603,10.500787,9
22720,5.633977,7.3281956,5
22721,6.6344867,4.4020157,3
22722,0.17524792,13.75914,4
22723,6.7582693,4.4361734,3
22724,1.7356623,7.4956737,8
22725,-0.6906966,11.6595545,9
22726,4.005825,-1.0440325,2
22727,-3.0222626,0.7709247,1
22728,6.0148916,5.477561,3
22729,3.0529966,6.374792,5
22730,6.206901,4.449692,3
22731,3.562931,-0.7593423,2
22732,4.207139,7.2822943,5
22733,6.5931587,5.5948577,3
22734,5.0340953,7.8585324,5
22735,-3.76974,-0.4184878,1
22736,5.282605,7.687021,5
22737,11.121198,4.179435,6
22738,5.231473,5.2842655,3
22739,-3.785393,9.698359,7
22740,-3.795601,11.594215,7
22741,6.99822,4.2607694,3
22742,4.17283,-1.2147754,2
22743,-5.3499823,11.378344,7
22744,14.442632,6.8149996,0
22745,-0.54190576,5.312327,8
22746,4.8701625,6.5860176,5
22747,-0.9651181,14.820588,4
22748,-1.3895808,-2.470413,1
22749,16.580185,7.458068,0
22750,-0.40339258,12.2087,4
22751,3.8994405,-1.2043623,2
22752,15.202053,8.209829,0
22753,-5.0604825,9.2965555,7
22754,-4.751166,10.315854,7
22755,-0.1164227,5.2388988,8
22756,3.0239327,6.613179,5
22757,16.346758,7.444497,0
22758,11.3992405,5.654109,6
22759,-4.2055883,9.137818,7
22760,0.6811368,6.0075502,8
22761,15.715169,8.190311,0
22762,1.2309324,11.916946,9
22763,11.6026325,3.970953,6
22764,15.046448,7.464112,0
22765,-0.36926565,11.281718,9
22766,-1.4453548,10.255727,4
22767,7.0498505,5.255905,3
22768,-0.5183793,14.091357,4
22769,3.0588098,0.20768207,2
22770,5.8113236,5.018029,3
22771,-1.3963703,13.9120865,4
22772,1.751288,11.966838,9
22773,-0.8632265,5.622987,8
22774,1.3178599,14.766016,4
22775,11.109169,3.7115703,6
22776,-2.8393052,-1.7054082,1
22777,16.60297,8.086324,0
22778,2.1450155,-0.31856793,2
22779,3.329056,4.681292,5
22780,-1.505129,11.277243,9
22781,-4.394004,8.6445675,7
22782,-0.7167722,10.406412,9
22783,2.3449895,4.519043,5
22784,-0.62602854,5.7306376,8
22785,-3.65844,1.325188,1
22786,1.2163187,14.208175,4
22787,15.828807,7.618021,0
22788,-1.3404641,-4.27987,1
22789,11.163707,3.6274226,6
22790,-3.3348267,9.62148,7
22791,-4.6523457,8.891983,7
22792,-3.2495635,9.704904,2
22793,4.167818,-0.46086052,2
22794,-2.9225583,-2.3505094,1
22795,-0.13478017,11.214225,9
22796,-3.8157132,11.149111,7
22797,-4.6462126,10.109435,7
22798,-1.5380937,-3.6093256,1
22799,-0.66826683,10.423877,9
22800,1.6897502,-0.384887,2
22801,2.604927,4.832048,5
22802,3.1387722,5.5914006,5
22803,11.424235,3.9426422,6
22804,-2.9942935,9.851223,9
22805,2.564491,4.654181,5
22806,11.056214,6.0914817,6
22807,4.282282,-1.5084573,2
22808,-0.44258952,6.4868436,8
22809,11.549137,3.1611233,6
22810,0.85047174,7.1937046,8
22811,2.959986,-1.0845633,2
22812,-1.7128891,-4.159902,1
22813,-0.75217885,6.173032,8
22814,10.986375,5.4871726,6
22815,-2.7973037,0.23978241,1
22816,15.938674,8.853792,0
22817,-4.8305955,8.961385,7
22818,-1.5240401,13.649516,4
22819,2.8660765,5.1742344,5
22820,11.188816,5.572306,6
22821,3.2093883,5.660932,5
22822,4.006707,7.341659,5
22823,-4.3094087,9.514599,7
22824,0.7799531,10.835484,9
22825,6.6484437,4.447375,3
22826,-4.339073,8.832736,7
22827,3.08001,5.8192115,5
22828,-2.400562,-3.3654864,1
22829,15.705435,7.923243,0
22830,10.922798,4.5045786,6
22831,-3.6917484,0.4924232,1
22832,14.065864,6.137751,0
22833,-4.201452,1.8700799,1
22834,10.25471,4.2727394,6
22835,7.142494,5.302332,3
22836,-3.1318474,10.261689,7
22837,0.019247314,5.5144196,8
22838,1.7300117,14.470755,4
22839,-0.9717747,14.821869,4
22840,10.892818,4.651751,6
22841,-0.08941687,11.200375,9
22842,-1.1045358,11.7546015,9
22843,-1.4039187,14.016158,4
22844,-3.6826491,1.243563,1
22845,3.5030098,5.885776,5
22846,2.9481437,5.051738,5
22847,-3.8902185,1.7733283,1
22848,-3.1547625,-1.976106,1
22849,-0.59308124,5.4743314,8
22850,-3.3034654,-1.9026644,1
22851,11.493315,3.5733337,6
22852,3.213291,0.51042676,2
22853,-0.6152878,5.419403,8
22854,-0.34884983,12.015528,9
22855,-1.896096,10.211246,9
22856,2.191963,-0.80395263,2
22857,16.30334,7.0005565,0
22858,-3.8615687,10.790652,7
22859,-3.5002983,0.63664997,1
22860,15.797637,8.586814,0
22861,2.9616556,-0.33852476,2
22862,-5.065921,11.54346,7
22863,6.069054,3.920728,3
22864,3.2929256,-1.1404271,2
22865,-0.7690679,15.188299,4
22866,3.0363524,6.2480845,5
22867,2.9566612,5.085658,5
22868,-1.3624135,-2.471498,1
22869,11.467042,2.9345,6
22870,-4.529682,11.472565,7
22871,-4.577443,8.36456,7
22872,10.062195,4.183778,6
22873,-0.1332672,6.250929,8
22874,15.081944,6.402483,0
22875,-1.1101693,9.949451,9
22876,-4.7277336,11.312215,7
22877,16.508402,7.152048,0
22878,4.3352823,-0.8357357,2
22879,-3.8286912,2.2788463,1
22880,-3.9193053,9.93547,7
22881,2.7417104,-0.5787764,2
22882,14.020113,7.165193,0
22883,5.892903,3.5239303,3
22884,-0.037770122,5.219772,2
22885,-1.8213296,15.271217,4
22886,14.730625,8.527371,0
22887,3.5833352,5.836557,5
22888,-0.8770902,-3.2415497,1
22889,11.596566,3.0554454,6
22890,1.21249,12.615497,9
22891,-5.0025053,8.881265,7
22892,-1.2022843,-4.039386,1
22893,0.20132293,5.7668195,8
22894,6.0651827,6.2889314,3
22895,-1.9667275,9.244484,9
22896,-1.1654518,-2.552058,1
22897,16.782059,7.3641477,0
22898,1.2652941,11.591378,9
22899,-4.09066,1.4050258,1
22900,3.2253776,-1.0716715,2
22901,2.7477977,-0.12688968,2
22902,-0.17652096,11.888548,9
22903,5.306938,4.0369706,3
22904,10.080564,4.4558883,6
22905,-0.7870953,15.048774,4
22906,6.603104,4.683487,3
22907,3.1782374,5.241958,5
22908,9.847354,3.0817976,6
22909,11.86218,4.152236,6
22910,14.482163,7.183606,0
22911,-4.7302957,8.461714,7
22912,15.393083,8.81476,0
22913,0.30019072,6.3984513,8
22914,-0.5937693,-4.198462,1
22915,-1.5451598,9.465475,9
22916,-2.1463363,-3.8559809,1
22917,16.101551,7.5637193,0
22918,5.3052855,7.6306524,5
22919,0.21143828,6.7940392,8
22920,3.5396454,7.302281,5
22921,-5.1172123,9.508073,7
22922,2.7830656,-0.25095716,2
22923,-0.21861055,6.3618093,8
22924,0.94032437,6.684831,8
22925,-1.3257757,10.264182,9
22926,-2.105467,-3.8267999,1
22927,-0.889962,9.905227,9
22928,-3.903574,-0.08694014,1
22929,16.1074,6.900416,0
22930,4.2152405,-1.612312,2
22931,-4.2875676,1.6357167,1
22932,14.231992,6.418573,0
22933,-1.0080733,15.332191,4
22934,1.1491773,7.321224,8
22935,3.1189015,5.250727,5
22936,11.317968,6.2448254,6
22937,-4.0562277,2.6941829,1
22938,15.443632,8.411006,0
22939,11.616595,3.0073028,6
22940,11.573448,5.987867,6
22941,-4.454871,8.323111,7
22942,3.066923,6.642993,5
22943,5.9186225,3.7887878,3
22944,11.586932,5.4669404,6
22945,4.7318053,-0.4530182,2
22946,5.6468906,5.2578483,3
22947,-0.7128737,10.3884115,9
22948,1.1707176,12.055913,9
22949,16.421703,6.8095117,0
22950,-4.9094234,11.843219,7
22951,3.1235156,4.730921,5
22952,-1.4076132,-2.2743042,1
22953,11.404986,2.72824,6
22954,15.286838,7.759219,0
22955,-4.613787,8.611267,7
22956,-2.1001453,-1.2575444,1
22957,6.763114,4.641702,3
22958,1.9070041,-0.4401165,2
22959,-0.65846777,10.767468,9
22960,-0.23626307,14.544858,4
22961,-0.7954229,11.07758,9
22962,11.721043,6.5253053,6
22963,5.5597477,4.0840516,3
22964,6.2461934,6.5585885,3
22965,0.23892441,5.8802495,8
22966,0.24419123,7.1064672,8
22967,-0.569904,10.491025,9
22968,0.65417916,14.366466,4
22969,11.587671,3.679352,6
22970,0.972438,14.432767,4
22971,-4.844358,9.641701,7
22972,-0.7644335,-3.950328,1
22973,3.1757534,5.13349,5
22974,0.37001652,15.003049,4
22975,11.249891,3.9693027,6
22976,2.380487,4.7454753,8
22977,6.399741,4.11633,3
22978,14.577639,6.6156836,0
22979,3.2867658,5.127089,5
22980,1.7292002,14.638369,4
22981,16.711872,7.797847,0
22982,10.360615,2.3583937,6
22983,3.1940694,4.5904746,5
22984,-3.6092486,11.130932,7
22985,-0.86056364,15.305486,4
22986,10.07739,3.7280426,6
22987,16.65496,7.7284327,0
22988,0.52464944,13.829558,4
22989,5.440562,4.0390515,3
22990,2.054285,-0.09038741,2
22991,-1.5232632,15.189269,4
22992,1.2329949,14.225036,4
22993,-5.3863997,10.320773,7
22994,11.0334,2.5915675,2
22995,-5.042108,9.296518,7
22996,6.4273915,5.3787427,3
22997,-0.52534235,14.8259945,4
22998,4.1112537,-1.4457991,2
22999,6.3229322,4.1320677,3
23000,-5.034414,11.917459,7
23001,4.477057,-0.97385126,2
23002,-5.0808806,11.196866,7
23003,-3.5587647,0.85784477,1
23004,1.3640852,7.362044,8
23005,3.732645,5.917696,5
23006,4.4273806,7.2877054,5
23007,3.9425082,6.059416,5
23008,0.82643235,6.261405,8
23009,16.65482,6.7915998,0
23010,-4.651797,11.943519,7
23011,3.0938866,4.663725,5
23012,-2.6766906,-2.839749,1
23013,16.72534,7.1030593,0
23014,-0.4431693,14.316347,4
23015,-0.14686748,6.2202897,8
23016,0.12976277,11.67756,9
23017,-1.0508326,15.336094,4
23018,1.5560749,-0.4671513,2
23019,11.114654,2.8144884,6
23020,3.1513839,0.47193956,2
23021,-3.827455,8.012919,7
23022,6.292425,4.685671,3
23023,16.582193,6.797258,0
23024,5.9616294,6.4625173,3
23025,4.35991,-1.0136825,2
23026,2.5621645,-0.9780161,2
23027,-0.19500634,11.227563,9
23028,1.5720077,-0.47161865,2
23029,6.0623636,3.8938963,3
23030,-2.4733052,-3.556512,1
23031,-0.4302119,14.917542,4
23032,14.799672,7.3075643,0
23033,-0.16490674,15.024995,4
23034,-2.121416,-2.9508011,1
23035,0.8711773,7.2753596,8
23036,-0.9137671,-3.389111,1
23037,-3.0553353,-0.13780424,1
23038,1.3822606,-0.7024914,2
23039,4.249701,-1.4253002,2
23040,2.2164972,-0.15634762,2
23041,4.2382016,-0.88100326,2
23042,1.5302632,11.799603,9
23043,6.1718926,4.0435333,3
23044,14.574091,6.4769115,0
23045,-3.2437685,0.8156547,1
23046,6.401683,4.836125,3
23047,6.7612157,4.413314,3
23048,0.49172795,5.6147823,8
23049,11.662292,5.8562307,6
23050,11.873047,5.3345814,6
23051,-5.4100857,10.687772,7
23052,-0.10502984,5.896001,8
23053,5.8094287,3.5886185,3
23054,-3.6762886,9.364415,7
23055,-1.1472389,15.358454,4
23056,-2.2427847,-3.5887868,1
23057,-0.34635916,10.437277,9
23058,2.0624278,-0.2719346,2
23059,-4.0349946,2.7909594,1
23060,14.440382,6.0763745,0
23061,-0.7246382,10.905581,9
23062,0.90555286,11.596701,9
23063,0.13290724,6.4031568,8
23064,1.4924573,7.1759086,8
23065,4.191879,5.8904996,5
23066,4.4021053,6.6698747,5
23067,16.160637,7.3208694,0
23068,-5.4074783,11.45578,7
23069,4.1777077,-1.2079388,2
23070,-5.2640095,11.275896,7
23071,-0.2042157,6.4068723,8
23072,11.479317,5.150038,6
23073,10.616263,3.0249963,6
23074,-4.752996,11.898969,7
23075,10.241458,3.1774168,6
23076,5.265442,4.821859,3
23077,-0.0326833,6.1124306,8
23078,5.730829,6.5072308,8
23079,4.5012474,-0.85450923,2
23080,4.1246905,-1.7641345,2
23081,0.2491449,5.929413,8
23082,2.133487,-0.86240125,2
23083,-1.2645866,15.0044775,4
23084,0.41615844,12.240253,9
23085,-1.0651641,15.105209,4
23086,4.6261945,8.072363,8
23087,4.4971924,-0.7061983,2
23088,14.3413315,7.1332245,0
23089,16.235706,6.1846433,2
23090,1.2965827,12.765352,9
23091,-0.36754405,5.720194,8
23092,0.7189517,6.3508573,8
23093,15.80869,7.4717865,0
23094,-3.3338764,11.345827,7
23095,16.115908,8.290111,0
23096,1.5211878,14.481997,4
23097,-2.1777534,-0.9095524,1
23098,11.4524765,4.169658,6
23099,3.1885865,0.4804369,2
23100,5.594219,6.3605056,9
23101,6.6599317,4.195788,3
23102,0.05712721,10.820954,9
23103,0.024926234,14.512896,4
23104,15.930228,8.72474,0
23105,3.0648048,5.918049,5
23106,2.082322,-0.6990643,2
23107,10.611931,2.814552,6
23108,14.723708,8.3537655,0
23109,-0.720247,5.735238,8
23110,11.626535,6.426478,6
23111,2.0931408,12.579514,9
23112,1.4663599,7.6735897,8
23113,16.641375,7.92775,0
23114,3.7920468,-0.068180904,2
23115,-3.4521344,-0.013339085,1
23116,6.6429224,4.7548637,3
23117,2.0361466,-0.5699877,2
23118,-2.5184355,-0.37869364,1
23119,5.3027897,4.1523857,3
23120,15.0710945,7.8963633,0
23121,0.22319266,14.513191,4
23122,-1.6428081,13.456202,4
23123,3.3473914,6.6761465,5
23124,14.286049,7.814775,0
23125,10.996072,3.2676406,6
23126,10.20367,4.3172216,6
23127,-3.931791,8.897087,7
23128,-1.4847622,11.341467,9
23129,0.08110932,5.9969625,8
23130,6.587468,5.054597,3
23131,16.162327,8.141954,0
23132,-0.88695335,-4.349925,1
23133,-2.5558958,-2.0455484,1
23134,-1.5778292,-4.222895,1
23135,0.15858406,14.423504,4
23136,14.614491,8.515504,0
23137,3.5802832,7.1130395,5
23138,2.0034013,-1.0361339,2
23139,10.045,2.7265627,6
23140,-5.440991,9.912364,7
23141,-3.891219,8.941315,7
23142,-1.6300832,-3.6153986,1
23143,0.015517635,5.658213,8
23144,5.509247,5.165038,3
23145,0.091884494,11.894725,9
23146,2.9345522,6.08174,5
23147,-0.2636762,5.867391,8
23148,11.319052,6.0734324,6
23149,-4.576575,10.119988,7
23150,0.026288638,14.602305,4
23151,-0.54060674,14.012951,4
23152,-0.635811,13.2475815,4
23153,-5.0083795,9.8570595,7
23154,16.78346,7.610021,0
23155,-5.3210406,10.149062,7
23156,5.6993117,5.8728976,3
23157,5.2885056,4.124398,3
23158,3.3521917,6.517242,5
23159,-0.54763585,11.464708,9
23160,-3.5077572,-0.30238846,1
23161,-0.57836413,6.1951156,8
23162,2.540057,-1.3084613,2
23163,-0.31926975,5.5270944,8
23164,-3.1355262,9.1627035,7
23165,5.841445,3.914358,3
23166,-1.2027434,11.622206,9
23167,-2.8201811,-1.053429,1
23168,11.287819,5.8973184,6
23169,3.0108092,5.056609,5
23170,1.0652457,12.127341,9
23171,2.863434,0.06965239,2
23172,16.345667,8.202515,0
23173,-4.0649967,10.254551,7
23174,0.5235961,14.40991,4
23175,1.4320874,14.714091,4
23176,-3.4165227,-0.8320663,1
23177,3.3054748,0.6242303,2
23178,-4.813102,11.1920185,7
23179,11.160084,3.2711892,6
23180,0.8931052,6.097316,8
23181,-2.3556137,-1.4087696,1
23182,-0.69105214,-3.7161338,1
23183,2.9675655,5.8711004,5
23184,-2.0644841,-2.6381426,8
23185,3.0817704,0.17073224,2
23186,11.47431,3.9165876,6
23187,-0.6394675,13.221904,4
23188,-0.1876059,14.019219,4
23189,3.976084,6.714756,5
23190,1.7426794,7.572557,8
23191,3.3535721,6.60293,5
23192,-3.7283936,11.381405,7
23193,0.8511624,6.2734814,8
23194,3.0657434,-1.7496561,2
23195,10.308813,2.2745185,6
23196,-0.8891416,14.227665,4
23197,-0.21517585,14.579907,4
23198,10.04917,3.6359594,6
23199,-1.4102741,14.366376,4
23200,3.6306453,6.9825206,5
23201,-1.4416231,14.156683,4
23202,6.8704276,5.9765472,3
23203,-3.811628,-0.040104628,1
23204,-2.1997933,-3.1285226,1
23205,1.2846447,6.723531,8
23206,5.756032,3.9878519,3
23207,-4.3468027,9.578729,7
23208,-0.14745986,12.951683,4
23209,2.8043313,5.644407,5
23210,15.385961,8.863693,0
23211,3.1037621,6.7145,5
23212,1.2688406,13.484226,9
23213,-3.7887962,-0.27389365,1
23214,-2.3226528,-3.102643,1
23215,-0.75366443,5.4345045,8
23216,3.88183,-1.6660779,2
23217,0.29047284,11.5788,9
23218,6.9608903,6.2892056,3
23219,-2.2382197,-2.8127522,1
23220,-4.380793,10.859693,7
23221,5.2794404,4.289178,3
23222,2.4188497,-1.0394317,2
23223,10.895231,3.1063714,6
23224,0.831799,11.839351,9
23225,5.433324,4.608448,3
23226,3.9961276,6.951933,5
23227,6.125263,3.9718823,3
23228,10.337478,3.252861,6
23229,3.1223109,-0.53823507,2
23230,-5.031195,11.263247,7
23231,2.549573,-0.43139628,2
23232,0.6714134,6.9576235,8
23233,10.66703,2.4700103,6
23234,1.5705326,12.292001,9
23235,2.9761133,5.8982687,5
23236,10.136668,2.9918149,6
23237,4.228547,6.89008,5
23238,-2.0644994,-1.0962996,1
23239,5.832199,3.924602,3
23240,-2.5409584,-3.609071,1
23241,6.0994544,3.996106,3
23242,6.382193,4.1248374,3
23243,-0.60111594,5.6056314,8
23244,10.788933,5.1791735,6
23245,-3.8665583,-0.36233133,1
23246,-4.3838634,9.173006,7
23247,10.374242,2.3313746,6
23248,-4.302872,11.061897,7
23249,2.9666407,5.938867,5
23250,14.745547,7.16652,0
23251,10.72892,2.7834978,6
23252,4.4570966,6.843875,5
23253,0.60693425,6.332595,8
23254,-0.57928747,-4.169092,1
23255,-2.8699317,-0.65599334,1
23256,10.132766,4.2431393,6
23257,-1.2878393,10.37108,9
23258,11.452017,3.9806647,6
23259,-4.495158,8.540282,7
23260,-4.374292,11.618786,7
23261,10.761786,2.7629004,6
23262,2.177899,12.732459,9
23263,-0.25963464,5.79617,8
23264,5.3705077,7.517121,5
23265,6.3651595,3.9114687,3
23266,-0.25026292,11.853678,9
23267,-4.9568787,10.4578905,7
23268,3.879289,-1.789006,2
23269,1.0419636,14.413909,4
23270,1.2660522,14.220511,4
23271,-5.1733036,10.159964,7
23272,-0.13751268,13.00465,4
23273,16.444418,7.893253,0
23274,-0.11720702,13.0453,4
23275,-0.660058,11.474645,9
23276,-0.10782612,13.612648,4
23277,15.492637,8.662457,0
23278,0.27389088,12.227651,9
23279,16.496565,8.261182,0
23280,-3.4540863,-0.22412758,1
23281,6.3272343,4.0981765,3
23282,0.31432572,5.4846053,8
23283,-4.703078,9.94128,7
23284,10.3006315,2.804785,6
23285,0.16419637,11.135882,9
23286,-0.4668395,13.649901,4
23287,5.1883087,4.4796925,3
23288,0.79582846,7.15765,8
23289,16.44583,8.138592,0
23290,-1.2057371,-4.0877376,1
23291,-3.9836037,-0.23871604,1
23292,-5.2745633,12.032077,7
23293,15.820064,7.8020487,0
23294,6.809187,5.100859,3
23295,-3.5250573,0.17227884,1
23296,0.8384483,5.982342,8
23297,16.279434,8.179002,0
23298,6.1183295,5.64238,3
23299,-0.8910457,13.970121,4
23300,0.37072927,5.49068,8
23301,15.798785,7.856058,0
23302,-0.7785628,-3.4871273,1
23303,-3.7947083,-0.2933883,1
23304,5.4263043,5.335502,3
23305,16.37996,8.115928,0
23306,0.952049,14.452923,4
23307,-1.0693896,13.703871,4
23308,-1.0656224,-4.362759,1
23309,-4.6119924,9.587634,7
23310,3.4472787,-1.4786828,2
23311,-1.2630347,10.723695,9
23312,4.476415,7.039001,5
23313,2.7880254,0.024881918,2
23314,-1.5497202,11.538886,9
23315,16.644823,7.986266,0
23316,1.3663437,7.623251,8
23317,11.368154,4.6179266,6
23318,-1.7409267,-3.230601,1
23319,2.7423112,0.26266703,2
23320,5.1701255,4.9106345,3
23321,10.822509,2.365729,6
23322,5.864464,6.56744,3
23323,2.8662913,-0.10936463,2
23324,3.840033,6.08692,5
23325,3.2970352,0.43531156,2
23326,-0.41560143,13.14265,4
23327,-1.2556094,11.073502,9
23328,1.4935287,7.1522145,8
23329,-2.0857584,10.338475,9
23330,3.2260442,-1.6779473,2
23331,14.99188,8.413829,0
23332,5.2123976,6.4137425,5
23333,-0.46783748,-4.377497,1
23334,-4.9558167,11.288177,7
23335,3.5295298,-0.83211863,2
23336,2.3401377,4.400721,5
23337,6.385273,6.522662,3
23338,5.9544387,6.417272,3
23339,0.8982567,13.511273,4
23340,-1.7477348,-3.531919,1
23341,4.2037463,7.021193,5
23342,-3.8269928,-0.21698408,1
23343,10.727299,5.294893,6
23344,6.499153,5.0381117,3
23345,-4.847272,12.244417,7
23346,10.117854,2.61389,6
23347,2.5299494,7.275313,8
23348,-1.9879034,-1.3560065,1
23349,1.6255602,12.170343,9
23350,1.7540077,8.041102,8
23351,15.210253,8.747299,0
23352,-4.3233624,8.898682,7
23353,-0.6890195,-4.198296,1
23354,10.959622,3.2977953,6
23355,3.3751638,-0.6091936,2
23356,10.7221985,4.4409127,6
23357,6.0642447,6.2234616,3
23358,5.0999885,6.9687576,6
23359,0.21055813,13.254641,4
23360,-4.1420226,9.306683,7
23361,3.889791,6.6490226,5
23362,14.701625,8.257131,0
23363,10.2736,4.7299037,6
23364,1.6778581,-0.5026839,2
23365,0.7532217,12.428783,9
23366,-2.4434776,10.544881,9
23367,15.630466,8.753766,0
23368,-0.43547186,5.7995443,8
23369,-0.8820982,-3.880066,1
23370,3.5320778,-1.4313571,2
23371,3.2710707,-0.6195328,2
23372,14.556101,7.6799703,0
23373,6.1030145,6.4907994,3
23374,0.3418133,12.136002,9
23375,0.7445266,13.949965,4
23376,1.2285675,6.536491,8
23377,3.6608262,6.96994,5
23378,14.243778,7.767479,0
23379,10.259973,4.5575128,6
23380,14.652163,8.709959,0
23381,-4.042157,11.654447,7
23382,-2.0690312,-3.4234247,1
23383,0.5966095,7.1685195,8
23384,4.7602334,6.774621,5
23385,10.729083,3.2861724,5
23386,-3.915773,11.440727,7
23387,-3.7466588,11.159419,7
23388,-5.116421,11.00493,7
23389,14.930516,8.613327,0
23390,-1.9937776,-1.2352531,1
23391,2.034344,6.9458084,8
23392,3.4827306,7.060249,5
23393,-0.58417875,13.506117,4
23394,11.657954,4.9285483,6
23395,15.157939,8.349494,0
23396,-2.6991606,-2.6814141,1
23397,3.261246,0.51517457,2
23398,0.2059032,5.929853,8
23399,-1.5068634,-3.3732584,1
23400,10.008574,2.7319322,8
23401,15.748449,8.746925,0
23402,-4.791524,9.697799,7
23403,3.5238054,0.05278179,2
23404,-1.3317766,-4.1147137,1
23405,0.5595697,6.5101314,8
23406,0.8896522,13.718523,4
23407,5.242761,7.1846585,5
23408,1.0342095,6.472477,8
23409,0.89416635,13.659309,4
23410,2.3604934,-0.6822746,2
23411,-0.025399083,13.214112,4
23412,5.775304,4.057646,3
23413,-1.9074857,-3.6891584,1
23414,0.018958488,5.7131557,8
23415,11.090615,5.9393625,6
23416,11.039355,5.543316,6
23417,-1.3007932,-3.5437415,1
23418,3.1592858,5.5140905,5
23419,7.0203,4.980535,3
23420,0.078288965,11.514239,9
23421,11.55925,6.2273684,6
23422,1.9849339,7.222068,8
23423,0.76452404,12.598821,9
23424,3.388968,6.3036532,5
23425,6.020504,6.2219887,3
23426,1.502679,6.8745136,8
23427,-4.4010983,11.92509,7
23428,1.0236027,7.7392745,8
23429,-0.21350825,12.95099,4
23430,-3.3717597,11.026019,7
23431,0.84116745,12.0689745,9
23432,-1.2465189,14.023156,4
23433,-4.7597327,12.081106,7
23434,5.8793654,7.688379,5
23435,-0.9618916,12.323161,4
23436,-0.1562935,6.355668,8
23437,0.4640392,7.323938,8
23438,4.150855,6.8427606,5
23439,6.9305077,6.035179,3
23440,1.0002189,7.47097,8
23441,3.2199879,0.5127612,2
23442,-3.8439047,11.499596,7
23443,-4.819397,11.783886,7
23444,-3.7089436,0.79057974,1
23445,-4.681879,11.388627,7
23446,-0.6569376,11.636248,9
23447,1.3197908,12.199425,9
23448,1.4221187,6.697291,8
23449,3.8739202,6.5241346,5
23450,9.876105,3.0144136,6
23451,-3.9580214,10.459552,7
23452,4.834056,7.7312346,5
23453,11.539964,6.404089,6
23454,15.850877,8.419493,0
23455,3.7285588,6.4801083,5
23456,0.3911722,7.066137,8
23457,3.9308934,-1.4388974,2
23458,5.7389455,7.4090924,8
23459,-0.06166668,12.960576,4
23460,2.26342,-0.45431688,2
23461,2.546295,7.247517,8
23462,-0.4628752,-4.2267365,1
23463,1.1698048,12.7442875,9
23464,15.197357,6.1747317,0
23465,11.105741,5.6545715,6
23466,0.5750026,6.194013,8
23467,1.2709876,12.715678,9
23468,2.0272508,0.24858354,2
23469,-4.586307,11.96538,7
23470,-0.6248292,-3.7365801,1
23471,11.017218,5.9398417,6
23472,3.6213796,0.02698189,2
23473,-2.167754,-2.5441604,1
23474,0.24415615,13.411874,4
23475,11.286697,5.272255,6
23476,10.718222,4.4141507,6
23477,-1.448268,-3.9813018,1
23478,-0.4454651,13.338575,4
23479,-4.079097,11.511937,7
23480,0.3044735,12.175268,9
23481,3.6501665,-1.1683347,2
23482,5.2423396,5.587852,3
23483,6.9860225,6.1664953,3
23484,-0.15479782,13.996161,4
23485,11.354824,6.144664,6
23486,1.240373,14.050244,4
23487,10.630397,4.376578,6
23488,6.8149543,4.6496806,3
23489,10.918254,5.89923,6
23490,6.027443,6.6137495,3
23491,3.4803264,-0.36586004,2
23492,-2.90198,-2.7930007,1
23493,-1.643421,-2.2391913,1
23494,2.4098783,-0.16689052,2
23495,15.057689,8.385473,0
23496,4.922275,7.0686955,5
23497,4.1231976,6.6141214,5
23498,-2.3489833,-2.8272882,1
23499,15.520659,7.9917126,0
23500,10.796919,5.0827613,6
23501,-1.4771799,-2.285781,1
23502,-0.9665678,11.972088,9
23503,3.2345207,-0.36286288,2
23504,14.307065,6.0049834,0
23505,-0.73808694,-4.4344935,1
23506,14.246071,8.086874,0
23507,-4.7285337,11.30133,7
23508,3.3460023,6.591262,5
23509,0.33306482,6.680165,8
23510,1.6093544,6.664803,8
23511,-1.5931139,-3.8129985,1
23512,1.0584311,11.6286545,9
23513,-0.062872894,13.234244,4
23514,4.57942,6.7168536,5
23515,1.181513,12.047628,9
23516,4.8160224,6.960949,5
23517,6.461475,6.1101336,3
23518,4.591186,7.2232423,5
23519,-0.9399724,11.694495,9
23520,2.8121862,-0.54240716,2
23521,15.587325,8.1685915,0
23522,0.92551327,6.187852,8
23523,-2.949797,-0.5067549,1
23524,0.26643467,6.79801,8
23525,3.81173,-0.93497896,2
23526,1.7109214,12.348867,7
23527,6.28814,3.928965,3
23528,1.3089807,14.475103,4
23529,-1.9498053,14.345906,4
23530,-2.7480035,-1.6983812,1
23531,3.510736,4.950143,5
23532,-1.6003877,-3.5769184,1
23533,11.503233,3.679415,6
23534,-5.2562976,12.06225,7
23535,-4.5428414,9.340206,7
23536,14.475919,8.042145,0
23537,-0.4016393,5.751023,8
23538,-0.9462111,12.836109,4
23539,-1.4921634,9.7840395,9
23540,-4.7324333,8.975716,7
23541,16.23287,7.2405977,0
23542,0.6265362,12.135264,9
23543,-3.114957,0.93521017,1
23544,4.1979933,7.3727064,5
23545,3.6462736,-0.9610059,2
23546,5.944445,6.9169426,5
23547,6.288165,4.067023,3
23548,0.9352257,12.34775,9
23549,-1.9215258,14.836111,4
23550,5.463041,7.350632,5
23551,-4.973745,9.210843,7
23552,0.26475278,11.942627,9
23553,-0.17566966,5.781644,8
23554,-0.5292031,-4.2615285,1
23555,-1.7558804,9.390476,9
23556,5.8767285,6.273819,3
23557,16.41816,8.003933,0
23558,11.596641,5.767419,6
23559,-4.274728,2.183679,1
23560,1.3751826,7.36394,8
23561,3.6592274,-1.1095394,2
23562,0.33674416,6.44654,8
23563,5.8114653,4.9165654,3
23564,1.9176,-0.48176697,2
23565,-2.158615,15.05236,4
23566,10.864476,4.446202,6
23567,3.0559134,4.423358,5
23568,4.9502897,7.115636,5
23569,11.298681,3.168933,6
23570,-3.4418683,9.337309,7
23571,-4.8128753,9.114188,7
23572,6.7709928,5.610792,3
23573,-0.37916124,5.92329,8
23574,1.2879453,12.0880785,9
23575,-1.9249873,9.308439,9
23576,-1.6541648,-3.8241487,1
23577,11.346794,4.5431666,6
23578,3.3742933,-1.4115114,2
23579,15.726079,7.989611,0
23580,0.4683419,13.429232,4
23581,6.3858633,3.8658566,3
23582,-3.962259,2.2414763,8
23583,-1.9762394,14.951683,4
23584,2.352559,0.32752153,2
23585,-3.9400053,1.637871,1
23586,14.360859,7.208717,0
23587,-1.9956652,15.082393,4
23588,-3.0873463,10.205453,7
23589,16.274078,7.314955,0
23590,-4.804035,11.454558,7
23591,0.07861161,5.882604,8
23592,-0.7305384,13.586027,4
23593,11.5242815,4.2978683,6
23594,-1.9414778,-1.2427088,6
23595,-2.1660118,15.008753,4
23596,-0.032277424,13.655143,4
23597,3.754378,5.1146245,5
23598,14.627202,7.154005,0
23599,-2.116669,15.179759,4
23600,9.923514,3.0312908,6
23601,16.123638,7.6265545,0
23602,0.5984765,7.481418,8
23603,-4.260602,8.376288,7
23604,-1.754581,-2.413225,1
23605,-0.05433536,5.29672,8
23606,14.903451,8.075981,0
23607,-4.4982805,9.100831,7
23608,-1.9633876,15.098381,4
23609,-4.5969076,9.178616,7
23610,3.6809442,-1.7551271,2
23611,-1.6042957,9.4987755,9
23612,-1.4167457,-2.733987,1
23613,16.316797,7.321837,0
23614,-2.9353874,-2.2651684,1
23615,-2.0860822,14.542223,4
23616,15.329647,7.06906,0
23617,-1.9339675,9.508944,9
23618,-1.2039632,12.058451,4
23619,-1.4535916,9.722548,9
23620,3.0567558,6.2922807,5
23621,-4.242315,8.875031,7
23622,10.222182,4.390189,6
23623,-2.0281236,14.871257,4
23624,1.0508517,11.819719,9
23625,3.9370635,-0.8640965,2
23626,10.508037,2.6293824,6
23627,15.855614,5.9568667,0
23628,12.177071,6.358298,6
23629,5.1297755,6.1080737,5
23630,3.7178185,6.68287,5
23631,0.16338345,5.656607,8
23632,3.2901304,6.429307,5
23633,3.2871773,4.8489833,5
23634,5.9638057,4.8621116,3
23635,-1.9490144,9.980693,9
23636,0.6504486,14.262945,4
23637,-0.46522796,5.9480977,8
23638,-0.62931865,10.981498,9
23639,-0.21536537,5.7525325,8
23640,3.7935753,7.198339,5
23641,-2.1211607,15.106109,4
23642,-3.111045,10.406693,2
23643,16.128792,7.4131703,0
23644,1.4565932,14.481286,4
23645,-4.779601,8.836855,7
23646,10.175384,3.8819206,6
23647,-4.088149,2.4869258,1
23648,0.6546712,14.859944,4
23649,5.6528673,4.244664,3
23650,1.2595394,7.404133,8
23651,2.6494749,4.45037,5
23652,1.9237769,-0.12115014,2
23653,11.183843,3.1192367,6
23654,10.132127,4.559028,6
23655,4.2787833,6.027265,5
23656,-1.1575817,-3.5614724,1
23657,6.311721,4.11023,3
23658,-0.10414519,13.154119,4
23659,-0.22967255,5.767447,8
23660,-2.1969826,-3.4452772,1
23661,-4.03918,8.851805,7
23662,14.052347,6.738088,0
23663,6.4050946,3.8540282,3
23664,-1.8535615,13.570929,4
23665,-3.965224,2.206492,1
23666,-4.1797953,9.836393,7
23667,11.325253,3.7210767,6
23668,3.6465855,6.8849416,5
23669,-0.31118104,5.8303957,8
23670,-0.9245522,14.958964,4
23671,3.7265475,5.095344,5
23672,6.7283735,6.175093,3
23673,-1.6170402,9.576138,9
23674,-2.2223248,-2.6235595,8
23675,4.2459726,-1.1227059,2
23676,5.6979785,7.496577,5
23677,4.4369855,-1.0589504,2
23678,-3.4200017,11.329232,7
23679,16.119326,7.62189,0
23680,0.30265364,6.6832414,8
23681,-1.6458457,9.325864,9
23682,2.092257,12.722042,9
23683,4.481885,-0.9965692,2
23684,-5.0334077,11.915002,7
23685,-1.8386586,14.991985,4
23686,-3.844972,11.487916,7
23687,11.295319,3.518134,6
23688,11.403866,6.259745,6
23689,3.5532339,5.403434,5
23690,5.3912754,7.455069,5
23691,3.9641335,-0.73443174,2
23692,1.120013,14.639057,4
23693,-3.7604685,1.7410995,1
23694,11.653589,6.401393,6
23695,5.937844,4.8292513,3
23696,1.2535691,14.388947,4
23697,11.179128,2.9949572,6
23698,-4.3207526,11.773697,7
23699,11.214742,2.9060416,6
23700,6.373059,4.9170737,3
23701,4.5166616,-0.70674,2
23702,-0.37650448,6.3597674,8
23703,-4.0731087,2.3676353,1
23704,-4.286241,11.676852,7
23705,4.804045,-0.81232816,2
23706,10.251062,3.6109736,6
23707,11.605531,3.9270601,6
23708,-3.9260898,10.909964,7
23709,16.313478,7.631179,0
23710,-0.9892679,12.218924,9
23711,-3.692111,9.181189,7
23712,6.518383,6.21164,3
23713,-2.0950134,14.454563,4
23714,0.51347786,13.815714,4
23715,-4.5285106,8.966703,7
23716,-1.7958289,-1.2607157,2
23717,0.18304233,5.6496787,8
23718,-4.3686166,10.857241,2
23719,-1.58954,9.481786,9
23720,11.470657,5.7344923,6
23721,4.661576,-0.729374,2
23722,5.0971665,7.3595824,5
23723,-1.948654,9.359196,9
23724,6.6335664,4.571591,3
23725,3.1694887,4.555234,5
23726,-3.9539583,9.964542,7
23727,-4.029891,2.5568538,1
23728,14.552894,6.015934,0
23729,-0.5045709,5.777649,8
23730,3.1459646,0.1877391,3
23731,6.53056,3.8904872,3
23732,-0.6396576,12.122949,9
23733,7.186708,4.6026287,5
23734,5.276847,6.9490194,5
23735,11.15242,3.393021,6
23736,3.9066026,6.861217,5
23737,-0.20876178,5.718773,8
23738,2.0644877,12.277361,9
23739,16.11597,7.329439,0
23740,-2.6887856,-0.101442575,1
23741,16.244104,7.170251,0
23742,10.563691,4.3110847,6
23743,-1.7276373,9.309565,9
23744,0.0066214,12.202839,9
23745,-1.5754888,9.308061,9
23746,5.1510997,7.023152,5
23747,5.8019714,3.7249641,3
23748,-0.7946602,11.446997,9
23749,-4.024149,2.5609083,1
23750,0.07521383,5.7745194,8
23751,-4.0611434,2.1151416,1
23752,-5.156644,11.022969,7
23753,16.766342,7.1298676,0
23754,14.969933,8.643496,0
23755,-3.073378,1.0054537,1
23756,-1.1003242,-3.8019664,1
23757,4.4861217,-1.0535172,2
23758,11.392912,6.3973584,6
23759,5.985554,5.467546,3
23760,-4.2207546,11.360689,7
23761,-1.3620435,14.56606,4
23762,-3.4510858,-0.28495455,1
23763,4.8099303,6.69576,5
23764,2.3347015,-0.09306929,2
23765,11.790274,5.110219,6
23766,10.638487,5.1470957,6
23767,-5.0806146,10.002406,7
23768,2.1867747,7.0361047,8
23769,1.093616,6.8762236,8
23770,3.9092922,0.7437642,2
23771,1.465001,11.998971,9
23772,1.8937678,12.73831,9
23773,16.645767,7.76143,0
23774,10.167926,2.5772598,6
23775,-3.9764607,1.9279668,1
23776,3.1352782,0.17929506,2
23777,4.3428187,-1.004573,2
23778,7.0104427,5.611325,3
23779,5.564558,4.5237975,3
23780,11.45246,3.2968981,6
23781,-1.7125493,14.305042,4
23782,-3.1605616,10.060238,7
23783,3.4068499,5.0480847,5
23784,-4.5021257,11.545497,7
23785,11.780436,4.000413,6
23786,15.276682,7.344865,0
23787,-4.463449,9.181804,7
23788,-1.8248965,-3.0212855,1
23789,0.19979085,6.106661,8
23790,11.708607,6.4786115,6
23791,-0.1302649,10.760914,9
23792,5.65223,7.494707,5
23793,16.358873,8.452717,0
23794,4.3789196,-1.693906,2
23795,-4.081492,2.0215728,1
23796,5.935052,6.401918,3
23797,4.5982413,-0.97704995,2
23798,-4.3529477,9.114576,7
23799,5.963171,5.264586,3
23800,3.0558329,-0.91777974,2
23801,-1.6033564,14.3713,4
23802,-3.9370403,11.505555,7
23803,-5.3644543,10.725417,7
23804,0.62000245,7.268153,8
23805,-0.03971787,6.657188,8
23806,4.7815228,7.1956716,5
23807,1.4618621,11.783966,9
23808,3.1656532,5.6911535,5
23809,16.125,6.784445,0
23810,5.7623315,5.732496,3
23811,-5.314317,10.124338,7
23812,6.9715147,6.420524,3
23813,15.426274,7.1743217,0
23814,1.873522,-0.647286,2
23815,-4.9138074,9.255442,7
23816,1.7037946,12.598099,9
23817,0.35116643,6.4221005,8
23818,-2.0116882,-1.2099012,1
23819,6.0871,4.8244176,3
23820,5.40897,5.7321715,3
23821,15.966861,7.0392275,0
23822,-1.8270596,-3.164282,1
23823,16.510546,7.6747494,0
23824,5.594302,4.3790345,5
23825,4.354691,6.606621,5
23826,4.0847783,-1.9588488,2
23827,4.6646714,6.270093,5
23828,14.570911,7.341921,0
23829,6.579873,5.317148,3
23830,10.167144,3.2513623,6
23831,1.0249252,6.5057836,8
23832,4.793007,7.015603,5
23833,0.5771734,6.8692803,8
23834,0.92534345,13.6307745,4
23835,-3.2070777,-0.7970776,1
23836,4.2560153,7.1889644,5
23837,-1.5786637,13.993847,4
23838,2.1646163,12.68845,9
23839,11.822142,5.009763,6
23840,-4.875213,9.599872,7
23841,-3.6431105,0.31647325,1
23842,14.378502,7.058567,0
23843,-0.18362398,6.089118,8
23844,-3.2846842,1.3096372,1
23845,15.947569,6.815234,0
23846,1.766991,-0.79885274,2
23847,4.0022907,-0.7962005,2
23848,0.6166774,6.1543565,8
23849,-5.1589575,11.198267,7
23850,10.6070795,4.2042994,6
23851,5.810743,5.592577,3
23852,-3.4943635,-0.9586517,1
23853,-0.7245277,10.947982,9
23854,-2.1411123,-0.9907136,1
23855,-1.0127568,14.64248,4
23856,14.631458,6.9787655,0
23857,-3.9103596,0.38559723,1
23858,3.475222,6.638724,5
23859,4.55759,-0.9654441,2
23860,6.0232196,6.7930083,3
23861,2.9880598,6.6180806,5
23862,-3.0590909,-2.4183872,1
23863,1.6350746,11.928521,9
23864,-1.6424267,11.026139,9
23865,0.21833886,7.25866,8
23866,6.659903,5.0532055,3
23867,1.4722036,11.88155,9
23868,-0.27026537,12.411613,9
23869,4.3887806,6.1546454,5
23870,4.059451,6.7841964,5
23871,-0.8075654,14.926236,4
23872,-0.6009971,-4.4499097,1
23873,5.2823944,5.82809,3
23874,5.29155,7.6057673,5
23875,16.34778,7.65773,0
23876,1.0473801,11.816315,9
23877,5.006097,5.30224,3
23878,1.2261792,14.301528,4
23879,5.866235,5.5115895,3
23880,1.8760005,12.85347,9
23881,-0.13566871,15.133209,4
23882,14.460102,6.5738845,0
23883,-5.2396245,10.0504465,7
23884,15.027395,8.423142,0
23885,-4.2611084,1.4174554,1
23886,-3.4701457,-0.61011446,1
23887,4.4111614,-0.77453697,2
23888,4.999531,4.6815915,3
23889,-3.2119246,1.2422744,1
23890,0.10129607,6.881273,8
23891,16.42039,7.6991806,0
23892,-0.5082571,-4.269665,1
23893,11.565853,4.2597456,6
23894,2.8781338,-1.264389,2
23895,4.043489,-1.3504515,2
23896,1.7780682,14.463093,4
23897,5.971095,5.451044,3
23898,10.924552,5.302662,6
23899,0.8760898,6.4583316,8
23900,11.36011,6.1049194,6
23901,2.227964,12.516617,9
23902,-5.364742,12.098237,7
23903,3.7354233,6.8484282,5
23904,0.017036447,13.822124,4
23905,11.666664,4.4277244,6
23906,4.5058227,7.4650106,5
23907,11.150721,4.0235486,6
23908,-0.6224437,-3.913087,1
23909,-4.733289,10.021152,7
23910,-2.1412084,-3.7454119,1
23911,-3.5219896,8.517453,1
23912,5.6639457,5.7638845,5
23913,-1.572006,14.846046,4
23914,14.603405,7.07417,0
23915,11.745317,3.9613512,6
23916,2.562571,-1.2243115,2
23917,4.002602,-1.2828306,2
23918,4.5424356,6.9618936,5
23919,1.5729113,11.935298,9
23920,2.8938792,6.3723764,5
23921,-3.7452364,-0.03699252,1
23922,10.380519,4.2852206,6
23923,4.0877395,5.7791834,5
23924,11.001255,4.7456207,6
23925,3.3628016,6.4096203,5
23926,14.957952,6.393314,0
23927,2.8971212,6.4033737,5
23928,4.572015,7.6546135,5
23929,5.5520716,4.1135077,3
23930,1.3244045,7.552109,8
23931,-3.8225596,1.43492,1
23932,-3.236881,10.68971,7
23933,-1.9857936,14.569169,4
23934,4.552003,-1.2905434,2
23935,-0.013198386,6.8226285,8
23936,0.025800126,14.542726,4
23937,11.629255,5.265369,6
23938,5.548572,7.6186204,5
23939,5.8554163,5.569352,3
23940,15.377331,7.195668,0
23941,-5.030483,10.39128,7
23942,2.3460608,-0.4907138,2
23943,16.651953,7.697413,0
23944,0.8693043,11.758195,9
23945,-0.30937138,10.38653,9
23946,-3.6630294,8.971462,7
23947,4.145757,6.3111963,5
23948,-0.10978692,5.439805,8
23949,11.488279,3.0198243,6
23950,-0.04214455,11.192081,9
23951,-4.4300513,9.639832,7
23952,1.7633789,-0.47626185,2
23953,-3.641031,0.30658826,1
23954,-1.9035093,-3.5057113,1
23955,6.482326,3.9694693,3
23956,16.64545,6.6672344,4
23957,3.9844792,-0.8784967,2
23958,10.456857,3.8140857,6
23959,11.51538,4.5189023,6
23960,-3.2008252,-0.5428741,1
23961,4.352677,-1.2717558,2
23962,7.3825154,5.228738,3
23963,11.553593,4.9228826,6
23964,1.46092,7.402232,8
23965,-4.8057203,9.576716,7
23966,0.68936193,5.94967,8
23967,-0.364383,5.8706665,8
23968,-3.2146108,9.824516,7
23969,-4.826406,10.154819,7
23970,-2.879888,0.108120896,1
23971,15.609092,6.884559,0
23972,3.56451,6.6108146,5
23973,-3.2316213,-1.3630794,1
23974,-1.6794201,13.419708,4
23975,3.293738,-1.0005811,2
23976,0.05281387,12.023261,9
23977,5.2264085,4.481429,3
23978,-3.5716174,11.412414,7
23979,-0.15540244,14.534548,4
23980,14.460547,6.7047067,0
23981,3.0261369,6.717969,5
23982,-3.7812314,10.541972,2
23983,10.447805,4.0953884,6
23984,-0.8065577,-4.5093637,1
23985,-3.7783117,11.058826,7
23986,5.233986,4.2729774,3
23987,-0.15304776,6.178639,8
23988,14.093986,6.667809,0
23989,-0.75214064,10.945266,9
23990,2.0296206,12.191175,9
23991,15.702175,6.804033,0
23992,0.11456497,15.055942,4
23993,-3.043721,-0.97063434,1
23994,3.2719586,-1.3126506,2
23995,3.8189971,-1.1321193,2
23996,4.700803,7.185786,5
23997,5.622816,5.6017985,3
23998,-1.6473664,9.99594,9
23999,0.41447634,14.627982,4
24000,0.5613773,5.979483,8
24001,2.7302485,5.8651867,5
24002,1.4116639,6.492433,8
24003,10.952278,4.3338466,6
24004,2.6000872,5.5400786,5
24005,-4.786252,11.015578,7
24006,-1.9441086,10.257915,9
24007,-0.6735669,6.040313,8
24008,-4.720379,9.377208,7
24009,-1.026706,10.574789,9
24010,2.1015687,0.24973689,2
24011,16.210629,7.329407,0
24012,4.0691447,-1.3397064,2
24013,-2.9105449,-0.7825248,1
24014,2.540766,-1.4121857,2
24015,4.299493,-0.9488916,2
24016,10.816297,4.804969,6
24017,5.816352,4.6986113,3
24018,-0.22453882,13.698107,4
24019,-0.5154307,14.386168,4
24020,-4.312915,1.4548383,1
24021,3.1200216,6.3834662,5
24022,-5.2864866,10.811354,7
24023,11.3482485,4.7812233,6
24024,15.108378,8.019629,0
24025,-4.593421,10.1024685,7
24026,0.994238,7.4347963,8
24027,-0.52918416,5.997929,8
24028,6.1070404,5.6082106,3
24029,-1.7842577,10.373394,9
24030,11.38596,6.2202587,6
24031,10.333172,3.1449707,6
24032,-0.46263054,13.003369,4
24033,-0.8389792,13.714594,4
24034,14.430173,6.983493,0
24035,3.2536232,-0.41366622,2
24036,1.6734928,-0.62347454,2
24037,10.816148,4.47763,6
24038,1.6388043,-1.2419474,1
24039,-0.92270947,13.977563,4
24040,-4.3415804,11.582622,7
24041,-4.2114577,11.026508,7
24042,6.72383,5.795766,3
24043,3.2675085,6.204354,5
24044,-5.105863,11.750297,7
24045,3.8576066,6.3878703,5
24046,1.4640437,6.5004673,8
24047,-0.8170114,13.400855,4
24048,1.194194,6.354253,8
24049,-4.2155576,10.232351,7
24050,3.744372,-0.7811887,2
24051,-0.19387142,6.2363863,8
24052,-1.9177002,15.262988,4
24053,-1.1079068,10.786443,9
24054,-0.38330328,11.631791,9
24055,2.7696059,-0.6686251,2
24056,4.798809,5.8468733,5
24057,0.3425414,11.981576,9
24058,10.087936,3.409821,6
24059,5.7422214,5.1298084,3
24060,2.1621354,-0.6457841,2
24061,-1.0275736,11.016616,9
24062,5.078707,4.8068337,9
24063,4.8729854,4.829497,3
24064,-3.2649949,10.238589,7
24065,-0.21956496,6.2062845,8
24066,5.7547607,4.8661637,3
24067,3.6035037,-0.86439586,2
24068,3.6579993,6.040307,5
24069,15.038092,6.44072,0
24070,-1.2159243,-2.7768838,1
24071,-0.08417633,11.528205,9
24072,14.522602,7.898443,0
24073,0.38343054,6.5420456,8
24074,11.205928,6.1776977,6
24075,14.4841585,6.4360847,0
24076,0.6529922,14.078852,4
24077,3.8352652,6.8766565,5
24078,15.376048,8.5662,0
24079,10.132879,3.6416023,6
24080,-2.1469476,-0.9998088,1
24081,15.066906,6.767106,0
24082,-1.3001662,11.279343,9
24083,-2.1294086,-1.744185,1
24084,-1.1023682,14.584684,4
24085,15.372408,6.541634,0
24086,-0.83451265,-3.2756443,1
24087,-0.9510949,13.684696,4
24088,-4.30145,10.412024,7
24089,2.2330287,-0.83717185,2
24090,-2.7510736,-2.496357,1
24091,10.500175,3.1667402,6
24092,-1.6437607,11.22765,9
24093,5.057642,6.919739,5
24094,-3.8876753,11.513301,7
24095,5.566945,5.192859,3
24096,3.3062646,-1.6033046,2
24097,3.9166515,6.8920617,5
24098,2.9907362,-1.3489579,2
24099,5.296646,4.2557898,3
24100,3.3328352,6.599211,5
24101,-0.89701545,9.96959,8
24102,-2.9797435,-0.9543724,1
24103,15.877985,7.55424,0
24104,5.71863,5.8247933,3
24105,15.702955,7.298128,0
24106,5.600423,7.6187286,5
24107,4.165408,6.321002,5
24108,0.30086803,7.3388734,8
24109,-0.57171226,14.490818,4
24110,0.0050946404,7.042796,8
24111,4.971771,4.947044,3
24112,-0.41136524,5.7402434,8
24113,0.22139901,14.3519125,4
24114,-0.909272,14.54926,4
24115,-2.0874612,-1.4787571,1
24116,3.1080298,-1.2773163,2
24117,3.370191,6.032848,5
24118,2.4023426,-1.198772,2
24119,5.3388815,4.635167,3
24120,0.42801782,14.540055,4
24121,15.140738,6.4907174,0
24122,-0.50160825,-4.2165556,1
24123,0.4883902,5.7271395,8
24124,1.7496648,-0.7912245,2
24125,6.416465,4.3374653,3
24126,-2.6274748,-3.4110208,1
24127,10.577055,3.2261002,6
24128,5.6240177,6.7890472,5
24129,2.6639454,-0.63974166,2
24130,1.2987125,7.0584993,8
24131,-3.8322127,10.456194,7
24132,6.9111295,4.92528,3
24133,-3.4803772,-0.91625476,1
24134,2.2684565,7.614819,8
24135,-2.840045,-1.5973456,1
24136,-0.6592927,-4.0881314,1
24137,-0.28311446,6.210151,8
24138,-3.7225828,10.988985,7
24139,-2.0665805,-1.2574773,1
24140,-4.2746525,10.357561,7
24141,-3.6935103,10.151911,7
24142,6.264818,6.378526,3
24143,-2.4268446,-0.54186004,1
24144,5.6921587,5.309723,3
24145,5.2184696,5.454572,3
24146,10.2488365,4.3862658,6
24147,-0.056648318,6.468454,8
24148,15.988179,7.4308705,0
24149,4.0841165,6.6837854,5
24150,0.4210954,5.3865075,8
24151,14.899858,6.430625,0
24152,3.8143663,-1.5516455,2
24153,-1.4691023,11.112978,9
24154,-0.22826622,13.876173,4
24155,-4.7506046,11.306144,7
24156,1.7064139,12.426273,9
24157,10.739315,4.3128743,6
24158,10.401039,4.314431,6
24159,-4.1672926,11.028472,7
24160,0.40618497,7.3058023,8
24161,-0.26521444,14.18844,4
24162,10.330875,4.406749,6
24163,-2.9027069,-0.76046956,1
24164,-2.257428,9.941181,9
24165,10.349035,3.861416,6
24166,4.4849052,7.186405,5
24167,0.20922872,6.6330805,8
24168,-2.9845035,-0.8527241,1
24169,-0.96311235,13.720612,4
24170,4.1269627,6.823538,5
24171,-3.555641,10.710943,7
24172,-3.9069967,11.31292,7
24173,3.3059254,6.610522,5
24174,0.4015622,14.943979,4
24175,-2.1213386,-1.2724422,1
24176,5.8269625,4.587036,3
24177,3.9459004,-0.81964505,2
24178,0.66669035,11.509661,9
24179,11.196153,4.8127775,6
24180,5.1679726,6.4072104,5
24181,-4.756739,10.888635,7
24182,2.3015997,-0.5759079,2
24183,-2.8616464,-1.0902568,1
24184,10.864169,3.6426837,6
24185,-0.06459931,11.883839,9
24186,-4.4093313,10.259254,7
24187,0.2748304,6.3076525,8
24188,14.58481,7.917436,0
24189,15.102491,6.195001,0
24190,-0.20356013,6.4978004,8
24191,10.41132,3.2792454,6
24192,0.26842442,13.0779,4
24193,-0.06296713,11.030035,9
24194,-1.975992,9.430205,9
24195,-1.1896178,13.646386,4
24196,5.9583936,5.430836,3
24197,-0.42477703,11.536495,9
24198,2.7194448,-1.4669967,2
24199,-1.8736708,11.214709,9
24200,-4.5698085,11.345042,7
24201,10.184853,3.3456373,6
24202,3.810006,6.8256364,5
24203,3.3483424,-1.2253467,2
24204,6.62489,5.4546633,3
24205,5.281335,4.7643332,3
24206,4.668413,-1.4019451,2
24207,-4.7886643,10.883086,7
24208,-1.5683144,-3.3458254,1
24209,-2.6339176,-1.8764031,1
24210,1.4235297,14.358211,9
24211,-0.39580518,11.255167,9
24212,14.215903,6.2207537,0
24213,3.692734,-0.2935029,2
24214,11.007839,5.66154,6
24215,3.0604808,-0.31054533,2
24216,-0.76500946,-3.6347115,1
24217,2.8655298,6.413673,5
24218,6.6397333,5.5185447,3
24219,5.799124,4.588638,3
24220,11.433309,4.905247,6
24221,-4.9078393,12.017458,7
24222,-0.59623945,-4.0858355,1
24223,-0.6951932,6.299822,8
24224,10.118642,2.7596614,6
24225,16.75601,7.662507,0
24226,1.9310334,-0.19557266,2
24227,-4.0959587,1.245667,1
24228,-4.8638563,10.474666,7
24229,4.111711,-0.4976647,2
24230,2.0701268,12.55789,9
24231,5.525547,4.143516,3
24232,4.030761,6.689161,5
24233,-2.1126266,14.959408,4
24234,0.9016157,5.756514,8
24235,2.839532,4.33968,5
24236,-4.028741,11.197572,7
24237,11.226034,2.7693932,6
24238,3.1915934,0.49453762,2
24239,-4.4254165,8.925291,7
24240,0.4254793,7.7445936,8
24241,-0.8780893,5.320578,8
24242,10.435957,4.2440877,6
24243,-1.5734707,9.72171,9
24244,1.4484204,14.5212,4
24245,16.679167,7.6715183,0
24246,0.7857134,11.744758,9
24247,-4.132559,1.9659777,1
24248,5.9968104,6.3682613,3
24249,3.7252624,-0.119348474,2
24250,3.2640104,5.878993,5
24251,6.5662265,4.1880836,3
24252,5.159971,7.6606765,5
24253,-1.9494054,15.233719,4
24254,-4.7874846,9.303756,7
24255,2.6160789,4.4754605,5
24256,1.4197866,6.769546,8
24257,11.587595,3.7299142,6
24258,-1.0633925,14.264767,4
24259,-4.680544,8.989029,7
24260,-4.303868,8.528772,7
24261,-0.6996195,5.012756,8
24262,-0.28582248,12.645375,4
24263,-2.6092234,8.957261,9
24264,6.3377185,5.4057183,3
24265,16.583046,7.459325,0
24266,10.807633,3.8099601,6
24267,-3.69542,1.6164057,1
24268,14.210389,7.1907206,0
24269,3.9441726,-0.34135354,2
24270,-1.1164764,11.729377,9
24271,5.739507,3.9979887,3
24272,1.2446852,14.081483,4
24273,-1.7008916,15.217665,4
24274,-0.24789515,12.944535,4
24275,2.3912838,4.3466196,5
24276,15.406751,5.994546,0
24277,10.6649065,2.2919595,6
24278,-3.653209,1.0415958,3
24279,-3.6832724,0.39551032,1
24280,-5.2958226,11.974098,7
24281,5.8476577,3.9390566,3
24282,-0.3619885,14.473273,4
24283,2.8809905,5.0339837,5
24284,4.8534307,5.475577,3
24285,-2.147011,9.602336,9
24286,10.958471,2.9865062,6
24287,-1.8837554,14.927368,4
24288,-2.969383,-2.0070136,1
24289,-4.316068,1.0553299,1
24290,3.75378,-0.38710824,2
24291,-4.3332057,8.559572,7
24292,-3.628305,-0.5846357,4
24293,-4.062481,1.1810993,1
24294,6.9374914,5.090537,3
24295,-1.4647034,14.308035,4
24296,1.4693629,14.585117,4
24297,-0.70303607,5.2345777,8
24298,0.9590101,14.4781885,4
24299,6.529347,4.060456,3
24300,1.3992304,11.836249,9
24301,-0.83381695,5.252225,8
24302,-0.4346633,12.86971,4
24303,4.0227513,-1.19309,2
24304,10.127967,3.727996,6
24305,-1.9337578,9.631144,9
24306,-0.28306958,-4.4921446,1
24307,5.905172,4.290192,3
24308,14.639969,6.788938,0
24309,-0.39221933,6.2094126,8
24310,5.171639,6.9364495,5
24311,-0.6359861,5.982133,8
24312,4.3996825,7.373314,8
24313,-1.8359692,10.284525,9
24314,-5.243163,11.987395,7
24315,-4.2268276,8.63944,7
24316,-0.9370873,13.53857,4
24317,2.9554024,5.059495,5
24318,3.5047135,6.5623155,5
24319,-1.0232029,10.379114,9
24320,14.068969,7.2424173,0
24321,4.0377064,-0.9011375,2
24322,-3.5852056,0.28140765,1
24323,2.8391054,4.752161,5
24324,4.0728645,6.8063765,5
24325,-4.4742036,8.516985,7
24326,5.965265,4.813187,3
24327,-1.0611415,15.043483,4
24328,-1.2093897,-3.8147097,1
24329,-4.1247087,1.8111205,1
24330,4.1829596,6.681891,5
24331,3.8923504,-0.84334147,2
24332,5.1677885,7.739907,5
24333,5.679707,4.507188,3
24334,-0.4476879,14.777617,4
24335,2.7344835,4.6647973,5
24336,5.643954,5.5531597,3
24337,-2.0747514,10.066867,9
24338,6.9182773,4.53773,3
24339,-4.187338,1.3303893,1
24340,0.94801444,14.444343,4
24341,-4.3071733,1.0299574,1
24342,10.410383,2.56993,6
24343,16.213306,7.4773455,0
24344,-0.19647388,6.202615,8
24345,15.99434,7.4025745,0
24346,14.532159,7.2167373,0
24347,3.5871606,0.688279,2
24348,14.473284,7.770864,0
24349,-0.5507472,6.0051484,8
24350,6.817748,5.9017587,3
24351,-4.002966,8.67906,7
24352,-1.5489409,-2.515889,1
24353,2.6240602,4.4313536,5
24354,5.6878858,5.394002,3
24355,-3.8830562,1.4928132,1
24356,5.0724683,5.6154103,3
24357,-3.5762224,1.5354277,1
24358,6.0621676,6.1215105,3
24359,-0.8029929,5.2759147,8
24360,3.371437,0.65098554,2
24361,2.4747374,4.3370466,5
24362,-3.1747367,10.458787,7
24363,10.71006,2.1466672,6
24364,-5.063304,10.723026,7
24365,-2.0196834,15.247196,4
24366,-2.7277124,-3.0947063,1
24367,16.441338,7.1628036,0
24368,-1.9779468,-3.7171605,1
24369,5.497706,4.318298,3
24370,0.8985537,6.312527,8
24371,16.175508,6.4646606,0
24372,-4.426324,10.588431,7
24373,6.050008,3.8239312,3
24374,4.254639,6.8976407,5
24375,-4.493752,8.726916,7
24376,-1.6446006,-3.2534747,1
24377,11.129337,2.79245,6
24378,-1.7824826,14.166709,4
24379,-1.5252393,9.971694,9
24380,11.214286,4.578797,6
24381,3.244836,-0.88945854,2
24382,-3.431198,10.958414,7
24383,10.680135,2.5310671,6
24384,-3.6945796,9.567315,7
24385,10.049281,2.6918888,6
24386,6.0711694,6.3485694,3
24387,-1.4965254,10.95431,9
24388,14.837018,8.7200165,0
24389,15.287788,7.0783777,0
24390,1.7858483,-0.35203212,2
24391,-1.1583418,14.539831,4
24392,10.465292,4.399887,6
24393,15.353828,6.5247626,0
24394,5.0178776,6.9414806,5
24395,10.68032,2.5000827,6
24396,2.1389077,6.449295,8
24397,-3.4874172,-0.14347692,1
24398,-0.07253528,12.160293,9
24399,15.941468,7.9597054,0
24400,6.046514,5.738229,3
24401,-1.6916145,9.537119,9
24402,5.519675,7.4576745,5
24403,2.419419,4.399677,5
24404,1.6205368,7.6079583,8
24405,-4.3299146,1.9735519,1
24406,2.2517872,-0.07628005,2
24407,6.1495566,3.769778,3
24408,3.99299,7.5199733,5
24409,-4.8613477,9.201288,7
24410,1.2470858,7.544022,8
24411,10.922784,2.975029,6
24412,-3.9609354,11.511181,7
24413,-1.1085564,10.621239,9
24414,5.9707417,6.8146424,3
24415,-3.8610387,8.932088,7
24416,1.8012804,6.838683,8
24417,6.410502,4.012226,3
24418,3.0988572,-1.5703529,2
24419,15.964545,7.335203,0
24420,1.3383406,12.32401,9
24421,3.2498152,4.7663665,5
24422,1.8483878,7.468243,8
24423,10.801171,2.5989382,6
24424,-3.8533394,9.292621,1
24425,2.1742818,-0.30335772,2
24426,5.203811,7.178791,5
24427,2.0874326,-0.23876166,2
24428,10.506703,3.0424614,6
24429,15.65722,7.472287,0
24430,2.1689494,0.23529376,2
24431,-2.67429,-0.9251538,1
24432,0.20186818,14.447468,4
24433,3.1585588,0.22957832,2
24434,-3.1391451,9.362501,7
24435,5.8894205,4.663053,3
24436,-2.3751142,-0.8350685,1
24437,-0.1963477,13.059187,4
24438,10.772734,4.901391,6
24439,3.539084,6.61277,5
24440,14.240192,6.052832,0
24441,11.560239,4.090142,6
24442,6.9950566,5.038676,3
24443,-4.996751,9.784815,7
24444,14.94793,8.736604,0
24445,16.323984,8.40663,0
24446,5.5257463,3.939282,3
24447,-2.697191,-1.5232092,1
24448,6.969047,5.91552,3
24449,3.146652,0.2879044,2
24450,3.2428288,-1.4935294,2
24451,6.2867923,5.616885,3
24452,6.8852425,6.101543,3
24453,11.790782,4.507946,6
24454,-0.53786314,11.023817,9
24455,-5.4426293,10.360036,7
24456,-0.70943505,13.975054,4
24457,-0.97835696,5.0892587,8
24458,10.241347,3.9856927,6
24459,-1.2304603,10.579485,9
24460,0.027975526,6.545214,8
24461,-1.9813387,-3.3400385,1
24462,3.191369,0.53431153,2
24463,16.33984,7.660878,0
24464,-4.9083753,8.826353,7
24465,-3.176303,1.231173,1
24466,-1.5276765,-3.7706192,1
24467,3.4449852,0.4207549,2
24468,-0.08775412,10.536919,9
24469,5.8241363,3.5966604,3
24470,-2.6097043,-3.4424198,1
24471,-0.08336834,12.939387,4
24472,1.6914494,14.568132,4
24473,2.6151862,4.37061,5
24474,10.2857685,2.8675487,6
24475,11.843922,4.880051,6
24476,16.284664,8.120047,0
24477,-4.6680336,8.891902,7
24478,-0.9713812,11.080796,9
24479,-1.003741,5.0989466,8
24480,15.555367,7.9468627,0
24481,6.3074875,5.439803,3
24482,1.1101806,12.568922,9
24483,-3.3200595,-0.7072039,1
24484,3.5466049,-1.7720901,2
24485,3.4014552,0.44757965,2
24486,11.83861,5.73827,6
24487,-2.9944894,-0.9155097,1
24488,11.274482,5.7925434,6
24489,0.15472558,10.968069,9
24490,4.5713263,6.99708,5
24491,3.5302663,0.6871787,2
24492,3.5883353,6.7932873,5
24493,-0.39624485,13.00386,4
24494,0.7166314,12.008562,9
24495,16.140297,7.995854,0
24496,0.20389998,12.163937,9
24497,1.1440573,11.568892,9
24498,1.1843792,7.297652,8
24499,-0.032620594,10.930259,9
24500,-4.720899,11.403275,7
24501,6.3241806,6.392926,3
24502,-3.9881387,9.969487,7
24503,-3.8139079,8.3387575,7
24504,3.3079574,6.4494185,5
24505,-4.3372607,10.146046,7
24506,-0.048419077,14.467756,4
24507,0.009993977,11.157,9
24508,1.9932679,12.277847,9
24509,-3.1830914,-2.0451849,1
24510,15.656208,8.074717,0
24511,-0.359838,13.24377,4
24512,1.3792734,7.287416,3
24513,3.5474348,0.6954402,2
24514,0.8438665,13.477094,4
24515,-4.7959356,9.380843,7
24516,5.916364,7.4142237,5
24517,3.2042828,0.41046816,2
24518,-5.2570853,12.258071,7
24519,3.326865,6.4578342,5
24520,3.7990968,-1.5439363,2
24521,-0.83665437,5.4688563,8
24522,10.358157,4.257918,6
24523,11.849721,5.0779634,6
24524,6.452153,5.9187255,3
24525,16.698286,7.924729,0
24526,10.878718,5.0492606,6
24527,-0.56012714,13.100928,4
24528,5.16256,5.918031,3
24529,16.258097,8.081734,0
24530,-1.4286163,14.810827,4
24531,5.7636433,4.986776,3
24532,6.0577188,4.8048043,3
24533,-1.0063678,5.137583,8
24534,5.834449,7.0249605,8
24535,-2.800668,-1.754126,1
24536,-0.8275852,-3.9906669,1
24537,16.45561,8.135851,0
24538,-0.102303796,11.494991,9
24539,6.005745,4.1320953,3
24540,-5.0075827,11.764676,7
24541,16.826675,7.8322716,0
24542,-0.27163076,13.5764265,4
24543,-0.44283116,13.089281,4
24544,-3.9625106,10.950062,7
24545,-3.7718196,8.3310795,7
24546,3.7006059,-1.8179847,2
24547,-0.22126698,13.094575,4
24548,-3.7008212,11.13016,7
24549,-0.6754048,10.141652,9
24550,-3.7282305,11.7507105,7
24551,3.2497256,0.31130606,2
24552,1.8591807,-0.91867447,2
24553,-0.6249926,10.097852,9
24554,11.458382,5.9674454,6
24555,-4.1882763,0.6970696,1
24556,-0.54618675,11.434036,9
24557,3.232796,0.52000266,2
24558,2.422181,7.4120903,8
24559,3.3260734,5.2922616,5
24560,6.511905,5.2022915,3
24561,-3.3730803,8.524277,7
24562,2.390286,4.7294164,8
24563,-2.793721,-2.0196059,1
24564,-3.6605024,-1.1057917,1
24565,-4.606744,10.501916,7
24566,1.6781039,12.259042,9
24567,-2.181683,-1.5057536,1
24568,-5.1070747,11.68577,7
24569,11.6202345,5.2320843,6
24570,2.1698234,-0.76742053,2
24571,-5.078586,10.868597,7
24572,-4.0377865,9.910891,7
24573,5.826969,4.9284315,3
24574,4.255199,7.2133427,5
24575,6.5423098,5.524721,3
24576,11.364803,6.024605,6
24577,11.694082,5.463738,6
24578,0.5903741,6.695889,8
24579,2.6799767,4.4233794,5
24580,-0.56253743,-3.9821842,1
24581,11.820384,4.6432033,6
24582,2.9698157,-1.507878,2
24583,-4.800957,8.919523,7
24584,6.546984,6.5204034,3
24585,11.7017565,4.801708,6
24586,0.9701276,6.8833966,8
24587,-1.0108386,5.3058257,8
24588,-0.04145714,11.446177,9
24589,-1.0129497,5.260994,8
24590,0.4053489,13.737597,4
24591,2.9913027,-0.03198173,2
24592,10.396222,3.8659482,6
24593,-1.4044598,11.276917,9
24594,1.0975679,11.950074,9
24595,3.740241,7.0304227,5
24596,2.0846386,12.670354,9
24597,5.5831947,5.1023197,3
24598,14.517931,8.726306,8
24599,-4.5769024,8.772954,7
24600,-0.6238294,6.3174424,8
24601,-0.16488199,12.954724,4
24602,3.166048,-1.7419602,2
24603,5.214169,4.482139,3
24604,0.5847413,14.111574,4
24605,15.444395,6.3918567,0
24606,-1.8829733,-3.551716,1
24607,0.17784151,13.946303,4
24608,2.90978,6.6734533,5
24609,11.411062,4.5292373,6
24610,6.5555716,5.4561405,3
24611,11.789879,4.591555,6
24612,2.0595841,0.271638,2
24613,0.08172333,11.621826,9
24614,4.109564,7.529421,5
24615,16.739649,7.9746237,0
24616,11.797544,6.604429,6
24617,-3.826502,-0.22932167,1
24618,2.9746532,-1.3344903,2
24619,-3.8813207,0.5917661,1
24620,2.1525586,12.339347,9
24621,5.8072643,5.073245,3
24622,10.454562,3.3414626,6
24623,3.6274743,0.6809057,2
24624,-2.6956444,-2.322009,1
24625,-3.9003377,2.3744085,1
24626,-3.38518,-0.922941,1
24627,15.85029,8.557226,0
24628,-0.87807816,-4.010565,1
24629,15.811614,6.0746512,0
24630,5.6594677,6.044065,5
24631,-3.5886352,0.76039976,1
24632,3.592253,-0.054429878,2
24633,3.9105992,-0.6690593,2
24634,-1.0418975,-3.2929175,1
24635,5.7198114,4.21725,3
24636,14.806928,6.282761,0
24637,-1.7967757,13.486117,4
24638,11.646154,6.130103,6
24639,-4.928727,9.246455,7
24640,15.04221,7.3246355,0
24641,0.7038963,6.6373034,8
24642,1.1643926,14.287341,4
24643,-0.18941753,11.204181,9
24644,-5.2062974,10.978585,7
24645,15.903033,6.1716256,0
24646,1.2011718,6.278793,8
24647,-3.0388105,0.92910796,1
24648,-1.2126647,14.112746,4
24649,3.6623592,-0.5638641,2
24650,4.717396,7.37404,5
24651,5.5452104,4.562744,3
24652,-5.178367,10.372976,7
24653,-1.8356911,13.658782,4
24654,1.2860857,7.3048186,8
24655,-4.7464156,9.722992,7
24656,10.921641,5.551281,6
24657,0.87114906,6.4599566,8
24658,0.49446172,6.320466,8
24659,0.048399784,10.936126,9
24660,4.020408,7.780714,5
24661,16.236872,6.7723103,0
24662,-1.9628668,9.614274,7
24663,-3.387125,1.5390935,1
24664,0.7374664,7.383183,8
24665,4.110328,-0.7989099,2
24666,5.4718523,7.4468145,5
24667,5.6633906,4.333783,3
24668,-1.1149485,12.466962,4
24669,-1.830781,13.609024,4
24670,-4.741134,11.802263,7
24671,2.8556862,5.1860642,5
24672,5.692996,4.5127754,3
24673,10.616697,2.379259,6
24674,3.5487018,-1.6688358,2
24675,-4.6002913,9.022014,7
24676,14.363202,7.52252,0
24677,0.25168857,6.0078425,8
24678,-2.9174845,-2.816142,1
24679,0.36016172,6.5004625,8
24680,5.3653626,5.9727526,3
24681,15.167404,6.285665,0
24682,-5.2549076,12.127142,7
24683,3.6444876,5.974783,5
24684,-2.486488,10.92652,9
24685,10.467156,2.9324117,6
24686,0.16613086,5.7563562,8
24687,10.509046,2.49392,6
24688,-1.3741405,-2.9947836,1
24689,15.305003,5.9677873,0
24690,2.8796523,-0.015354989,2
24691,0.3254873,6.1712055,8
24692,-5.029491,12.273063,7
24693,15.356568,6.344791,0
24694,-0.15630907,11.745743,9
24695,3.064503,-0.7362758,2
24696,16.250862,8.301863,0
24697,6.312244,3.8146484,3
24698,14.458949,7.3056307,0
24699,-4.156173,9.2438965,7
24700,-4.5885515,10.141701,7
24701,-1.1938599,10.290927,9
24702,-3.433558,9.157954,7
24703,-1.861997,13.671072,4
24704,1.7391671,12.046551,9
24705,-3.6613317,9.023865,7
24706,15.376456,8.495344,0
24707,-3.8779833,1.4181988,1
24708,4.6453485,6.541437,5
24709,-4.7843804,9.82775,7
24710,-1.9312279,-1.7579358,1
24711,-4.2150793,1.2198092,1
24712,0.5865593,11.706804,9
24713,-1.885966,13.910977,4
24714,-1.9208323,-3.5530622,1
24715,15.395252,5.76203,0
24716,4.822036,7.475194,5
24717,15.270844,6.147913,0
24718,3.2713718,6.5669203,5
24719,-1.7578391,13.752635,4
24720,1.0984936,6.3008213,8
24721,-2.7226915,0.10439792,1
24722,1.9565464,-0.5600468,2
24723,-4.150631,9.276275,7
24724,2.6961856,-0.88591444,2
24725,3.2544239,5.6541305,5
24726,11.726147,6.5390882,6
24727,-4.194338,9.425805,7
24728,4.7860236,-0.8141829,2
24729,-3.7789037,1.5414534,1
24730,-1.850965,9.922196,5
24731,5.483142,4.0275064,3
24732,3.8933613,-1.8519541,2
24733,5.326033,4.03554,3
24734,0.8391208,14.617331,4
24735,5.6040196,3.969706,3
24736,0.8630351,11.835787,9
24737,-3.6987526,0.44937858,1
24738,-2.4397588,-2.357908,1
24739,10.438103,2.6390843,6
24740,1.1424301,7.6938257,8
24741,-0.80147725,10.684397,9
24742,-4.029154,9.058067,7
24743,-4.242917,9.215651,7
24744,-0.29744872,13.541795,4
24745,-1.8758723,14.674298,4
24746,2.7206733,0.3354096,2
24747,5.730733,4.1768537,3
24748,6.836641,5.2808933,3
24749,15.457454,5.8764477,0
24750,11.132648,5.7988954,6
24751,3.6915443,-0.8883356,2
24752,2.986322,0.42635322,2
24753,10.421377,2.7602608,6
24754,10.523679,4.9917197,6
24755,15.595773,5.9398375,0
24756,-0.13867825,12.150132,9
24757,0.11236819,6.1453104,8
24758,1.7770853,14.49277,4
24759,-1.086453,10.915503,9
24760,1.7143017,6.4909825,8
24761,-1.87875,13.624654,4
24762,-2.2520623,-3.4727535,1
24763,6.04454,4.084524,3
24764,11.174471,3.636657,6
24765,3.2756586,5.6267757,5
24766,-0.6040955,14.575124,4
24767,-2.311747,9.736632,4
24768,1.6428667,7.3158236,8
24769,-0.028789548,5.9607453,8
24770,5.830684,3.9958029,3
24771,-2.8375592,0.39712128,1
24772,4.820625,5.3296623,3
24773,3.0033233,5.4738,5
24774,10.2246895,3.660527,6
24775,-0.982889,10.519466,9
24776,14.115165,6.212747,0
24777,15.718804,6.166078,0
24778,5.3414125,7.186883,5
24779,10.286479,2.4500258,6
24780,5.8371167,6.2253084,3
24781,-1.7834747,13.545816,4
24782,-2.8625095,-2.1346028,1
24783,5.7228575,4.0882626,3
24784,5.296096,4.3710165,3
24785,10.800571,2.516972,6
24786,1.8989551,-0.90199757,2
24787,5.7433105,4.1665564,3
24788,-4.2037683,11.668426,7
24789,5.4634185,4.0485363,3
24790,-1.6590037,-1.2007612,2
24791,0.4719657,6.597405,8
24792,3.2979016,6.7118545,5
24793,-2.4132752,-0.46093684,1
24794,4.3558583,-1.8251969,2
24795,-1.8238925,13.578614,4
24796,3.058094,-1.1516215,2
24797,-4.2151575,9.324181,7
24798,16.122284,8.432283,4
24799,3.306164,5.686191,5
24800,-1.4052094,-4.2125487,1
24801,-4.6350307,9.089492,7
24802,10.906683,4.5182304,6
24803,3.1549256,-0.8524031,2
24804,10.875552,5.5701914,6
24805,2.8890855,-0.7692935,2
24806,0.14491402,6.6834855,8
24807,15.901138,6.086621,0
24808,-2.2874029,-3.7215626,1
24809,15.795613,6.102481,0
24810,1.3374479,14.276355,4
24811,-3.9964914,1.004193,1
24812,3.2117581,6.777955,5
24813,-3.9959593,8.980577,7
24814,-2.4965847,-2.129293,1
24815,-4.0298567,9.202034,7
24816,-3.7558799,9.860004,7
24817,-0.90808874,10.571917,9
24818,-3.5184863,11.309137,7
24819,3.224869,5.500648,5
24820,4.783037,7.313224,5
24821,-1.4352297,9.954015,9
24822,-1.0250047,12.45033,4
24823,0.19095336,6.4533234,8
24824,-3.2847805,-1.4960201,1
24825,-1.0927925,10.240696,9
24826,0.8379746,7.219963,8
24827,10.676121,2.202076,6
24828,14.6554985,5.851603,0
24829,0.09281603,6.207594,8
24830,-4.1550937,10.449558,7
24831,0.32985523,6.484164,8
24832,10.66765,2.9462764,6
24833,2.8129923,-0.75737125,2
24834,-3.8297992,0.12984598,1
24835,5.6998725,5.4153,3
24836,2.3638673,-0.70073104,2
24837,10.791582,2.6298754,6
24838,-1.4910161,-1.8587192,1
24839,-2.9193432,0.5352362,1
24840,15.666073,8.162762,0
24841,2.4710796,-0.668528,2
24842,14.797369,8.361099,0
24843,-1.130322,10.502514,9
24844,2.0910914,-0.20451297,2
24845,-0.191588,6.013244,8
24846,15.390089,8.100662,0
24847,2.9479706,5.303491,5
24848,-0.99436146,-4.4060984,1
24849,-3.6172755,2.043711,2
24850,5.7631125,4.2346754,3
24851,10.723179,2.4486027,6
24852,5.378181,4.2083254,8
24853,2.986671,-0.8090379,2
24854,4.44489,6.7039866,5
24855,-2.0453472,14.217122,4
24856,14.298792,7.2602305,0
24857,-0.07544342,5.9186344,8
24858,16.392181,8.121231,0
24859,3.0670283,5.031675,5
24860,2.0482874,12.810115,9
24861,15.083502,7.1331234,0
24862,2.9159327,-1.0516369,2
24863,-3.5567348,0.12672648,1
24864,5.352381,6.0867186,5
24865,3.5461683,-0.2215905,2
24866,1.3253689,14.498306,4
24867,6.611322,4.8719115,3
24868,5.2367806,5.6847553,3
24869,-0.15410966,15.078533,4
24870,-3.5523486,11.306159,3
24871,10.228938,2.8227031,6
24872,14.474925,6.946158,0
24873,-4.326107,9.851664,7
24874,-0.8401566,13.662182,4
24875,0.0032378077,5.755554,8
24876,1.7723435,-0.5291596,2
24877,15.113275,6.1236143,0
24878,-4.140401,10.116188,7
24879,-2.8170729,-0.5152027,1
24880,0.65779126,14.373751,4
24881,3.2978003,-1.179426,2
24882,-5.1977787,10.250507,7
24883,6.1510234,5.322196,3
24884,-3.2596915,10.75865,7
24885,-0.69354177,14.591482,4
24886,5.1746807,5.651342,3
24887,4.204929,6.1489897,5
24888,-1.7747242,-2.476011,1
24889,0.06797654,5.8737817,8
24890,4.917295,6.694278,5
24891,-0.52502596,11.226494,9
24892,14.302338,7.77312,0
24893,14.509772,6.8888707,0
24894,0.11847235,14.0327835,4
24895,-3.9011788,-0.43903482,1
24896,14.201349,7.8020205,0
24897,3.5781302,-0.28114936,2
24898,2.0489702,12.828437,9
24899,6.1567106,5.479331,3
24900,-2.3964703,-2.5564387,1
24901,-1.0592088,14.791941,4
24902,2.103474,12.493688,9
24903,3.2843022,6.0645046,5
24904,-0.62733114,-4.1051807,1
24905,10.765755,3.86605,6
24906,5.3675675,4.633985,3
24907,-4.3690305,9.570641,7
24908,5.5745792,7.3615417,5
24909,-0.011010151,5.7372594,8
24910,3.536476,6.5171328,5
24911,-1.7854,10.617399,9
24912,-0.88272476,14.603284,4
24913,15.954676,7.2733502,0
24914,-1.9594119,11.235222,9
24915,-2.513187,-0.37957567,1
24916,0.039707933,12.269417,9
24917,-3.9048688,10.054251,7
24918,-1.3719083,-3.8688552,1
24919,-1.9240086,10.509243,9
24920,-0.86269647,11.075472,9
24921,3.435568,6.097337,5
24922,0.83812976,14.180684,4
24923,-3.4199913,0.7899127,1
24924,-1.9334279,-3.7466311,1
24925,0.00021121831,5.3817987,8
24926,1.0835847,7.4494658,8
24927,-1.8446589,10.961422,9
24928,-4.868419,11.994112,7
24929,-0.7687413,14.527445,4
24930,-1.3223083,-3.0105615,1
24931,6.8988585,4.9426336,3
24932,-2.2417872,-3.7050653,1
24933,-4.080466,-0.12525675,1
24934,15.648858,6.998614,6
24935,-4.211051,9.995433,7
24936,1.79243,12.670133,9
24937,0.017413795,5.915057,8
24938,0.82169354,12.125149,7
24939,3.4459167,0.44407758,2
24940,14.021059,7.617051,0
24941,-0.71233463,14.555625,4
24942,0.27638268,12.330946,9
24943,7.042675,4.706721,3
24944,11.890576,6.5701447,6
24945,10.000333,2.8625958,6
24946,-0.07302446,11.921647,9
24947,-1.6911795,11.114934,9
24948,10.89416,4.2110596,6
24949,-1.765383,10.994654,9
24950,-3.7381554,0.13022126,8
24951,2.880341,4.4541965,5
24952,14.782225,8.141994,0
24953,0.16639858,5.9159913,8
24954,1.6238906,7.4740396,8
24955,10.088307,3.0441322,6
24956,-0.38364595,11.372115,9
24957,10.10691,3.2715273,6
24958,-1.1058916,-4.1607413,1
24959,0.049981106,5.643633,8
24960,5.1545963,7.3081527,5
24961,3.6663861,-0.5867497,2
24962,14.97548,6.8135314,0
24963,11.126992,4.019563,6
24964,-3.319474,10.175053,7
24965,6.907188,4.975798,3
24966,-1.2722832,-2.9272678,1
24967,-1.770431,11.052375,9
24968,2.3938603,-0.8164053,2
24969,6.950399,5.0696154,3
24970,-4.040819,2.6928844,1
24971,3.382289,0.26270422,2
24972,1.9546446,-0.3196547,2
24973,-3.9616241,-0.0906217,1
24974,-2.1797323,-1.9726226,1
24975,-3.8129764,10.6354265,7
24976,0.8691608,14.1528225,4
24977,-0.88431853,14.776509,4
24978,14.964546,8.131186,0
24979,0.016076546,5.448361,8
24980,-0.4954516,12.940119,4
24981,0.049614485,5.445137,8
24982,1.6421835,-0.7253305,2
24983,-2.7738209,10.15361,9
24984,-3.432384,11.327785,7
24985,15.553993,7.9113364,0
24986,-0.5261429,13.581378,4
24987,6.882896,4.456712,3
24988,15.330253,8.578447,0
24989,6.6670995,4.659243,3
24990,2.8880577,12.138131,7
24991,-1.7029291,10.599466,9
24992,0.6793257,14.952787,4
24993,15.229372,6.7577744,0
24994,-3.7317488,11.470526,7
24995,5.266794,7.1308837,5
24996,-1.3200375,-2.8514957,1
24997,4.379227,-1.4751153,2
24998,2.1664197,12.273982,9
24999,-1.7388921,10.587843,9
25000,-3.312053,9.643833,3
25001,-1.7563716,13.980313,4
25002,3.8975937,7.1310043,5
25003,-3.9031353,-0.31559527,1
25004,2.123661,0.21580428,2
25005,15.034225,6.4284143,0
25006,-0.9908165,14.581809,4
25007,6.7615423,5.5643816,3
25008,0.34011465,6.2776613,8
25009,-4.316366,10.5165,7
25010,10.936084,4.9461236,6
25011,-4.763085,10.423187,7
25012,0.7122591,7.293946,8
25013,-4.3148036,9.79279,7
25014,1.4428151,14.525376,4
25015,-0.055497173,5.2840605,8
25016,1.01392,7.547149,8
25017,4.3443766,-1.4582098,2
25018,1.9363769,7.7979436,8
25019,-0.6007049,10.876061,9
25020,3.8237875,-1.6011952,2
25021,-4.8550897,11.040489,7
25022,14.851984,8.69071,0
25023,3.8184159,5.2704287,5
25024,14.857462,8.659096,0
25025,3.3449917,6.1389065,5
25026,-4.402545,11.798774,7
25027,-3.9080024,1.728215,1
25028,6.1931267,5.8738484,3
25029,4.2695136,-1.2889128,2
25030,11.220319,3.980493,6
25031,11.034078,3.8444695,6
25032,5.3788953,5.8717237,3
25033,6.9279037,4.860513,3
25034,5.6928253,3.696386,3
25035,10.92582,3.7710023,6
25036,-0.8235242,-4.13816,1
25037,10.207197,3.7727559,6
25038,3.5278404,-1.5142101,2
25039,16.595617,7.7225375,0
25040,5.865571,5.8437676,3
25041,3.6543977,-1.3606387,2
25042,-2.3008826,-2.8790271,1
25043,0.6024031,5.739663,8
25044,-1.2508241,11.56201,9
25045,-2.7254725,-0.5609981,1
25046,0.41036823,12.326692,9
25047,10.439328,3.8548205,6
25048,-0.8264025,12.937774,4
25049,-3.7478206,0.66598773,1
25050,-1.8575965,14.958722,4
25051,15.762625,7.148383,0
25052,-1.8195623,-3.7781575,1
25053,-1.3023689,13.854221,4
25054,-4.281125,0.7912128,1
25055,6.9565134,4.3417716,3
25056,0.5239085,13.904099,4
25057,-4.013449,0.28763855,1
25058,-3.7234657,9.006322,7
25059,10.726154,3.283758,6
25060,-4.666157,11.015909,7
25061,-3.7302396,0.8116738,1
25062,-4.4615746,10.640485,7
25063,-1.8043598,10.67488,9
25064,-1.0125625,-3.8535283,1
25065,15.184822,8.79497,0
25066,3.0997438,5.1133704,5
25067,-1.6382354,-3.5910332,1
25068,9.816235,3.0902743,6
25069,3.24463,-1.6196184,2
25070,-4.8982677,10.855669,7
25071,6.1755223,6.2613487,3
25072,1.2832435,7.6860194,8
25073,0.405162,13.94655,4
25074,-1.5017433,9.537927,8
25075,2.8863618,5.8201017,5
25076,10.993523,5.4097705,6
25077,11.370365,4.453829,6
25078,6.754287,4.969261,3
25079,-4.6528454,10.012915,7
25080,6.073094,7.49818,5
25081,1.0572064,6.7416897,8
25082,14.699441,7.338474,0
25083,0.009283475,11.677098,9
25084,3.3221562,6.4052234,5
25085,15.836577,8.521206,0
25086,0.38623473,14.691047,4
25087,-2.4641824,-1.5744547,1
25088,3.0758536,-1.1796411,2
25089,4.1419168,-1.302992,2
25090,10.05485,3.2923353,6
25091,6.1287723,6.4387474,3
25092,14.77182,5.468517,0
25093,0.087064564,14.5919075,4
25094,5.4844227,5.5689135,3
25095,-5.1936827,10.890958,7
25096,6.8755817,4.8666167,5
25097,-0.10727717,6.495654,8
25098,10.127642,3.7439528,6
25099,-0.653878,10.450183,9
25100,0.38308248,13.98057,4
25101,15.732655,8.805555,0
25102,11.255022,5.379112,6
25103,-3.2810419,-0.18528259,1
25104,11.142206,4.3149357,6
25105,4.634159,-0.82898664,2
25106,5.7685885,5.0065393,3
25107,6.851224,6.228555,3
25108,10.742429,3.731338,6
25109,-0.88547957,14.613599,4
25110,-4.551471,10.4913225,7
25111,2.7892847,4.7527328,5
25112,-3.2326326,-0.45450792,1
25113,11.272121,3.3283303,6
25114,-0.68819344,13.7722645,4
25115,-4.878496,9.634515,7
25116,5.9151745,4.0982876,3
25117,-0.51327074,6.2873516,8
25118,-1.6497422,-4.1578054,1
25119,-0.720876,10.58069,9
25120,1.219756,6.257811,8
25121,-4.3430386,10.913134,7
25122,2.4639733,-0.17868887,2
25123,-3.5412061,9.839062,7
25124,-1.7601751,-3.3535225,1
25125,-3.9501736,10.899685,7
25126,-3.3320885,9.945685,7
25127,5.96294,5.650503,3
25128,-5.073692,11.784352,7
25129,-1.8123109,-1.5538853,1
25130,-5.0684214,9.012221,7
25131,0.9539107,7.2910714,8
25132,2.3182728,7.199072,8
25133,-4.220383,9.67904,7
25134,1.3819222,11.776406,9
25135,11.320563,4.315402,6
25136,2.2469676,-0.20857424,2
25137,16.252552,8.665396,0
25138,1.9558465,-0.45112595,2
25139,4.4634743,-1.6033064,2
25140,-3.7296708,9.938887,7
25141,11.237332,5.0266485,6
25142,11.62449,5.1798964,6
25143,0.34907392,6.941696,8
25144,10.692071,4.795207,5
25145,6.0548463,6.354051,3
25146,2.3116772,7.2844615,8
25147,4.4323363,-1.4065534,2
25148,3.6215355,0.6040232,2
25149,1.4650635,7.2864404,8
25150,3.144447,-1.4227403,2
25151,-2.169191,-3.4185824,1
25152,14.105779,6.9207606,0
25153,-2.1103537,-3.5532928,1
25154,0.49208766,13.433949,4
25155,-4.329434,11.144876,7
25156,1.9237305,-0.23157577,2
25157,4.5857887,-1.4430751,2
25158,3.6612756,7.2343144,5
25159,10.577432,3.9366112,0
25160,-3.8002706,9.610181,7
25161,-4.18559,10.926489,7
25162,0.1595146,14.821459,4
25163,-3.5418296,-1.2155786,1
25164,5.673533,5.4146795,3
25165,11.562796,5.0073543,6
25166,15.062654,7.3297153,0
25167,14.383838,7.597142,0
25168,-0.024954287,11.570313,9
25169,-1.1394594,14.242126,4
25170,0.58910716,14.235129,4
25171,11.251919,4.3593907,6
25172,6.933593,5.0337896,3
25173,-1.2950964,14.145432,4
25174,5.3995733,5.0226707,3
25175,-1.4285216,14.931542,4
25176,-0.10799845,13.539462,4
25177,2.9603322,5.493814,5
25178,15.164913,7.118949,5
25179,-0.06811067,6.493685,8
25180,1.43988,14.355871,4
25181,15.269378,8.119724,0
25182,1.2176234,14.579243,4
25183,11.276361,4.371661,6
25184,-1.0310966,13.97134,4
25185,3.9191701,-1.418126,2
25186,5.7525086,7.5469275,8
25187,5.556592,5.4388657,3
25188,-0.6385691,12.727253,4
25189,-3.1490114,-1.9093343,1
25190,5.0055814,7.5594573,5
25191,6.0716405,5.5581756,3
25192,5.0662217,6.5096927,5
25193,11.110751,4.988304,6
25194,1.3276048,14.644274,4
25195,0.7687392,6.764781,8
25196,-4.0734086,1.8812163,1
25197,-1.8991627,14.091493,4
25198,3.350866,5.2169104,5
25199,15.099078,7.9845343,0
25200,-3.1308181,9.517441,7
25201,-5.418256,10.594207,7
25202,-2.8272595,-2.0849633,1
25203,3.4239533,5.9351664,5
25204,10.755793,4.719413,6
25205,-0.42846686,6.155761,8
25206,14.611355,7.649398,0
25207,1.0246029,6.551975,8
25208,6.5234766,5.8841295,3
25209,6.946891,6.04663,3
25210,5.770913,7.504268,3
25211,-4.5907354,9.048313,7
25212,4.917813,4.9752693,9
25213,0.16632687,6.567755,8
25214,15.942624,8.526375,0
25215,0.6948894,11.416643,9
25216,-0.4241703,11.1437845,9
25217,4.430115,-1.0816481,2
25218,1.7948703,14.492255,4
25219,10.907969,3.4244413,6
25220,-2.3394396,-0.49199954,2
25221,3.7757967,-0.9794831,2
25222,5.566117,5.56177,3
25223,3.4135182,6.525883,5
25224,0.1159018,11.908371,9
25225,5.971201,5.7748566,3
25226,11.692162,5.5014806,6
25227,-2.8053722,-2.353488,1
25228,0.52185386,6.260842,8
25229,-4.9281893,10.495878,7
25230,-2.0480201,-2.5140738,1
25231,6.9000363,6.237203,3
25232,-3.0160017,-0.8361088,8
25233,-0.19954754,10.656968,9
25234,0.5352761,14.952611,4
25235,-3.7255173,0.59161466,1
25236,1.3065956,5.8176937,8
25237,0.3603181,10.840666,9
25238,1.8052349,-0.644269,2
25239,0.373425,11.168119,9
25240,4.649153,7.177796,5
25241,10.987666,3.719702,6
25242,-4.5645604,11.483627,7
25243,15.557093,8.5632105,0
25244,-2.0686388,-2.5752633,1
25245,5.884663,4.896276,3
25246,1.9767785,0.16752745,2
25247,-0.65505874,10.480926,9
25248,-0.41296887,11.327072,9
25249,4.2070208,-1.7494255,2
25250,1.092318,6.5172324,8
25251,-0.15812747,6.5325327,8
25252,15.050501,6.496197,0
25253,-2.5585895,-0.4065357,1
25254,1.764831,6.9396133,8
25255,-0.5826596,14.550259,4
25256,1.9186599,6.7126613,8
25257,6.7811494,4.620493,3
25258,0.93550295,12.2376175,9
25259,2.7304666,4.476803,5
25260,1.5050292,14.014236,4
25261,4.4821362,-1.1518551,2
25262,6.703047,5.9441175,8
25263,-0.7818319,10.819043,9
25264,-3.411194,-0.8773719,1
25265,4.2045994,-0.80200297,2
25266,5.048296,4.9017763,3
25267,-0.6361681,9.980121,9
25268,-2.9133334,-2.1523457,1
25269,-4.0022283,2.4509861,1
25270,11.303105,6.4457264,6
25271,11.264598,2.6657372,6
25272,2.2703917,-0.28737387,2
25273,3.0512393,4.470144,5
25274,-2.9373689,-2.098771,1
25275,-0.024596171,6.304619,8
25276,0.8687239,6.788306,8
25277,-0.88391143,10.202002,9
25278,14.691855,8.082507,0
25279,-1.7561088,14.983976,4
25280,1.2203557,12.482697,9
25281,4.5139656,-1.1019455,2
25282,6.65622,5.7883425,3
25283,3.1822126,5.157395,5
25284,5.148687,5.5404067,3
25285,15.466461,8.014057,0
25286,-3.5273733,10.401011,7
25287,-1.5436486,-2.8847134,1
25288,0.32408872,14.01745,4
25289,2.9626768,-0.6412293,2
25290,14.237932,7.769211,0
25291,5.686326,5.851844,3
25292,0.08098868,14.522586,4
25293,0.18419212,14.138415,4
25294,1.8931632,-0.17395166,2
25295,5.2627063,7.751338,5
25296,5.4399514,5.0639358,3
25297,11.691736,5.850163,6
25298,-1.2734971,11.824829,9
25299,-4.9531784,11.268942,7
25300,-4.953121,12.406921,7
25301,2.2844381,7.2432375,8
25302,-2.9258492,0.07858758,1
25303,0.39526543,11.63933,9
25304,15.435126,8.770143,0
25305,15.269163,8.068314,0
25306,10.097602,4.061897,6
25307,-1.4139775,-2.9711583,1
25308,-3.0702949,10.282673,7
25309,3.1923978,0.5780848,2
25310,-2.0857742,-3.1929238,1
25311,5.769821,5.85386,3
25312,14.394953,7.9867425,0
25313,0.42614323,14.163271,4
25314,-4.0975347,10.147946,7
25315,4.1446357,7.6936636,5
25316,11.443207,4.9813256,6
25317,11.6528635,5.9396152,6
25318,2.95782,0.5268982,2
25319,-4.4388638,10.271289,7
25320,1.215598,7.3063183,8
25321,2.5259938,7.236896,8
25322,-3.912118,-0.189665,1
25323,0.38681066,11.647916,9
25324,-0.7767231,-4.226321,1
25325,15.098578,7.95933,0
25326,2.153103,7.1142387,8
25327,-1.3940972,-3.037294,1
25328,5.0864177,4.8661036,3
25329,2.0261328,-0.5062563,2
25330,4.796634,7.9647274,5
25331,5.7446446,5.2943535,3
25332,2.015097,0.25208685,2
25333,1.1054984,14.403375,4
25334,1.4586029,14.273372,4
25335,4.8454313,7.2303634,5
25336,-1.8736993,-3.116437,1
25337,11.56499,5.4458194,6
25338,11.518706,6.142913,6
25339,-4.9845586,10.886294,7
25340,11.133195,5.368417,6
25341,2.2120643,7.173993,8
25342,4.0805225,6.0287833,5
25343,1.2468138,11.770238,9
25344,14.51215,6.0089974,0
25345,11.277669,5.1685615,6
25346,5.5194297,4.8727336,3
25347,-0.41602263,13.819013,4
25348,-3.4910052,9.817338,7
25349,3.204088,0.23427328,2
25350,1.1011367,12.537733,7
25351,10.549054,4.5634212,6
25352,-2.603843,-2.190475,1
25353,-0.22162382,13.464031,4
25354,-2.599756,-1.6873502,1
25355,-4.9099317,11.546047,7
25356,4.759744,7.117102,5
25357,5.0144463,7.124627,5
25358,11.362122,6.029803,6
25359,5.3737793,7.4525576,5
25360,1.0314114,6.5686283,8
25361,0.21460353,14.027225,4
25362,-0.3458078,6.3890743,8
25363,-4.492074,10.699632,7
25364,-2.2934253,-2.9016488,1
25365,1.5936532,7.060027,8
25366,15.634452,8.611582,0
25367,1.2188178,11.963081,9
25368,10.044444,3.2468195,6
25369,3.031604,-1.1433859,2
25370,-3.9110599,10.044945,7
25371,1.4305964,12.083542,9
25372,0.85750073,11.651689,9
25373,5.8899536,5.23164,3
25374,10.150364,3.3240342,6
25375,0.8221603,11.551684,9
25376,0.9514024,12.459806,9
25377,5.8507104,5.179178,3
25378,-0.6136794,14.489817,4
25379,2.455026,7.321498,8
25380,0.0078396285,13.566797,4
25381,3.1664,-1.0365014,2
25382,-0.23638429,14.857344,4
25383,15.020945,8.387758,0
25384,5.092172,7.833752,5
25385,0.540148,11.836203,9
25386,15.8532,8.208996,0
25387,2.0277464,6.9411693,8
25388,0.63659596,6.8947105,8
25389,14.864497,7.5487924,0
25390,14.976461,6.4754395,0
25391,5.3235245,7.477729,5
25392,-5.018464,11.794735,7
25393,10.901614,5.17201,6
25394,-1.2545931,-2.550053,1
25395,14.722128,7.980155,0
25396,0.32227898,13.7806425,4
25397,-2.4287992,-2.0563815,1
25398,5.5562387,4.595653,3
25399,14.509708,7.7332883,0
25400,1.4343508,6.7096586,8
25401,0.4948222,13.521963,4
25402,5.0786543,7.6224623,5
25403,2.9990692,-1.1767184,2
25404,0.032741982,11.104496,9
25405,11.164992,5.537126,6
25406,4.251788,-1.817215,2
25407,4.476119,7.2983317,5
25408,14.551848,8.677402,0
25409,6.0102177,5.1787534,3
25410,1.4812641,14.133472,4
25411,4.817677,7.230705,5
25412,2.289674,-1.2752428,2
25413,5.63459,5.064393,3
25414,-3.364798,-1.4471083,1
25415,2.4391768,7.400685,8
25416,-0.405947,-4.332451,1
25417,5.5719075,4.4879274,3
25418,0.33119595,7.2992744,8
25419,0.25947982,13.878742,4
25420,15.172111,6.5004797,0
25421,-1.7096477,-2.8999355,1
25422,11.598418,6.460743,6
25423,4.834032,7.156071,5
25424,10.903358,4.2715187,6
25425,5.815041,5.398842,3
25426,-4.1872334,9.615811,7
25427,14.848949,6.8421626,0
25428,-2.557097,-2.964562,1
25429,2.0495396,6.9585857,8
25430,10.463796,2.6641107,6
25431,1.8833656,7.031749,3
25432,1.3268479,12.46684,9
25433,14.977795,8.275205,0
25434,-1.5297616,-1.7997911,1
25435,11.215775,5.889709,6
25436,-3.1689408,-2.3162513,1
25437,3.088482,-1.1886628,2
25438,-0.015719594,12.678519,4
25439,-4.897772,10.86406,7
25440,3.4549506,6.19465,5
25441,-1.8892251,-2.3326716,1
25442,2.8533103,-1.6961439,2
25443,-1.6875114,-2.4854817,1
25444,-4.006687,9.400344,7
25445,2.1051304,6.9926305,8
25446,1.4661242,12.66001,9
25447,-1.9038274,-2.920664,1
25448,-1.832016,-1.4809804,1
25449,-4.674815,10.163846,7
25450,-2.0828712,-3.5331674,1
25451,-1.7512363,-3.301689,1
25452,-3.417512,10.403609,7
25453,5.7664843,5.2826204,3
25454,5.4280624,4.281233,3
25455,1.8668771,6.8557925,8
25456,14.400777,8.035613,0
25457,4.9644303,7.2593007,5
25458,-3.845153,10.063922,7
25459,2.8894136,-1.0870367,2
25460,14.614535,8.097499,0
25461,14.54824,7.433278,0
25462,11.811308,5.425438,6
25463,0.95776004,12.219362,9
25464,0.92745596,6.7931056,8
25465,-4.9128165,11.279404,7
25466,3.7487843,6.289539,5
25467,11.228442,5.383892,6
25468,5.438834,7.348311,5
25469,-4.4873776,10.312694,7
25470,-0.2744598,13.013303,4
25471,-0.113846056,14.061452,4
25472,1.3944118,12.078061,9
25473,-2.4671106,-2.021619,1
25474,-2.7227526,-0.82467014,1
25475,10.9566345,5.311477,6
25476,3.1934505,-0.66617006,2
25477,1.7793924,7.1014752,8
25478,-1.6797969,11.462862,9
25479,-0.4297891,13.351524,4
25480,6.3935585,6.6479707,3
25481,-4.717663,11.01995,7
25482,-3.7996159,1.9405427,8
25483,4.759358,7.2216153,5
25484,-0.6086401,13.101527,4
25485,-2.2608078,-2.4469302,1
25486,0.24411198,5.1773763,8
25487,3.4876912,-1.3057708,2
25488,0.9851818,13.807612,4
25489,10.985868,5.4197474,6
25490,1.0028284,13.769396,4
25491,-3.863901,10.899238,7
25492,2.9898438,-1.1998248,2
25493,1.7275766,12.585135,9
25494,4.55809,7.6859446,5
25495,2.0386577,7.2359467,8
25496,-1.3192537,-4.1516123,1
25497,14.666125,6.702192,0
25498,-1.8626188,10.000395,4
25499,11.208832,5.89399,6
25500,-5.349181,11.268358,7
25501,1.3643513,11.920927,9
25502,0.5438481,12.378363,9
25503,0.36627465,14.024876,4
25504,-0.43133232,-4.407483,1
25505,10.834822,4.868694,6
25506,-4.7086573,11.08181,7
25507,3.0046818,-1.1314881,2
25508,3.4865997,6.139238,5
25509,5.5764427,5.5752726,3
25510,1.8478346,-0.73336,2
25511,-4.5243697,10.915883,7
25512,15.146688,6.574933,0
25513,-0.9082077,-3.8540807,1
25514,0.62723696,7.302922,8
25515,0.41629818,11.592694,9
25516,2.71385,-0.7603071,2
25517,3.4715977,-1.3103254,2
25518,15.005454,8.842743,0
25519,3.2920372,-1.4045362,2
25520,10.070671,4.0935864,6
25521,4.305984,7.586928,5
25522,-3.9975371,10.91212,7
25523,5.790306,5.509442,3
25524,-3.3446932,-1.2446526,1
25525,-3.9115317,10.258454,7
25526,2.050984,-0.5749439,2
25527,1.4637985,6.588639,8
25528,5.036735,5.2066092,9
25529,15.333899,7.9107213,0
25530,3.462728,-0.33053774,2
25531,-3.1650646,-1.769559,1
25532,-0.23689194,10.705862,9
25533,2.5270073,-0.4108453,2
25534,-0.710852,13.602211,4
25535,7.1053276,5.8227477,3
25536,6.879185,5.1106725,3
25537,-3.1979961,-2.2451792,1
25538,5.3562913,5.9385595,3
25539,4.4982567,6.752645,5
25540,-3.5439994,-1.4295359,1
25541,10.653598,4.598871,6
25542,14.881758,8.858916,0
25543,-4.0845933,10.593692,7
25544,0.84013945,7.0007453,8
25545,0.5161668,6.846665,8
25546,6.341462,5.2521935,8
25547,15.820191,8.655808,0
25548,2.5280268,-0.9450882,2
25549,-2.6744072,-2.7543073,1
25550,-0.9747115,13.688352,4
25551,3.5577307,-1.590865,2
25552,6.0756364,4.403523,3
25553,6.729083,4.0780163,3
25554,-3.9305234,10.972438,7
25555,-0.55739886,13.85828,4
25556,2.1767328,7.0957904,8
25557,4.361443,6.438953,5
25558,0.75867546,14.797163,4
25559,11.274027,4.847332,6
25560,4.853145,7.4150643,5
25561,-4.6219864,10.872576,7
25562,-3.7255828,9.880281,9
25563,0.057931237,6.5108814,8
25564,2.235393,0.16464722,2
25565,-0.91477454,11.854409,9
25566,5.0696,7.163925,5
25567,15.654825,8.645957,0
25568,0.6822103,6.406018,8
25569,-2.5917313,-2.0415316,1
25570,2.9839978,-1.4094713,2
25571,3.583355,-0.41735584,2
25572,11.17984,5.993505,6
25573,6.3223524,3.9987447,3
25574,3.4120507,-1.5035131,2
25575,-0.42391708,14.330653,4
25576,14.430346,5.963229,0
25577,5.2057657,6.8177366,5
25578,-3.7823737,10.1577,7
25579,11.6139145,5.0188456,6
25580,4.6670365,7.278114,5
25581,-4.053518,9.659132,7
25582,0.27981406,5.332384,8
25583,-0.007967874,6.1180763,8
25584,14.678487,6.750403,0
25585,-1.3337215,11.152382,9
25586,6.979376,4.367841,3
25587,0.45246428,6.162099,8
25588,4.1094475,6.6994896,5
25589,-0.3572371,12.218823,9
25590,5.3257046,4.0231624,3
25591,3.5059485,-1.4381406,2
25592,0.0066772886,5.6162786,8
25593,11.005391,4.167091,6
25594,-4.488331,10.996589,7
25595,-3.149429,-1.9889222,1
25596,-1.3963027,-3.089485,1
25597,-4.671853,10.961983,7
25598,3.6666698,7.07052,5
25599,11.067461,4.38755,6
25600,-0.9062112,-3.4307454,1
25601,6.80024,4.792562,3
25602,0.15684757,14.296109,4
25603,5.1310883,7.0339975,5
25604,0.04662586,13.537064,4
25605,-0.6548866,14.808046,4
25606,-2.2290392,-2.662244,1
25607,-0.3523791,6.014307,8
25608,10.519142,3.5257897,6
25609,3.2964478,-0.81484884,2
25610,-4.4038963,11.467255,7
25611,11.390149,3.7625499,6
25612,0.7781327,13.864193,4
25613,-1.581297,13.319503,4
25614,10.424435,2.8764725,6
25615,-4.886937,11.470824,7
25616,0.95968294,14.20501,4
25617,3.2786403,-1.046931,2
25618,1.9334756,-0.7139625,2
25619,6.9373803,4.828201,3
25620,0.90542054,6.7291284,8
25621,-0.2733229,14.720167,4
25622,3.1654942,6.2671037,5
25623,4.5092063,6.666212,5
25624,-1.6487116,10.872179,9
25625,-0.8116371,11.07838,9
25626,14.687427,8.563201,0
25627,3.2779686,-0.19710408,2
25628,-2.5643466,-3.3360667,1
25629,15.155251,7.2901063,0
25630,6.26883,6.385937,3
25631,5.5372744,4.9309483,3
25632,3.322088,-1.7431434,2
25633,1.0774838,12.0254345,9
25634,1.479918,11.916084,9
25635,-0.9171874,13.750784,4
25636,11.654751,6.515538,6
25637,-0.17904836,11.55849,9
25638,10.840013,4.7391396,6
25639,-4.1440773,11.219398,7
25640,2.1479752,12.344204,9
25641,6.4287066,3.894976,3
25642,-5.0517673,9.869124,7
25643,0.6155843,11.74496,9
25644,0.8038288,14.775016,4
25645,6.7363586,4.359962,3
25646,11.62881,6.4501925,6
25647,0.7681018,5.813016,8
25648,-0.52431107,11.83164,9
25649,-4.762453,11.428344,7
25650,15.261726,6.1028743,0
25651,-3.9203825,-0.12301269,1
25652,1.1753432,12.144052,9
25653,-0.90459883,14.530228,4
25654,4.9117246,7.7935214,5
25655,0.30854416,11.510289,9
25656,0.083780296,13.416503,4
25657,0.0023611798,6.165945,8
25658,2.4888003,-1.1865108,2
25659,3.9381473,5.8970437,5
25660,0.19990876,13.931401,4
25661,1.0992849,5.898598,8
25662,0.9826967,14.32882,4
25663,4.5685954,-1.3405223,2
25664,1.3203161,11.782329,9
25665,11.570306,5.9165554,6
25666,-3.520677,-1.104442,1
25667,-0.22879367,11.348514,9
25668,1.7210199,14.30873,4
25669,5.2562227,6.835948,5
25670,1.3808136,14.423865,4
25671,6.849334,4.6328764,3
25672,2.5288808,-1.0769303,2
25673,10.806285,5.236396,6
25674,1.0078981,7.170211,8
25675,4.350751,6.29958,5
25676,16.334354,8.160765,0
25677,3.8848305,-1.059573,2
25678,10.392133,4.4429336,5
25679,4.9780188,6.7548175,5
25680,10.749216,3.08443,6
25681,-4.3031135,10.358081,7
25682,0.49952617,14.1393385,4
25683,3.2805953,-0.39852765,2
25684,10.810533,5.2199135,6
25685,6.7494373,4.4482164,3
25686,0.9200038,6.992125,8
25687,-3.2709987,-1.4261106,1
25688,6.155278,4.9019065,3
25689,7.078105,4.942901,3
25690,15.789327,7.4560027,0
25691,3.8733952,-0.6917795,2
25692,2.202881,7.0924363,8
25693,-3.8385806,10.15997,7
25694,14.634947,7.946107,0
25695,7.0334597,4.867546,3
25696,-1.6955429,-1.5981466,1
25697,-2.6563818,-2.9614856,1
25698,-0.61940855,11.960462,9
25699,0.44769323,11.713095,9
25700,1.8632524,-0.11014616,2
25701,15.883681,7.345133,0
25702,-0.82014066,-3.864363,1
25703,-2.973392,-1.9328011,1
25704,-0.8404455,-4.0184016,1
25705,-4.195566,10.61718,7
25706,1.3376393,13.08778,9
25707,15.742105,7.3423023,0
25708,6.916202,5.713217,3
25709,-0.055725582,5.5477624,8
25710,0.043756656,6.74195,8
25711,5.330792,6.949755,5
25712,-0.68593466,10.824309,9
25713,11.486785,5.4439135,6
25714,14.965905,8.83635,0
25715,0.04243324,6.2611675,8
25716,-3.9362295,9.841315,7
25717,3.2625341,-0.898533,2
25718,2.182089,-0.6248865,2
25719,-2.0705266,-2.6160088,1
25720,4.585682,6.5411253,5
25721,7.021165,4.9132705,3
25722,-4.9627404,10.482393,4
25723,5.126921,7.343519,5
25724,-0.25824612,-4.5083423,1
25725,15.339119,8.789917,0
25726,3.5079796,7.0840793,5
25727,-4.530537,11.635151,7
25728,6.0931034,6.028921,3
25729,14.86117,7.3573346,0
25730,10.868802,5.135152,6
25731,-0.108648516,5.826379,8
25732,3.0314476,0.122069165,2
25733,-4.188809,10.447375,7
25734,-1.0010004,-4.4578114,1
25735,3.6651013,-0.4540903,2
25736,2.0654066,7.2732844,8
25737,-0.70803386,13.7289505,4
25738,3.1043851,6.552941,5
25739,-1.1396283,13.862938,4
25740,5.2003064,4.611982,3
25741,0.49152613,6.282813,8
25742,11.260041,5.4818773,6
25743,15.730937,7.4402437,0
25744,-2.5881867,-0.2950487,1
25745,-2.2352498,-1.455896,1
25746,5.190923,5.3236375,3
25747,5.0988364,7.007833,5
25748,-1.9862459,-2.758676,7
25749,-2.1108978,-1.4696037,1
25750,14.643016,6.069292,0
25751,-3.4297452,-0.30088377,1
25752,3.4718082,-1.7958483,2
25753,11.532961,4.874096,6
25754,14.189607,7.3330708,0
25755,15.823274,8.41799,0
25756,-4.260144,8.56201,7
25757,15.299531,8.459814,0
25758,-2.82436,7.030028e-05,1
25759,-1.1670735,13.651728,4
25760,0.4695235,14.613491,4
25761,-1.0599569,11.360016,9
25762,4.6971025,6.171509,5
25763,0.64458007,6.016526,8
25764,-3.6872022,-0.5578511,1
25765,5.245245,6.8504143,5
25766,0.5148964,6.1725473,8
25767,-2.7721756,-0.029048253,1
25768,6.0578804,5.2758627,3
25769,10.746453,4.4714074,6
25770,11.028855,4.799927,6
25771,11.078172,3.8647335,6
25772,-1.2150664,13.732188,4
25773,15.4495325,6.470573,0
25774,-1.8984897,-4.048747,1
25775,-4.556532,10.594033,7
25776,1.1070137,7.3789425,8
25777,10.734563,4.2104564,6
25778,3.6510994,6.4085417,5
25779,-3.9712038,-0.20771603,1
25780,3.904709,-0.27236748,2
25781,-2.8519692,0.34424275,1
25782,-5.016626,11.390861,7
25783,14.260031,6.5830092,0
25784,0.09648458,14.629448,4
25785,-0.59762096,-4.20743,1
25786,-0.7816118,-4.010702,1
25787,3.0394673,-1.2652973,2
25788,-4.124941,10.159736,7
25789,5.6913443,5.6451745,3
25790,-0.9232523,12.239897,4
25791,0.21540214,13.901194,4
25792,-5.083238,12.18633,7
25793,4.1712995,7.137041,5
25794,-3.019821,-2.1548736,1
25795,10.946921,5.2228603,6
25796,-0.12716073,6.5394588,8
25797,-4.565996,11.97045,7
25798,10.711118,2.3630106,6
25799,-2.593296,10.243522,8
25800,2.3798938,-0.9653606,1
25801,-1.0653255,12.421127,9
25802,5.1698656,5.4463882,3
25803,14.628174,8.177951,0
25804,2.0891423,-0.45030433,2
25805,-1.1166122,-3.3540227,1
25806,-4.9870315,11.14065,7
25807,3.9150138,-0.9412056,2
25808,-3.585589,11.073262,7
25809,5.2298994,5.1048107,3
25810,0.8499679,11.50004,9
25811,0.095704585,13.935697,4
25812,-1.1033977,-3.441607,1
25813,3.2154558,6.5756264,5
25814,14.24381,6.3120794,0
25815,10.839245,5.379139,6
25816,-5.018931,12.009141,7
25817,-3.778593,10.761193,7
25818,14.713643,5.9345384,0
25819,-2.5413666,-1.5422708,8
25820,6.710408,5.5122313,3
25821,-1.3959631,11.526788,9
25822,-3.0207298,-2.1538243,1
25823,15.060658,8.477108,0
25824,-1.0519696,11.870792,9
25825,-1.7331475,-2.8896332,1
25826,1.3996776,13.946201,4
25827,3.8328674,-0.83382195,2
25828,-0.9896148,11.8385725,9
25829,2.9511907,5.506182,3
25830,-3.9128318,11.336805,7
25831,-0.74821025,14.327247,4
25832,3.648689,7.25075,5
25833,-4.0940647,10.869897,7
25834,10.706635,5.185013,6
25835,-0.19425726,5.3262897,8
25836,14.222964,6.1530037,0
25837,-1.4815749,11.507389,9
25838,1.8531685,-0.58545923,2
25839,14.475782,6.520271,0
25840,4.1824303,6.8313384,5
25841,-4.013339,11.237422,7
25842,-1.9391636,-3.8881814,1
25843,0.45543495,5.9313664,8
25844,1.6812521,14.280078,4
25845,0.04484246,13.794502,4
25846,0.8977103,14.082998,4
25847,-2.3126783,-2.3966897,1
25848,-0.087402,13.340202,4
25849,0.5281078,6.074844,8
25850,-3.2970364,9.211666,7
25851,-0.32803681,5.839821,8
25852,1.4486256,11.840348,9
25853,-1.0636303,-3.432295,1
25854,3.1852565,-1.8682433,2
25855,0.30146796,6.6855183,3
25856,1.5209347,14.400379,4
25857,-2.0113506,-3.4483128,1
25858,-3.2744563,-1.4352282,1
25859,0.6835607,6.030318,8
25860,10.528617,2.1967683,6
25861,5.0157714,4.769925,3
25862,-5.127216,11.61007,7
25863,-5.0082607,11.925421,7
25864,-1.0022311,-4.399545,1
25865,0.7026581,12.084743,9
25866,-0.33695397,13.332931,4
25867,4.934453,4.904047,3
25868,-3.9506438,10.587043,7
25869,-0.62466294,13.9503975,4
25870,1.188347,5.9367156,8
25871,-4.6180973,11.548317,7
25872,-0.6420814,11.594497,9
25873,0.24227689,5.7190695,8
25874,-2.8901777,10.486948,9
25875,-0.5157573,14.146474,4
25876,-3.7802088,-0.45747605,1
25877,-4.5945215,11.27617,7
25878,0.014832451,15.024619,4
25879,0.16095202,5.5999455,8
25880,6.526007,5.2126913,3
25881,0.5974085,11.639906,9
25882,7.022203,5.333153,3
25883,4.83604,4.970221,3
25884,1.293832,14.18967,4
25885,-2.376613,-2.7897565,1
25886,4.3247,7.01126,5
25887,0.24893065,13.9449835,4
25888,-3.7958395,11.660774,7
25889,10.578195,5.160146,6
25890,-0.064134374,5.950871,8
25891,2.5734344,5.3453927,5
25892,15.049803,5.945514,0
25893,10.846402,5.24541,6
25894,-0.6472224,14.131066,4
25895,-4.358741,11.933455,7
25896,6.6192703,5.082006,3
25897,-4.5457664,11.612002,7
25898,-2.362904,-3.5525978,1
25899,-2.4794827,-2.9372091,1
25900,-1.3850374,11.800414,9
25901,11.0185375,4.9436097,6
25902,2.9799678,-0.43399304,2
25903,0.7480568,14.032206,4
25904,-4.9817896,11.330899,7
25905,0.14676039,11.346736,9
25906,10.218627,3.2146938,6
25907,2.887555,-1.3692995,2
25908,11.069864,6.1503754,6
25909,0.6424815,11.826532,9
25910,-2.363853,-2.3015885,1
25911,5.271956,5.0392776,3
25912,2.5966802,-0.22425617,2
25913,2.773681,6.135345,5
25914,14.19386,7.231636,0
25915,5.2587285,4.73923,3
25916,3.9896994,-1.1322633,2
25917,11.279025,5.619048,6
25918,-1.3033949,-3.799164,1
25919,14.157444,6.738184,0
25920,1.5632432,-0.7829125,2
25921,14.403614,6.3004932,0
25922,5.980578,5.070662,3
25923,3.2671647,-1.535625,2
25924,6.5627112,4.717995,3
25925,0.45145252,13.542313,4
25926,-3.5491836,10.808105,7
25927,2.89151,-1.4260733,2
25928,16.225132,8.593843,0
25929,-4.568519,11.8049135,7
25930,5.047313,7.100621,5
25931,0.82256436,13.921463,4
25932,14.330623,7.741345,0
25933,0.4585713,12.169771,9
25934,-1.9232838,-3.9167862,1
25935,3.064733,6.6231008,5
25936,4.465327,7.4142017,5
25937,-1.1007168,-3.1917713,1
25938,-0.11637004,12.622898,4
25939,4.1912355,-1.2226554,2
25940,-2.0182889,-3.847852,1
25941,4.977693,4.6753855,3
25942,14.612927,8.71801,0
25943,11.082536,5.889034,6
25944,10.142695,2.9580715,6
25945,-2.3330379,-2.3667483,1
25946,4.8897266,5.229396,9
25947,-2.370903,-1.375554,8
25948,-1.1408637,-2.8201303,1
25949,5.6372123,3.7725008,3
25950,5.7251043,5.7265267,3
25951,-0.10782817,5.303954,8
25952,15.093823,8.19588,0
25953,14.182363,8.024313,0
25954,5.187145,7.709738,5
25955,5.02526,5.391029,3
25956,-0.9191279,13.159941,4
25957,14.2306185,6.880157,0
25958,3.0683606,6.321038,5
25959,11.240227,5.4307804,6
25960,0.21284741,14.805942,4
25961,-2.110235,-3.7503984,1
25962,10.388909,2.5706878,6
25963,10.969228,5.4210196,6
25964,-4.1795597,10.096827,7
25965,-0.75556695,12.276913,9
25966,4.464525,8.044602,5
25967,3.0274518,6.617705,5
25968,1.1644084,7.548469,8
25969,-0.32854664,11.983132,9
25970,-2.5113475,-2.14581,1
25971,-0.81201994,13.3023205,4
25972,-4.9037957,10.255833,7
25973,3.2337835,6.3265743,5
25974,2.9614983,-0.688541,2
25975,-0.044998884,6.4112387,8
25976,1.2081418,7.0027623,8
25977,11.344832,5.212918,6
25978,15.896758,8.815305,0
25979,-4.564711,10.482619,7
25980,15.823241,6.7982297,0
25981,-1.9215788,-3.6887033,1
25982,-3.6396055,11.326548,7
25983,-2.0864906,-3.2537932,1
25984,1.8890421,7.4177213,8
25985,-4.5623927,11.506776,7
25986,5.85421,7.7071633,8
25987,14.987267,8.010417,0
25988,2.4719512,7.5109878,8
25989,-2.2249248,-2.0163295,1
25990,-0.90745574,13.005154,4
25991,2.8668523,-1.1077027,2
25992,11.527842,5.523813,6
25993,6.871911,6.301668,3
25994,3.0319564,-1.5692792,2
25995,-0.21851659,13.261628,4
25996,5.949238,6.0737505,3
25997,3.8885489,7.2802267,5
25998,-5.3101635,10.72998,7
25999,10.970856,5.039436,6
26000,-0.96459717,13.225588,4
26001,-4.6724033,10.887818,7
26002,-3.2642162,-1.736635,1
26003,1.4145094,6.812207,8
26004,-4.481872,10.586894,7
26005,-0.8271983,11.808608,9
26006,2.9922624,-1.1788619,2
26007,14.451964,6.243784,0
26008,5.7228217,5.621815,3
26009,-2.677523,-1.9065442,1
26010,-4.8544083,11.513534,7
26011,3.3902097,-1.1850619,2
26012,3.1144361,-1.287264,2
26013,6.3982673,6.5981407,3
26014,6.6210346,5.534747,3
26015,0.08081106,14.738411,4
26016,10.790269,2.7597048,6
26017,3.2244132,6.146952,5
26018,4.402453,6.780251,5
26019,11.5149,5.4646535,6
26020,5.85055,7.476461,5
26021,-5.1560607,10.708543,7
26022,1.3862675,7.7628117,8
26023,0.82097983,6.1741486,8
26024,5.8848658,7.194326,5
26025,-0.009145257,11.893285,9
26026,-3.7003272,10.833732,7
26027,16.23773,8.076395,0
26028,0.37121457,5.7099614,8
26029,-2.7661293,-1.7615066,1
26030,4.551255,6.813869,5
26031,3.722374,-1.3565788,2
26032,10.628578,2.3325036,6
26033,5.341798,5.6721687,3
26034,4.10217,7.7189474,5
26035,-0.6926203,14.210299,4
26036,0.4097641,6.899059,8
26037,3.7481568,5.4042926,5
26038,14.320362,8.138412,0
26039,10.964148,3.945979,6
26040,14.456405,8.212294,0
26041,-4.92176,10.108173,7
26042,1.2246847,12.775284,9
26043,0.82054,5.8387375,8
26044,14.461538,8.05321,0
26045,-0.4857153,11.273514,9
26046,4.5142193,-1.8452535,2
26047,-5.022085,11.791527,7
26048,5.381807,6.440675,3
26049,-4.764323,11.463517,7
26050,6.8763695,6.4470105,3
26051,-4.6405807,10.315428,7
26052,11.130283,5.501546,6
26053,6.4173527,5.392474,3
26054,-4.9578624,10.67366,7
26055,15.631099,7.890243,0
26056,-5.245177,11.638715,7
26057,6.011385,5.2584796,3
26058,14.751627,7.388532,0
26059,-2.8326128,-1.9758288,1
26060,-0.1473319,11.129817,9
26061,0.933605,6.0918765,8
26062,4.690064,5.861901,5
26063,-4.458361,11.589021,7
26064,-0.038263187,12.032157,9
26065,10.761994,4.167317,6
26066,3.43103,7.0372124,5
26067,-0.42504066,14.244427,4
26068,1.6854157,12.460901,9
26069,4.5097847,6.5182896,5
26070,-1.3905259,-2.6376877,1
26071,10.528869,3.7985015,6
26072,-0.18521485,-4.545565,1
26073,15.885909,6.1569524,0
26074,1.5569803,14.423087,4
26075,3.929902,-1.4335128,2
26076,-3.9747543,11.688385,7
26077,11.664921,5.189232,6
26078,-1.6794871,-2.7304008,8
26079,0.7654746,5.728877,8
26080,-4.694471,11.266979,7
26081,6.3043885,5.524527,3
26082,0.40338016,11.678353,9
26083,3.9665813,-1.3031236,2
26084,6.020979,3.8283465,3
26085,-0.02628485,6.3950996,8
26086,-0.37445864,15.11218,4
26087,-1.8901348,-1.4215491,1
26088,-3.1596584,10.356691,7
26089,-2.6237066,-2.3118534,1
26090,1.9388484,6.7452846,8
26091,-4.625278,11.669288,7
26092,11.121714,5.011951,6
26093,3.627838,-1.4530255,2
26094,3.3709698,5.92999,5
26095,15.453874,8.131688,0
26096,-2.274668,-0.9283452,1
26097,-4.814762,11.383094,7
26098,2.8636527,6.010819,5
26099,-3.2260206,-0.5653898,1
26100,1.9516807,6.8682504,8
26101,10.185945,3.4469957,6
26102,4.550696,7.2580748,5
26103,15.555761,7.721384,0
26104,-1.7202787,-3.9862173,1
26105,-0.19443001,14.903059,4
26106,0.032699898,14.408701,4
26107,10.882967,4.7939196,6
26108,-1.0926749,10.149752,9
26109,-1.7429639,13.415196,4
26110,0.9922784,12.102594,9
26111,0.04259027,14.060537,4
26112,3.879733,5.8351274,5
26113,3.8556604,6.530688,5
26114,11.756454,6.61429,6
26115,0.50833964,7.2195745,8
26116,-0.06677249,11.498705,9
26117,15.462892,8.455776,0
26118,-1.9384305,-1.6245688,1
26119,11.409369,5.696017,6
26120,2.2432978,-1.0791897,2
26121,3.0428355,0.37131652,2
26122,1.1597502,6.500764,8
26123,6.74306,3.9246986,3
26124,11.494647,5.9999533,6
26125,-3.0021844,-2.4349976,1
26126,10.18596,3.255192,6
26127,6.1371865,5.329099,3
26128,-0.94095975,14.232329,4
26129,10.931118,4.964689,6
26130,5.991461,6.358087,3
26131,4.20001,7.165634,5
26132,-0.094688505,13.837934,4
26133,-1.1173667,-2.7986052,1
26134,3.799225,6.313449,5
26135,2.057055,7.363793,8
26136,1.1457751,7.315201,8
26137,-0.77821463,13.72722,4
26138,2.0823143,7.4363017,8
26139,15.026831,7.030795,0
26140,4.970526,5.5299034,3
26141,-5.0224743,10.894603,7
26142,-3.2208176,-0.26223928,1
26143,4.429981,6.8974714,5
26144,-3.2512853,-0.7096714,1
26145,-0.2541935,6.591034,8
26146,-3.3688023,9.034903,2
26147,-0.008294374,6.601126,8
26148,5.957993,5.9341755,3
26149,6.868931,4.9061127,3
26150,2.467895,4.851949,5
26151,-4.0606546,10.032792,7
26152,-1.5143061,-2.2719188,1
26153,0.63111997,5.6196303,8
26154,6.843291,5.3825235,3
26155,-1.1372324,11.667317,9
26156,5.6975503,4.870955,3
26157,3.6464481,-1.3432761,2
26158,-2.9693258,8.811516,7
26159,10.548973,4.117487,6
26160,11.002718,5.0771713,6
26161,1.7718083,-0.4547514,2
26162,-5.1896677,12.1040945,7
26163,4.410616,7.1047797,5
26164,4.368942,-1.1797822,2
26165,5.981999,6.2083673,3
26166,0.9194667,13.997683,4
26167,-2.6458817,-1.7167747,1
26168,10.660578,3.1430118,6
26169,-5.076413,11.646445,7
26170,3.1757233,-1.1827203,2
26171,6.125539,6.1901784,3
26172,-1.0978429,14.560761,4
26173,-0.1801608,11.737051,9
26174,-1.1596422,-2.4771059,1
26175,-2.461211,-0.41636208,1
26176,15.405129,8.965727,0
26177,-0.29498053,10.756517,9
26178,14.832336,8.781981,0
26179,-1.2626197,10.655423,9
26180,10.751254,4.5242996,6
26181,10.706274,2.995594,6
26182,-2.3838427,-3.5073817,1
26183,15.693419,6.175746,0
26184,15.051617,8.533825,0
26185,0.03506961,11.643532,9
26186,9.861439,3.594129,6
26187,6.4446325,5.085873,3
26188,-1.5351254,-3.036323,1
26189,-4.6684237,10.828195,7
26190,-2.1844547,-1.5454584,1
26191,15.307155,7.517749,0
26192,1.2998415,13.914434,4
26193,-1.6252656,13.442782,4
26194,5.1227264,5.1599846,3
26195,4.056756,6.359412,5
26196,3.7800074,7.1145043,5
26197,15.384136,6.3035703,0
26198,3.3122523,6.70094,5
26199,0.08874671,11.280582,9
26200,0.83288413,6.9462395,8
26201,4.2049956,-0.93175095,2
26202,-3.048507,-1.8160307,1
26203,1.4101763,6.735424,8
26204,4.9534035,6.836461,5
26205,-2.8212187,0.2376299,1
26206,5.1371,5.872393,5
26207,-0.63612115,13.792372,4
26208,4.883342,5.481867,3
26209,5.3939,5.3767824,3
26210,14.451756,5.952156,0
26211,3.101547,6.3099947,5
26212,1.353652,11.75436,9
26213,3.32868,-1.360833,2
26214,5.666227,6.4666905,9
26215,1.1952,11.92156,9
26216,-3.5400138,11.036007,7
26217,-0.5305513,13.840843,4
26218,-3.4625192,10.925728,7
26219,14.688426,7.388271,0
26220,-0.90649456,11.863149,9
26221,3.0652297,0.257136,2
26222,5.628105,4.5398207,3
26223,0.36641753,11.189284,9
26224,2.8052824,-1.4564309,2
26225,-3.402085,0.38915223,1
26226,0.29807818,11.911789,9
26227,11.648873,5.6287613,6
26228,5.08717,7.2616563,5
26229,2.8583677,5.8621945,5
26230,16.254974,8.321188,0
26231,0.14708927,5.7479897,8
26232,-3.427209,10.183921,7
26233,0.46048826,11.142468,9
26234,-3.8148386,8.722343,7
26235,-1.1330167,14.641071,4
26236,3.8861258,7.055666,5
26237,2.209883,-0.030389976,2
26238,-1.868091,-1.536893,1
26239,2.6498425,4.7073736,5
26240,2.5845692,5.6486597,5
26241,16.018887,7.398008,0
26242,-0.40599537,13.620287,4
26243,-2.9616969,0.5436636,1
26244,1.400039,6.595727,8
26245,2.5653296,-0.050010763,2
26246,1.0597658,13.545497,4
26247,6.0300026,5.620541,3
26248,0.45365778,6.6672516,8
26249,-1.4947742,14.142476,4
26250,-0.7404413,-3.8061967,1
26251,4.2705064,6.1950345,5
26252,10.243741,2.6633122,6
26253,11.364008,4.3184133,6
26254,-0.13556042,11.20706,9
26255,-5.337471,11.6064625,7
26256,14.913445,6.711551,0
26257,0.31635186,6.1401663,8
26258,16.190203,8.552659,0
26259,-1.2610435,11.243831,9
26260,14.77939,6.2555704,0
26261,16.106438,7.143227,0
26262,16.440268,6.8619866,0
26263,-3.854423,1.3939233,1
26264,0.57433265,14.129129,4
26265,3.2356915,0.39146727,2
26266,-4.4229803,11.920845,7
26267,5.319839,4.966718,3
26268,-1.3329855,-2.1690738,1
26269,-1.2346509,13.836152,4
26270,6.2036614,4.536779,3
26271,-4.8202515,9.719677,7
26272,-4.0330186,8.330152,7
26273,0.83363914,6.5688477,8
26274,-3.833193,10.658381,7
26275,-0.6686852,11.400773,9
26276,-0.31612083,12.205513,9
26277,15.74088,6.2553673,0
26278,1.0887724,12.694938,9
26279,-3.9845784,1.3900905,1
26280,3.6171346,-0.86120135,2
26281,-1.749077,13.886241,4
26282,1.3621336,12.51219,9
26283,3.474012,5.737474,5
26284,6.20139,4.638869,3
26285,10.268484,3.0299406,6
26286,3.1295996,6.615183,5
26287,-4.047769,9.596097,7
26288,-0.8859109,12.952167,4
26289,0.13526091,5.663631,8
26290,2.6566534,5.4673524,5
26291,5.3423557,5.248266,3
26292,14.299568,7.8065596,0
26293,-1.4327892,12.097744,4
26294,0.6468579,6.007047,8
26295,-3.3741865,-0.3582443,1
26296,0.57102984,13.342352,4
26297,-0.7072906,14.444633,4
26298,14.951248,8.434734,0
26299,10.976405,4.556734,6
26300,13.956653,5.965582,0
26301,10.758377,4.0047865,6
26302,0.26053774,12.124587,9
26303,-3.5928183,9.281219,7
26304,-5.188838,11.033158,7
26305,5.091642,4.569427,3
26306,6.0450034,6.4382277,3
26307,5.297254,4.5598335,3
26308,14.928319,8.532662,0
26309,-0.93207705,13.031846,4
26310,-2.4112523,-2.3667595,1
26311,5.586672,4.5552115,3
26312,2.7663124,-1.1829841,2
26313,4.049247,6.25952,5
26314,-0.5206089,11.38254,9
26315,14.946558,6.2796855,0
26316,-0.8862514,10.968618,9
26317,-2.8710718,-0.5208527,1
26318,10.245284,4.7173066,6
26319,-0.3201485,13.60989,4
26320,5.1032414,7.331148,5
26321,11.192357,4.8864746,6
26322,-3.1859374,10.531816,7
26323,15.466275,6.5038276,0
26324,5.2675643,4.825323,3
26325,1.9894446,-0.8536469,2
26326,3.3322577,-0.85283315,2
26327,-0.31691697,6.102217,8
26328,4.11231,6.504612,5
26329,3.4592586,-0.8553333,2
26330,2.0377395,-0.999533,2
26331,3.8360515,7.184586,5
26332,2.091444,12.706989,9
26333,2.297181,-0.80155444,2
26334,0.011246958,13.380606,4
26335,-2.0334928,-1.5653359,1
26336,1.2875037,12.516826,9
26337,-4.833883,9.65943,7
26338,14.016448,6.801006,0
26339,16.16338,7.976997,0
26340,3.5862038,-1.598197,2
26341,3.3504732,-0.12929443,2
26342,11.047251,5.8730373,6
26343,15.749126,6.1654773,0
26344,11.832637,5.8026266,6
26345,11.42313,4.130246,6
26346,-1.4854758,11.400013,9
26347,10.233571,3.1896985,6
26348,1.681961,-0.38100678,2
26349,-1.7345418,10.539522,9
26350,-2.167733,-2.81404,1
26351,-0.19333847,5.778016,8
26352,0.5831021,13.787095,4
26353,-1.4881284,10.229661,9
26354,-3.4777396,11.284618,7
26355,2.1882389,-0.18840809,2
26356,-5.107108,11.291696,7
26357,2.1321874,0.20381187,2
26358,2.3427305,12.71683,3
26359,-1.6917145,10.541622,9
26360,5.545961,6.9475274,5
26361,-0.98198086,11.01781,9
26362,2.3237722,4.585592,8
26363,4.499891,6.6661654,5
26364,5.8190007,4.817948,3
26365,-1.0665268,14.350717,4
26366,15.002371,8.341024,0
26367,-1.1554614,13.851643,4
26368,5.3150163,7.1909614,5
26369,15.147341,7.1300087,0
26370,4.4486156,6.6458154,5
26371,15.457797,7.5260324,0
26372,11.677258,6.3639984,6
26373,1.0685933,6.6182947,8
26374,-3.351221,10.091109,7
26375,10.888544,4.689855,6
26376,2.9153752,0.11462049,1
26377,10.574589,4.780399,6
26378,5.632119,4.760658,3
26379,0.34630248,5.8776603,8
26380,16.063692,8.648575,9
26381,3.7667046,6.545985,5
26382,11.14889,6.2456145,6
26383,5.385822,4.6804957,3
26384,10.393391,2.9051893,6
26385,0.6388755,6.4076567,8
26386,11.426434,6.064086,6
26387,3.8711352,6.6634035,5
26388,-2.3765814,-2.3951683,1
26389,14.885729,5.4917717,0
26390,-3.5880885,-1.281525,1
26391,4.9101377,4.5143166,3
26392,10.608992,3.6229165,6
26393,9.996957,3.142668,6
26394,10.529758,3.7250092,6
26395,-3.1846397,9.193664,7
26396,10.55956,3.5638404,6
26397,-0.18767436,6.9801536,8
26398,11.169612,3.4443455,5
26399,5.2007895,4.8277936,3
26400,1.3119555,12.343114,9
26401,-3.011994,-0.34197667,1
26402,11.253821,5.6029587,6
26403,4.9755177,4.438071,3
26404,3.6739924,6.6065197,5
26405,0.18799421,12.960824,9
26406,-1.7315732,-3.1938565,1
26407,4.470702,6.27296,5
26408,14.252526,7.439425,0
26409,-3.1387663,0.66158175,1
26410,11.56791,6.055478,6
26411,3.5081625,5.831766,5
26412,6.1912165,6.449337,3
26413,3.928752,6.049086,5
26414,1.1710885,6.623107,8
26415,15.402529,5.7062507,0
26416,1.768517,12.61739,9
26417,-5.2068863,12.297208,7
26418,10.098649,3.6173594,6
26419,-3.2329228,9.6920805,3
26420,-1.9913279,-3.658373,1
26421,-2.9116473,0.36942524,1
26422,14.466805,7.9161243,0
26423,-3.1979063,9.652634,7
26424,0.46685532,12.163006,9
26425,10.251422,3.9609842,6
26426,-0.7416646,11.710988,9
26427,15.032913,8.148953,0
26428,0.11323241,12.303545,9
26429,-2.513324,-0.43035123,1
26430,0.03265777,11.858581,9
26431,4.7262945,-1.3307432,2
26432,5.4912343,7.5344357,5
26433,6.9252644,4.5798984,3
26434,1.9796444,0.1707089,2
26435,-0.59833586,14.438742,4
26436,15.22237,6.4985666,0
26437,4.9868073,6.745394,5
26438,14.839933,7.3987255,0
26439,11.756525,5.931589,6
26440,1.3240691,12.1441,9
26441,-4.9379396,11.001746,7
26442,-3.0725067,10.598272,7
26443,1.1015074,6.4410853,8
26444,-0.5440576,-4.2704835,1
26445,-2.412742,-0.62744844,1
26446,-3.7384028,11.380855,7
26447,4.5327992,-1.4284045,2
26448,6.327555,6.647366,3
26449,5.493829,5.51946,3
26450,-1.7058679,13.567378,4
26451,4.8310523,7.150483,5
26452,10.621205,3.521617,6
26453,11.876144,5.578262,6
26454,2.3775377,-0.34109807,2
26455,-3.0932655,-0.67351323,7
26456,0.032666195,14.875755,4
26457,15.406594,8.693648,0
26458,-0.34150857,13.184404,4
26459,-2.6200562,-0.16399017,1
26460,4.3477063,6.483128,5
26461,4.3603735,-1.8779583,2
26462,-0.091704026,11.272602,9
26463,5.837968,4.8121667,3
26464,4.2395067,6.9745293,5
26465,-0.89734626,15.003928,4
26466,4.920344,6.8084116,5
26467,4.985908,6.758242,5
26468,3.5495672,-0.716254,2
26469,11.838638,5.6182117,6
26470,10.369888,3.0198894,6
26471,2.8924692,6.408706,8
26472,10.135143,3.0738616,6
26473,-3.2274814,-1.8668061,1
26474,0.9598961,6.1671495,8
26475,15.029476,7.2349415,0
26476,-2.4840481,-0.53959066,1
26477,4.7834105,-1.4264238,2
26478,6.691896,5.2982497,3
26479,-2.563616,-0.33971837,1
26480,-0.32504067,14.213196,4
26481,3.5455277,5.37713,5
26482,11.790761,3.6012022,6
26483,11.900387,5.654379,6
26484,3.2693596,6.501074,5
26485,-3.445358,-0.59702915,1
26486,-0.65209067,11.92842,9
26487,-2.4964542,-0.5320276,1
26488,5.163211,5.5060506,3
26489,-4.6987863,11.236082,7
26490,11.309173,4.9798884,6
26491,-0.19614576,6.1275373,8
26492,-2.3944468,-3.6341634,1
26493,4.0220428,7.4663944,5
26494,-0.52341,14.5852995,4
26495,-3.440221,-0.01425249,1
26496,-0.4453641,6.4615,8
26497,11.710424,5.1273985,6
26498,10.580768,4.1573277,6
26499,-4.982128,10.79298,7
26500,-3.8348422,11.676638,7
26501,15.411345,7.3835044,0
26502,-0.8449,-4.427257,1
26503,6.9377413,4.476003,3
26504,-3.8512163,8.237999,2
26505,6.549778,5.2575,3
26506,-0.80117524,13.61377,4
26507,14.666337,7.6126328,0
26508,15.509284,8.475262,0
26509,4.6728597,-1.5314271,2
26510,0.28223503,13.298348,4
26511,11.937478,5.9982266,6
26512,1.407572,12.03406,9
26513,-1.1059829,11.069854,9
26514,-3.4371347,-0.4455145,1
26515,-0.010657691,6.3997188,8
26516,10.631969,4.5329213,6
26517,3.6495962,5.4292684,5
26518,1.2902553,11.993947,9
26519,0.37546015,6.148627,8
26520,1.0809052,6.464391,8
26521,11.87613,5.5570455,6
26522,2.6916754,0.27942663,2
26523,-0.18618852,5.6414194,8
26524,10.946993,3.8524566,6
26525,-0.8911714,11.213546,9
26526,5.6718884,5.3906484,3
26527,1.8879821,12.04814,9
26528,-5.0444784,12.125139,7
26529,-5.4173737,11.038343,7
26530,10.426061,4.9909687,6
26531,-3.190341,0.7383914,1
26532,0.4502864,6.4751573,8
26533,4.707198,-1.3967079,2
26534,6.3565583,6.6743393,3
26535,-2.779499,0.01663614,1
26536,0.8284824,11.52346,9
26537,-3.2288878,0.7150922,1
26538,4.962514,6.525052,5
26539,-3.0317152,0.63723594,1
26540,2.5377288,-0.8864535,2
26541,4.1583376,-1.4398271,2
26542,4.7469893,5.358654,3
26543,0.35548314,6.5118737,8
26544,-0.8345418,12.513431,4
26545,14.626983,6.131328,0
26546,1.6863381,14.245303,4
26547,4.7685075,6.9108915,5
26548,6.637926,4.8424964,3
26549,-4.8363714,11.174196,7
26550,6.5512514,5.4822526,3
26551,11.819078,4.711687,6
26552,3.5824387,6.851058,5
26553,4.1815114,7.2321415,5
26554,5.773865,5.9695854,3
26555,6.51671,4.8418555,3
26556,-1.3836195,-2.5698524,1
26557,-0.05616075,5.8122706,8
26558,1.7533514,12.618401,9
26559,-2.1558182,-0.98375505,1
26560,-1.7388992,-3.3545773,7
26561,6.8646655,4.6215024,3
26562,1.7744336,-0.48805684,2
26563,11.877465,5.762869,6
26564,0.35720578,14.810923,4
26565,15.2468605,7.171639,0
26566,2.0738835,12.669338,9
26567,0.1749876,14.816788,4
26568,-4.764691,8.633386,7
26569,0.11877365,5.716068,8
26570,2.833155,5.620826,5
26571,-0.9537985,10.987893,9
26572,6.5590725,5.336476,5
26573,0.13203624,14.651013,4
26574,5.3468328,7.5381536,5
26575,-4.692633,11.249621,7
26576,10.91015,4.6379423,6
26577,4.834957,-1.5003403,2
26578,-2.0603962,-2.6581452,1
26579,-4.980501,11.2378645,7
26580,-0.28407452,6.2951436,8
26581,-3.5451052,-0.75933695,1
26582,-1.6082861,13.292582,4
26583,0.2716194,6.0745516,8
26584,10.004379,2.6977265,6
26585,4.322844,-1.434252,2
26586,-0.5609673,12.303212,9
26587,-3.0750394,0.4426035,1
26588,-0.7225863,12.370564,4
26589,-5.0029483,10.997439,7
26590,4.165066,7.5751123,5
26591,-5.271593,11.623918,7
26592,3.9856331,6.5507154,5
26593,6.711978,4.448883,3
26594,-1.0060315,11.661956,9
26595,3.9217548,-1.0671506,2
26596,6.64729,5.7595105,3
26597,15.790012,8.007166,0
26598,-1.155226,-3.1113224,1
26599,-0.4958939,14.557265,4
26600,-3.432542,11.44412,7
26601,11.542797,5.4791727,6
26602,-3.2120683,10.161131,7
26603,11.034946,4.115954,6
26604,-2.5266247,-3.5718842,1
26605,0.72020847,6.281893,8
26606,10.384079,4.652313,6
26607,5.0201983,6.625587,5
26608,15.443493,8.69227,0
26609,0.39752412,10.963486,9
26610,-2.4285104,-0.5620875,1
26611,-0.14040895,6.0488873,8
26612,-1.628355,10.254815,9
26613,4.8311486,-1.0846219,2
26614,11.44185,6.236728,6
26615,3.5266268,5.4097795,5
26616,1.6343708,7.1032143,8
26617,-3.054857,0.5927072,1
26618,-0.17102216,13.362509,4
26619,15.377031,7.162335,0
26620,15.589025,7.8773203,0
26621,5.0240016,6.7939763,5
26622,11.506553,6.4148865,6
26623,15.043754,7.2026715,0
26624,3.4461467,-0.31874067,2
26625,6.838051,4.574729,3
26626,-3.9509406,11.379369,2
26627,0.06880737,14.436138,4
26628,-0.5514073,5.08523,8
26629,-3.773782,11.373313,3
26630,2.2226305,-0.3720175,2
26631,-0.055080466,11.219563,9
26632,2.0910342,-0.35795653,2
26633,11.500234,5.3806334,6
26634,0.60811436,13.887462,4
26635,4.8618016,-1.3608583,2
26636,10.24234,4.0718894,5
26637,6.905918,5.9570866,5
26638,1.6171948,-0.11944145,2
26639,15.507651,7.4000564,0
26640,-1.9048237,10.591538,9
26641,11.76375,5.3753324,6
26642,-4.2089725,12.082584,7
26643,-0.58787477,10.79961,9
26644,5.611897,5.1295443,3
26645,14.164207,7.750426,0
26646,1.8205186,-0.5626221,2
26647,-2.2620525,-2.2376049,1
26648,3.0217304,6.261896,5
26649,2.6322925,-0.25848764,2
26650,10.88466,4.710521,6
26651,6.361885,6.2009983,3
26652,1.04192,14.581901,4
26653,-0.12597094,13.53012,4
26654,10.826096,3.3352883,6
26655,4.0141835,7.1160297,5
26656,16.385191,7.45924,0
26657,10.861397,5.621421,6
26658,4.39366,-1.1783502,2
26659,-4.5857096,11.170142,7
26660,-0.24485448,5.5523677,8
26661,1.7528741,7.4310756,8
26662,5.32717,5.2933455,3
26663,-1.3816699,11.722969,9
26664,1.7862222,6.716986,8
26665,14.197369,7.218678,0
26666,0.34257725,7.2479677,8
26667,-2.2292857,-2.174955,1
26668,-5.0664854,10.118746,7
26669,2.3120983,-0.030153701,2
26670,10.8370285,5.1018696,6
26671,6.320763,5.655346,3
26672,0.53257155,6.734918,8
26673,-0.20605117,14.076201,4
26674,5.650778,5.9736032,3
26675,3.1261137,6.716788,5
26676,2.9291043,5.671148,5
26677,10.832449,5.188927,6
26678,6.9103923,5.8610754,3
26679,-4.64101,11.140944,7
26680,4.1618557,6.774362,5
26681,1.3207648,7.7636876,8
26682,0.88321084,11.534975,9
26683,-0.66925603,11.773445,9
26684,-4.1100836,9.583481,7
26685,14.5816555,7.8851213,0
26686,16.194471,6.200784,0
26687,-2.301678,-1.9823273,1
26688,3.4153254,-0.7804206,2
26689,2.5589302,0.23488383,2
26690,3.2987556,-1.5800127,2
26691,6.6535583,5.8613873,3
26692,6.764576,5.4076753,3
26693,-1.0118814,13.26758,4
26694,5.595157,4.3341355,3
26695,3.2653196,6.6784134,5
26696,-1.8482203,-4.004784,1
26697,11.418778,6.0099416,6
26698,-3.530505,-1.2351639,1
26699,-3.9216924,10.174402,7
26700,5.201461,7.5528607,5
26701,1.3893442,7.5131445,8
26702,5.880936,4.812485,3
26703,-0.639223,12.135986,9
26704,-0.06676684,13.540028,4
26705,-4.602917,12.030514,7
26706,5.075262,7.408078,5
26707,-3.2993171,11.161398,7
26708,-0.83671296,10.585193,8
26709,-1.2529867,11.656786,7
26710,5.8211465,5.5531425,3
26711,6.686466,5.65577,3
26712,15.257463,8.271755,0
26713,14.623434,7.9560113,0
26714,-4.064308,10.706636,7
26715,6.7074924,5.8609776,3
26716,10.019454,3.5370042,6
26717,-1.8953433,-2.0129676,1
26718,-3.2603214,9.11737,2
26719,1.556281,7.193407,8
26720,0.12162051,5.3460584,8
26721,-3.3659375,9.987761,7
26722,14.077989,7.0855145,0
26723,10.889238,5.2294784,6
26724,6.3571186,4.468214,3
26725,-0.37403798,13.7068,4
26726,-3.0606208,-1.283653,1
26727,3.6480467,6.9601297,5
26728,14.77138,7.722917,0
26729,10.944964,5.3787155,6
26730,1.8680766,13.125097,9
26731,14.77611,7.951344,0
26732,6.535061,6.286805,3
26733,-4.037075,10.417139,2
26734,-3.4710393,9.61311,7
26735,10.862574,4.413215,6
26736,3.0366502,6.3018293,5
26737,0.8307982,7.7745514,8
26738,0.20269778,15.02981,4
26739,5.538818,5.569286,3
26740,3.1727014,-1.27147,2
26741,2.4033568,-0.75303817,2
26742,-3.279589,10.927865,7
26743,1.2906142,7.347101,8
26744,6.8362203,4.648951,3
26745,-1.8002186,-3.0024266,1
26746,-1.2405688,-4.254775,1
26747,-1.9675153,-2.3991528,1
26748,-0.49407688,14.887553,9
26749,-0.16301022,12.072559,7
26750,-3.2406645,9.640749,7
26751,2.4438412,-0.9828815,2
26752,3.0076375,6.5208206,5
26753,14.070928,6.7379327,0
26754,10.605325,5.5481896,6
26755,-4.0936937,11.3188505,7
26756,-3.0942755,10.177814,7
26757,-3.2574146,-1.3640369,1
26758,1.5295033,14.48078,4
26759,10.449445,4.7378545,6
26760,2.2393239,6.825243,8
26761,14.625952,7.8981724,0
26762,2.1073022,6.946688,8
26763,-0.5646926,13.5694685,4
26764,-0.23541804,11.824428,9
26765,10.923525,5.3162246,6
26766,9.859158,3.6183085,6
26767,-1.1912915,13.153701,4
26768,11.02371,5.205678,6
26769,0.2747501,14.6690645,4
26770,2.2322195,-1.0625906,2
26771,3.5459824,6.747721,5
26772,-2.56541,-3.2409163,1
26773,1.4582733,7.491118,8
26774,-1.0973005,-4.314147,1
26775,14.229025,7.0972166,0
26776,1.1280326,7.373135,8
26777,10.660307,4.848583,6
26778,-4.8062577,9.814947,7
26779,2.429557,-0.9180439,2
26780,-1.9172475,-1.6273901,1
26781,7.005418,5.6761146,3
26782,3.6155713,-1.9524192,2
26783,5.8968205,6.15098,3
26784,16.30376,8.493095,0
26785,10.398985,4.559769,6
26786,0.7964585,7.0048966,8
26787,3.7039175,6.616053,5
26788,2.9100943,-0.599074,2
26789,-2.522754,-1.9366225,1
26790,-0.24035563,13.641571,4
26791,1.3216401,7.735076,8
26792,11.24331,4.3470397,6
26793,3.828052,7.157566,5
26794,4.0826707,-0.888499,2
26795,-0.65998995,11.811167,9
26796,10.928876,3.3365254,6
26797,-1.0563757,13.975085,4
26798,-0.2584067,14.247346,4
26799,14.599874,7.744041,0
26800,3.7521963,-1.1278685,2
26801,-4.736943,11.088236,7
26802,-2.7946491,-2.6419811,1
26803,3.4950657,6.8672533,5
26804,0.9099449,6.0294642,8
26805,1.1266023,7.67207,8
26806,-0.8572316,11.048271,9
26807,1.1533383,7.640814,8
26808,0.7528983,13.848427,4
26809,6.487806,5.6288395,3
26810,11.074627,5.5363636,6
26811,-4.364261,10.172774,7
26812,-0.79043096,-3.299305,1
26813,0.96242404,7.523671,8
26814,5.2258353,6.780757,5
26815,-0.35858196,11.914308,9
26816,-0.3918775,14.553975,4
26817,2.15375,-1.0327548,2
26818,15.007945,8.44281,0
26819,10.43745,4.476722,6
26820,15.132493,8.556358,0
26821,3.0747063,-0.9654731,2
26822,0.5128285,12.014562,9
26823,3.749705,6.978954,5
26824,5.1912804,5.43597,3
26825,5.87649,5.775388,3
26826,-3.4675875,10.758947,7
26827,-2.0221095,-2.1300013,1
26828,-1.1752888,11.69673,9
26829,-4.554609,10.770795,7
26830,6.8175454,5.13205,3
26831,6.635302,5.56608,3
26832,14.73695,6.4376683,0
26833,1.8881655,12.702118,9
26834,1.0182439,11.537986,9
26835,-1.6876295,-3.2184923,1
26836,14.5486965,8.203637,0
26837,0.71710044,12.432599,9
26838,-5.079236,12.251936,7
26839,0.4502412,12.021119,9
26840,14.996686,8.509498,0
26841,10.532789,4.9384913,6
26842,4.9933047,7.1337795,5
26843,14.391592,7.3900056,0
26844,-1.9335556,10.214148,9
26845,-0.4599016,11.902521,9
26846,-0.8014938,11.704163,9
26847,-1.1762927,13.265809,4
26848,10.68878,3.432293,6
26849,5.926633,5.206957,3
26850,-4.184968,10.417368,2
26851,-4.0351796,10.394139,7
26852,0.45165265,6.1662493,8
26853,14.864616,7.4534163,0
26854,-3.4711506,9.366825,7
26855,-1.0958014,14.00422,4
26856,5.4716344,7.6237216,5
26857,3.6267385,6.5621896,5
26858,-0.29645255,13.562304,4
26859,14.978848,7.0146546,0
26860,4.744222,5.219125,9
26861,-1.6665756,10.638909,9
26862,2.8361442,5.3096123,5
26863,2.4324095,-0.8079305,2
26864,0.018154029,13.200034,4
26865,1.4342159,7.6851788,8
26866,5.6691594,6.600588,3
26867,-1.660606,-2.9583254,1
26868,4.5631204,6.71263,5
26869,0.3149873,14.253487,4
26870,0.45228958,12.253776,9
26871,6.5486646,6.048103,3
26872,-1.5162679,13.205082,4
26873,2.8439274,5.237722,5
26874,10.2773,3.5183933,6
26875,3.5838702,-1.0075033,2
26876,4.525832,6.779448,5
26877,-1.7705386,10.419602,9
26878,5.546398,4.4034357,3
26879,-1.0245761,15.084611,4
26880,6.76305,4.985369,3
26881,15.361267,6.362888,0
26882,15.349046,8.596675,7
26883,3.460151,-1.1998291,2
26884,10.798781,4.8027935,6
26885,-1.237948,11.335307,9
26886,-3.8495882,10.347563,7
26887,-3.4313178,1.106273,1
26888,3.3051918,-0.88053674,2
26889,10.635658,3.141022,6
26890,-0.045004915,13.063015,4
26891,2.8211007,5.2678328,5
26892,-1.2794846,-4.4018936,1
26893,0.8890158,6.6473665,8
26894,-4.2977977,10.384341,7
26895,-1.3701689,11.124981,9
26896,3.5503454,7.2771034,5
26897,-1.9782873,14.727252,4
26898,-3.152972,9.779979,7
26899,3.529998,-0.8685099,2
26900,10.264003,2.2405133,6
26901,3.7481825,6.009376,5
26902,0.3216581,12.243713,9
26903,16.317041,7.77956,0
26904,0.6060246,14.262656,4
26905,-2.6429064,-1.559012,1
26906,-0.95015526,11.132585,9
26907,3.1853056,-0.8606199,2
26908,0.947055,7.476037,8
26909,5.572367,4.4565306,3
26910,-1.2292947,-3.2708032,1
26911,-0.89161944,12.932845,4
26912,10.75689,4.450836,6
26913,5.285493,7.428167,5
26914,-1.4748447,-3.629032,1
26915,11.175839,4.356482,6
26916,-4.4876275,11.720026,7
26917,-4.0785804,10.393551,7
26918,5.696758,7.513027,5
26919,1.4961582,7.4545703,8
26920,10.517856,3.8085556,6
26921,-0.9044786,11.356157,9
26922,2.2975578,-1.0673835,2
26923,15.509842,8.240318,0
26924,-2.5746706,-1.7066773,1
26925,-2.661206,-2.6327827,1
26926,5.302733,6.7869062,5
26927,3.6425595,-1.125925,2
26928,5.3523755,5.9036055,3
26929,5.588992,4.3798475,3
26930,14.924781,7.818527,0
26931,11.017829,3.9090116,6
26932,2.648951,-1.2209533,2
26933,-3.9099684,9.400851,7
26934,10.137051,2.4174979,6
26935,1.2567358,6.146967,8
26936,1.4757367,7.3577194,8
26937,15.8555975,8.049305,0
26938,11.285878,5.985658,6
26939,-2.6171355,-1.4618272,1
26940,10.354644,2.2929115,6
26941,4.5486255,-0.6728294,2
26942,4.999229,5.2144976,3
26943,5.5922623,4.387242,3
26944,-2.1295564,-3.4605181,1
26945,-4.1302476,9.81028,7
26946,11.061984,5.1980453,6
26947,0.517515,5.917385,8
26948,0.41402757,6.951557,8
26949,-0.0430143,11.2283325,9
26950,1.7585859,12.375352,9
26951,-3.2956235,-0.75667644,1
26952,-0.51269925,6.0988693,8
26953,1.5118132,6.603943,8
26954,1.0280998,11.940892,9
26955,11.184661,4.1940913,6
26956,2.027307,-0.34240654,2
26957,-4.5146995,9.974079,7
26958,10.920411,4.970078,6
26959,-3.34844,-0.254332,1
26960,-2.9734905,-2.5021298,1
26961,-2.249707,-1.1755978,1
26962,10.217608,3.46024,6
26963,-1.4955113,13.855502,4
26964,-4.1337695,10.278732,7
26965,6.4933343,3.9491336,3
26966,-4.450301,11.078448,7
26967,-4.3772597,10.049729,7
26968,-0.97113895,-4.447416,1
26969,-4.5189366,9.03054,7
26970,-1.0967588,10.453024,9
26971,1.4406836,6.771727,8
26972,4.903931,6.579447,5
26973,-0.5266137,10.902826,9
26974,2.5484524,-1.318466,2
26975,5.7041674,4.3811355,3
26976,2.8759487,5.8446054,5
26977,11.745293,5.197456,6
26978,3.8230937,6.5830603,5
26979,16.187614,7.589024,0
26980,15.605168,8.031207,0
26981,6.0133677,3.4542198,3
26982,-5.0003705,10.15536,7
26983,11.015238,2.5775986,6
26984,-2.8646483,-1.363101,1
26985,-1.7620864,13.852074,4
26986,-3.275783,-0.6628684,1
26987,1.105999,6.591723,8
26988,10.3599615,4.969805,6
26989,6.381008,3.893396,3
26990,14.384924,8.215281,0
26991,-3.7834709,1.2441194,1
26992,0.53564984,13.930761,4
26993,-2.6931622,-0.086384684,1
26994,3.5085719,0.6193899,2
26995,4.6345553,6.198856,5
26996,1.4229732,7.2788496,8
26997,-0.4833478,10.170398,9
26998,4.814946,4.769938,3
26999,16.145313,6.9947624,0
27000,4.8767495,7.6488156,5
27001,-1.7334659,13.776453,4
27002,3.9848833,7.0340285,5
27003,-2.9623063,0.655548,1
27004,1.2495145,12.457009,9
27005,-4.756668,10.177554,7
27006,10.3732195,2.824742,6
27007,-0.10220559,10.784932,9
27008,0.9111138,6.445376,8
27009,5.1155825,6.585615,5
27010,2.8516686,-1.4345961,2
27011,-2.4034839,-1.0996202,1
27012,-0.73063934,-4.4021072,1
27013,-1.9011794,-1.3917526,1
27014,0.84141046,13.926768,4
27015,0.038928438,11.21115,9
27016,0.22137131,11.937931,9
27017,0.63592064,6.162572,8
27018,-1.0635557,-3.317823,1
27019,11.03847,3.1433923,6
27020,-3.243826,0.7237508,1
27021,11.212629,3.5716403,6
27022,6.90238,5.3975186,3
27023,15.387295,7.192639,0
27024,1.3776635,12.620663,8
27025,-2.1746652,-0.99934685,1
27026,2.4246747,-1.404056,2
27027,1.4834126,6.5784636,8
27028,-2.382428,-2.8617816,1
27029,5.0125933,7.674486,8
27030,1.0591165,6.673373,8
27031,5.6226373,4.364721,3
27032,6.3992553,5.253711,3
27033,3.5458791,0.41655588,2
27034,-3.4501407,-0.5796046,1
27035,15.690424,6.6045613,0
27036,-0.27566198,14.366162,4
27037,-0.063142315,11.812249,9
27038,4.4468017,6.4383025,5
27039,-4.472719,8.740471,7
27040,-0.43571714,14.362764,4
27041,-1.3638525,13.952229,4
27042,4.0438714,6.7062836,5
27043,5.0064106,7.219985,5
27044,-0.1329201,12.995261,4
27045,1.0889487,6.4409924,8
27046,11.137232,5.9625955,6
27047,6.2171216,4.6374784,3
27048,1.3885567,7.496957,8
27049,4.702188,6.3412914,5
27050,15.752241,6.6473775,0
27051,2.1279578,7.395973,8
27052,1.8660797,-0.64774317,2
27053,5.4718313,7.661497,5
27054,-4.84927,11.9073,7
27055,-0.98825043,14.181199,4
27056,-0.020551516,12.818067,4
27057,-3.9040537,8.46819,7
27058,-4.7854047,9.567714,7
27059,-4.8050146,10.186646,7
27060,6.37175,5.583115,3
27061,-3.3823502,8.444997,7
27062,3.1669688,6.8168044,5
27063,-2.4001122,-1.0005088,1
27064,-2.901261,-2.2967355,1
27065,5.118969,6.60738,5
27066,-1.4399203,9.860991,9
27067,5.995732,5.69262,3
27068,-2.3072906,-1.9925776,1
27069,16.682983,7.923201,0
27070,14.899162,5.904971,0
27071,-0.7504899,-4.1275854,1
27072,-0.20061828,6.2627974,8
27073,2.9375315,0.26223698,2
27074,-0.91758335,10.931352,9
27075,5.893454,5.9807343,3
27076,0.598793,6.8656144,8
27077,1.6841115,14.52874,4
27078,5.472306,4.898099,3
27079,4.8308396,7.586071,5
27080,0.2263659,14.55734,4
27081,11.743035,4.6503167,6
27082,16.325006,8.334201,0
27083,-3.8814533,11.32049,7
27084,6.538943,5.4756584,3
27085,5.6717315,7.7344713,8
27086,10.125774,2.3213813,6
27087,0.46039248,11.922859,9
27088,0.35152557,13.69652,4
27089,15.784672,8.658498,0
27090,11.04696,6.132459,6
27091,-1.1900294,-4.3207135,1
27092,15.170169,7.5483117,0
27093,2.3455942,0.09327376,2
27094,14.773176,6.9767847,0
27095,6.7918296,5.813151,3
27096,1.3173001,6.2902775,8
27097,1.5114549,14.208753,4
27098,-4.6502275,9.70768,7
27099,4.9798875,7.5341496,5
27100,4.9564443,6.509424,5
27101,11.8218565,4.8178735,6
27102,-1.1275327,13.398244,4
27103,-3.5538142,10.35533,7
27104,-1.0844345,-4.2565355,1
27105,5.726907,7.7454085,8
27106,0.76195824,6.245541,8
27107,0.48405004,12.033837,9
27108,3.546755,-1.3301119,2
27109,16.222248,8.596598,0
27110,1.1405492,12.088724,9
27111,-2.2318187,-3.6680336,1
27112,0.4521211,11.160869,9
27113,1.9184304,-0.14967307,2
27114,14.846207,6.966062,0
27115,1.9243692,7.140023,3
27116,0.6262368,12.010122,9
27117,5.0902343,7.467195,5
27118,0.9298932,5.9465647,8
27119,11.56381,5.0973806,6
27120,7.0140896,5.247159,2
27121,5.707036,7.8029623,8
27122,14.8587265,7.806982,2
27123,-0.9560359,-4.268885,1
27124,-1.4901315,-4.178374,1
27125,1.5378811,14.178845,4
27126,0.8030949,7.1012583,8
27127,4.77609,7.2302485,5
27128,0.48776865,11.981729,9
27129,0.2089422,13.322156,4
27130,2.1549704,12.599219,9
27131,2.1946259,-0.032378197,2
27132,6.744196,5.01784,3
27133,6.9905143,5.471127,3
27134,10.5239315,3.734393,6
27135,6.0495205,5.1317806,3
27136,-2.078637,-3.3398688,1
27137,15.788769,8.668163,0
27138,-3.1183455,9.21427,2
27139,5.2237835,6.933766,5
27140,6.150666,6.0278826,3
27141,1.4224614,14.090523,4
27142,-3.3627908,-1.3177838,1
27143,6.1886578,6.2568793,3
27144,-4.9129524,11.291032,7
27145,15.824245,8.148052,0
27146,2.015086,7.077597,8
27147,5.778079,7.774577,8
27148,15.422085,6.909546,0
27149,11.348089,3.4483886,6
27150,4.424056,-1.506923,2
27151,-3.909091,10.958222,7
27152,6.0127277,5.424263,3
27153,15.831545,8.745106,0
27154,4.822302,7.276467,5
27155,2.973173,0.12990075,7
27156,10.636717,4.112083,6
27157,3.259381,0.5107232,7
27158,-3.2574317,10.403218,7
27159,-1.0579908,-4.0972195,1
27160,6.8673787,6.0387564,3
27161,11.364208,3.6351914,6
27162,2.3154159,-0.17868829,2
27163,0.62742805,12.195603,9
27164,2.0236485,12.980864,9
27165,2.080789,-0.17521648,2
27166,-4.4597545,9.929471,7
27167,6.9420357,5.5600843,3
27168,-2.4442232,-3.4624848,7
27169,11.81966,5.0287538,6
27170,15.626866,8.6205635,0
27171,1.9740622,-0.18407245,2
27172,5.335648,4.9754453,3
27173,6.2177134,4.505476,3
27174,1.4833541,11.824189,9
27175,11.149325,5.320689,6
27176,2.946279,12.143316,5
27177,2.3541503,7.2456927,8
27178,4.330888,-0.9280479,2
27179,4.8306513,7.0035305,5
27180,0.60458803,12.607658,4
27181,1.7477236,-0.5035733,2
27182,-1.6352267,-3.1563022,1
27183,5.2116175,5.1158676,3
27184,-4.350254,12.092058,7
27185,2.7832654,7.412537,8
27186,2.772157,-0.90876377,2
27187,-0.93724877,-4.3812084,1
27188,3.7727575,-1.5461591,2
27189,3.3584108,0.6344205,2
27190,11.486095,6.2546287,6
27191,-0.24580683,12.056113,9
27192,4.007877,-1.2531276,2
27193,5.432808,6.7805886,5
27194,-3.2452343,11.311195,7
27195,2.6418262,7.490307,8
27196,1.312772,14.004499,4
27197,2.6557782,7.4962897,8
27198,10.845754,3.420154,6
27199,-3.912067,11.119265,7
27200,14.823641,6.9221525,0
27201,-0.9506944,-4.4136534,1
27202,-4.1110606,2.235181,1
27203,-3.8680751,10.841841,7
27204,10.074123,2.7547069,6
27205,-1.6533961,-3.469382,1
27206,15.325194,6.757609,0
27207,-0.771251,-3.4297292,1
27208,10.35822,3.284686,6
27209,15.637023,8.42708,0
27210,-0.9213094,-3.655973,8
27211,6.5231957,4.568803,3
27212,5.8116307,5.2801466,3
27213,1.1113994,13.937244,4
27214,6.8734245,5.992333,3
27215,2.0887043,-0.04850129,2
27216,3.4206762,6.8935385,5
27217,11.812194,5.1061544,6
27218,-0.56848073,14.154265,4
27219,-3.6011734,10.746809,7
27220,-4.4959183,8.571332,7
27221,1.0610622,13.938301,4
27222,-1.3172964,12.230991,4
27223,2.1922987,-0.047796447,2
27224,4.5388927,7.0771503,5
27225,-3.486086,10.728187,7
27226,2.1809812,12.446782,9
27227,1.0843242,13.921697,4
27228,5.493114,7.4545255,5
27229,2.819008,0.17741734,2
27230,0.94163924,12.391339,9
27231,0.46149722,12.169052,9
27232,1.7499511,-0.13565803,2
27233,1.9029102,-0.09256141,2
27234,1.1719931,12.140633,9
27235,-3.3808534,11.013046,7
27236,1.1123275,6.6962323,8
27237,0.38035634,12.1710615,9
27238,6.8550086,6.2864966,3
27239,2.0108652,-0.19159244,2
27240,11.585233,5.8797235,6
27241,2.684958,7.3114324,8
27242,-1.0613792,-3.0670102,1
27243,11.762218,5.0721145,6
27244,11.294161,5.4303846,6
27245,-1.9982939,-3.6953394,1
27246,14.58738,7.708743,0
27247,15.807953,8.671328,0
27248,5.0505652,6.4811893,3
27249,11.316723,3.9749277,6
27250,-1.0001802,-3.6128898,1
27251,0.34175006,5.948133,8
27252,1.3236414,-0.6522015,2
27253,4.426478,6.8061996,5
27254,-3.3285954,8.560527,7
27255,4.4277325,6.7383847,5
27256,-2.8458667,-2.0096202,1
27257,15.246391,8.713618,0
27258,2.6935644,-1.3365536,2
27259,5.320566,7.24838,5
27260,0.09707668,12.135747,9
27261,5.256362,4.987401,3
27262,-2.03642,-3.0722,1
27263,5.2046666,7.6043468,5
27264,3.4848063,0.20363063,2
27265,-3.2274559,10.490281,7
27266,9.846345,3.5622928,6
27267,1.4094436,14.218064,4
27268,11.612214,6.194795,6
27269,2.1924198,7.1099644,8
27270,-1.6055032,-4.122669,1
27271,5.367279,6.9107995,5
27272,0.68086815,14.021224,4
27273,1.8918644,12.637556,9
27274,6.08831,6.3032026,3
27275,11.387378,5.7608113,6
27276,-1.5770044,-2.2540026,1
27277,1.731032,12.419969,9
27278,1.0609163,7.2129216,8
27279,6.0161963,6.037375,3
27280,15.988712,8.741693,0
27281,15.04333,8.781937,0
27282,6.0153027,6.5872726,3
27283,15.7875395,8.6936865,0
27284,-1.6795695,-4.0758166,1
27285,11.682068,4.9439306,6
27286,-0.17999035,5.606014,8
27287,1.3352543,-0.6284744,3
27288,2.8153903,5.262727,5
27289,15.5537,8.507713,0
27290,16.398695,8.468548,0
27291,5.094636,6.71318,5
27292,-0.775867,10.30099,7
27293,1.9925365,7.12099,8
27294,2.174087,7.0028725,8
27295,0.7860436,12.365843,9
27296,3.622111,6.8720174,5
27297,-0.8079179,-4.158566,1
27298,10.813395,5.3699303,6
27299,1.8336757,6.3366995,8
27300,-2.177047,-3.410043,1
27301,-1.2102557,-4.101158,1
27302,-5.1609383,12.361834,7
27303,11.599932,5.057167,6
27304,-1.3707917,10.58947,9
27305,15.339584,7.769039,0
27306,11.050585,4.946667,6
27307,14.163636,6.0526905,0
27308,0.24187578,13.535701,4
27309,-0.65225697,-4.2471747,1
27310,4.8447247,7.3273673,5
27311,1.8398606,-0.42367917,2
27312,1.563561,7.3209076,8
27313,7.0097327,5.9535766,3
27314,4.308202,6.706608,5
27315,1.8043582,14.604356,4
27316,6.549034,5.574949,3
27317,5.6243176,7.743198,5
27318,14.223911,7.0147586,0
27319,11.397833,6.0972443,6
27320,10.344784,3.1054535,6
27321,-4.324202,11.888398,7
27322,15.433141,7.167298,0
27323,0.3807531,7.5626984,8
27324,-0.7806728,5.41424,8
27325,1.3186167,12.234051,9
27326,14.991496,6.897832,0
27327,14.202418,7.286612,0
27328,14.679297,8.779453,0
27329,-1.237003,-4.2231154,1
27330,-1.0202978,-4.3147206,1
27331,1.8131895,-0.64851487,2
27332,15.320119,7.0532227,0
27333,6.1590204,6.193707,3
27334,0.63126415,12.004007,9
27335,1.7928886,14.646746,4
27336,-0.7845693,-4.2435465,1
27337,5.4900737,7.700673,5
27338,11.328037,4.246106,6
27339,11.336672,6.185967,6
27340,2.9975739,6.684633,5
27341,-5.183755,12.169531,7
27342,0.86617994,12.089276,9
27343,14.053133,6.4313154,0
27344,2.132212,12.716668,9
27345,-0.604839,-3.944165,1
27346,1.1025087,14.110483,4
27347,1.8978424,-0.5436636,2
27348,-0.4574568,5.0053253,8
27349,6.8510737,6.164065,3
27350,10.510287,2.387809,6
27351,0.9722746,14.262887,4
27352,-0.8621062,13.512333,4
27353,5.4872365,7.8754067,5
27354,-1.6804404,-4.1744285,1
27355,11.144304,6.021129,6
27356,2.6628485,-1.4490342,2
27357,-5.1964793,12.061188,7
27358,0.9921439,-0.60205865,8
27359,2.6727417,7.3044615,8
27360,-4.815656,11.775778,7
27361,0.39917088,11.743662,9
27362,5.2444644,5.1057253,3
27363,10.543564,5.2789507,6
27364,-0.905676,13.69375,4
27365,1.3324372,14.271757,4
27366,6.054606,5.5782084,3
27367,1.717494,-0.3968277,2
27368,-1.3791404,11.200209,9
27369,11.314786,6.203553,6
27370,1.4249023,13.492492,9
27371,-0.042169463,13.182636,4
27372,0.97760504,6.4732833,8
27373,-4.160826,11.20192,7
27374,2.650519,-0.49799216,2
27375,4.144606,7.398655,5
27376,4.560223,-1.5131645,2
27377,5.06781,7.730952,5
27378,4.1370482,6.6038117,5
27379,-5.330587,11.974499,7
27380,15.3725,8.956116,0
27381,0.4116784,7.3429093,8
27382,11.157758,3.2109082,6
27383,0.91199774,12.177655,9
27384,1.9183677,-0.9293092,2
27385,1.9420977,-0.6575119,2
27386,1.4310924,7.318401,8
27387,1.3463198,12.1510725,9
27388,-0.9726351,-4.4817457,1
27389,6.0754957,4.977628,3
27390,11.20106,6.135632,6
27391,1.1446674,11.850816,9
27392,-3.4050522,9.557954,7
27393,1.6884491,-0.4546259,2
27394,15.487415,8.60164,0
27395,15.231904,8.410676,0
27396,-3.1802614,-2.4412751,1
27397,0.81546825,11.978206,9
27398,0.98413956,13.562804,4
27399,0.37283227,6.5067873,8
27400,3.3051238,6.4966335,5
27401,14.147704,7.28249,0
27402,10.018091,3.744426,6
27403,4.1180687,7.515807,5
27404,11.277141,5.329744,6
27405,11.068689,5.2997837,6
27406,-3.6635182,11.2399,7
27407,14.423309,8.097066,0
27408,4.731528,7.379019,5
27409,-0.8082901,-4.3450894,1
27410,-1.1286304,-4.430598,1
27411,14.073443,6.873252,0
27412,2.7762794,5.3986363,5
27413,1.6957998,-0.3311778,2
27414,14.081847,7.172595,0
27415,11.197564,6.0929008,6
27416,4.429891,7.296178,5
27417,5.4646993,7.6307383,5
27418,0.6588292,7.142384,8
27419,6.0807695,5.942539,3
27420,6.7751718,6.6401253,3
27421,5.2977176,7.8418994,5
27422,4.0797663,7.123688,5
27423,6.160788,6.3272934,3
27424,0.6497284,14.330876,4
27425,0.6185023,6.735361,8
27426,3.0080485,-1.7300407,2
27427,14.615515,8.583919,0
27428,10.152499,3.4688442,6
27429,14.413708,8.343374,0
27430,1.9276474,12.275244,9
27431,5.2880297,7.8423615,5
27432,3.6636944,-1.3580086,2
27433,0.1915601,13.185957,4
27434,3.8579547,-0.9508484,2
27435,5.6414146,5.4243555,3
27436,15.3476515,6.3146157,0
27437,1.3488953,14.190191,4
27438,11.456403,4.4287963,6
27439,-1.950466,-3.7050538,1
27440,-1.5963445,10.066914,9
27441,5.6569877,7.7440014,5
27442,10.515712,4.6167307,6
27443,6.888442,5.436749,3
27444,2.4194252,-0.29047456,2
27445,14.351607,7.918711,0
27446,15.938682,6.9658055,0
27447,2.3641856,7.292635,8
27448,-1.3237679,11.066931,9
27449,10.827522,5.820644,6
27450,0.71477044,12.374381,9
27451,1.8791143,-0.59668666,2
27452,3.6829958,6.3909144,5
27453,1.3726277,12.192508,7
27454,-4.0264645,-0.12858544,1
27455,-0.50198317,-4.3619223,1
27456,2.1737711,-0.6739512,2
27457,-0.65094435,-4.393603,1
27458,-4.3451977,10.654579,2
27459,5.879861,7.7838135,8
27460,-1.2010158,11.387679,9
27461,-1.3818243,-2.8075845,1
27462,16.267506,7.6242776,0
27463,-4.3344436,11.98148,7
27464,1.5699126,-0.4828632,2
27465,-1.4500583,-3.5035837,1
27466,16.30422,8.56032,0
27467,5.821484,5.1339006,3
27468,-0.99906313,12.970918,7
27469,2.217819,7.0738153,8
27470,2.5077653,-0.16392687,2
27471,4.10173,7.545997,5
27472,3.495459,-1.8095567,2
27473,1.7736878,14.642961,4
27474,-0.39726964,-4.46315,1
27475,1.826301,-0.49874568,2
27476,-0.9792661,13.356521,4
27477,15.002076,8.92655,0
27478,6.869715,5.650422,3
27479,0.8482291,12.216043,9
27480,6.20146,5.8203654,3
27481,-5.244447,12.238319,7
27482,3.8255677,6.3422885,5
27483,11.355432,5.8500423,6
27484,14.636939,6.221444,0
27485,-4.529532,12.039346,7
27486,6.396111,5.2392635,3
27487,1.2492429,14.781474,4
27488,1.6759928,7.5895133,8
27489,-0.68476146,-3.6649308,1
27490,-3.5574462,10.694487,2
27491,10.727998,5.68687,6
27492,14.707118,8.795432,0
27493,2.2395298,7.123362,8
27494,0.9892859,14.414074,4
27495,0.38302746,13.44138,4
27496,11.364373,6.1528378,6
27497,-4.4143414,11.577391,7
27498,-5.340332,10.685802,7
27499,5.388293,7.829635,5
27500,4.787179,7.5473833,5
27501,-1.0111837,-3.4629965,1
27502,9.8476515,3.8726223,5
27503,-3.9206736,8.205526,2
27504,9.985864,3.946169,6
27505,10.991791,5.0637054,6
27506,-1.7098557,-3.825655,1
27507,-5.010046,11.920831,7
27508,0.6739746,5.8581185,8
27509,-1.0436274,-3.111623,1
27510,4.3869157,7.185648,5
27511,1.8943106,12.155903,9
27512,14.721205,7.278976,0
27513,0.44341683,7.3133316,8
27514,1.7392821,14.41197,4
27515,1.2553328,12.006552,9
27516,-3.6201072,9.389821,7
27517,0.2854951,13.376819,4
27518,5.546605,5.720701,3
27519,0.91623026,11.784767,9
27520,4.759504,-1.3189669,2
27521,0.096105866,11.955056,9
27522,2.944164,-1.3798596,7
27523,10.258719,4.5527754,6
27524,1.0402633,6.9469604,8
27525,1.819812,-0.6879908,2
27526,5.2335205,6.8264194,5
27527,7.048592,5.0865507,3
27528,-1.3450693,-3.8852432,1
27529,-5.1541066,12.308072,7
27530,11.645348,5.301412,6
27531,-1.7635555,-3.4097738,1
27532,-3.362575,10.486223,7
27533,1.2286091,11.953451,9
27534,5.896429,5.9082336,3
27535,1.9971372,0.14248817,2
27536,10.736913,4.5153966,6
27537,1.4263085,-0.49482992,2
27538,-0.35826924,13.441903,4
27539,5.3403006,7.6128864,5
27540,5.6282153,5.665035,3
27541,6.7392807,5.4499393,3
27542,-5.1179433,9.162995,7
27543,-4.5937366,11.972109,7
27544,15.498458,5.9204564,0
27545,1.1251997,6.833777,8
27546,-4.297834,12.070454,7
27547,15.795972,6.6983995,0
27548,2.4471931,-1.2741046,2
27549,-3.5064163,0.13289976,1
27550,14.280104,7.697873,0
27551,4.6437006,-1.0642204,2
27552,0.72162265,14.80426,4
27553,5.354151,5.7519393,3
27554,-3.8597155,11.47422,7
27555,-0.8761519,15.123875,4
27556,11.211317,6.189802,6
27557,4.5292845,6.85114,5
27558,-2.3722804,-0.8679171,1
27559,11.236251,4.4541044,6
27560,5.6594696,5.685042,3
27561,-3.4965162,9.208003,7
27562,0.7141215,6.1526055,8
27563,0.0111268945,5.6685786,8
27564,-2.2829635,-2.6823041,1
27565,-1.3776075,10.551475,9
27566,1.8165491,12.596229,9
27567,15.924567,6.5058827,0
27568,1.0953988,7.0538254,8
27569,-2.5770948,-0.3125789,1
27570,5.6847286,4.2450404,3
27571,4.273253,-1.3326102,2
27572,-2.719534,-1.4445398,1
27573,6.068955,5.6580167,3
27574,-3.462831,10.198081,7
27575,-0.28382787,15.175111,4
27576,5.9422474,6.7039804,5
27577,-5.295537,10.55007,7
27578,-2.2884738,-2.2413979,1
27579,0.08901226,5.3303585,8
27580,14.429461,7.563228,0
27581,-1.6231663,10.603285,9
27582,-1.051295,-4.4619536,1
27583,15.537061,7.029028,0
27584,0.27775875,14.852202,4
27585,-3.5469236,0.46827224,1
27586,0.87886614,13.598022,4
27587,4.5811143,-0.7746028,2
27588,-1.0312216,13.745375,4
27589,5.8798127,5.4241915,3
27590,-0.622157,-3.8762925,1
27591,-1.0284945,15.095348,4
27592,-3.7603185,9.40315,7
27593,3.750465,6.1462126,5
27594,4.891107,7.0781007,5
27595,11.313175,3.1094997,6
27596,0.8817504,7.79765,8
27597,-4.917449,9.845791,7
27598,2.111396,-0.92018247,2
27599,-0.57217765,5.4923286,8
27600,3.6316304,-1.124247,2
27601,-2.8057315,10.007931,9
27602,5.8216586,6.378885,5
27603,15.324313,7.316688,0
27604,-2.558562,-1.1272713,1
27605,-0.49775365,11.098331,9
27606,0.3550073,5.8552256,8
27607,5.1794624,7.314364,5
27608,-0.15065503,5.7270374,8
27609,15.814582,6.240411,0
27610,5.144669,4.7256184,3
27611,-1.7226465,10.230562,9
27612,1.0891846,13.652659,4
27613,0.11352354,5.5236278,8
27614,-3.411549,9.098543,2
27615,-1.101329,10.00427,9
27616,0.46460348,6.297444,8
27617,-0.59862643,14.893332,4
27618,1.9157317,-1.0434176,2
27619,-2.729373,0.023271421,1
27620,14.892877,7.929793,0
27621,-5.1826577,10.500862,7
27622,3.193062,0.43100902,2
27623,-4.3706913,9.966206,7
27624,11.672278,4.897258,6
27625,4.9847913,4.6806784,3
27626,-1.3594571,11.089677,9
27627,5.138579,7.62463,5
27628,14.787736,7.173177,0
27629,-4.2959332,1.3040838,1
27630,-0.62030107,-4.3951116,1
27631,15.396162,6.437467,0
27632,-3.1593204,9.732951,7
27633,15.652124,6.553487,0
27634,-2.5145504,-0.4033478,1
27635,-5.0219297,10.153549,7
27636,-0.009443616,5.5713115,8
27637,15.742695,6.152898,0
27638,14.70455,7.0165796,0
27639,-3.884002,1.2179133,1
27640,5.487624,4.788514,3
27641,3.1197426,-1.1111189,2
27642,10.562308,3.830774,6
27643,3.3561678,-0.69655675,2
27644,6.3186274,6.334144,3
27645,3.2823822,-0.52499765,3
27646,1.9937999,6.8142924,8
27647,-5.0224547,10.114935,7
27648,4.505111,7.332637,5
27649,5.4083567,4.808446,3
27650,0.2742372,7.3691835,8
27651,5.5678368,5.602134,3
27652,2.1060638,-1.0446675,2
27653,11.160163,3.1449966,6
27654,0.110713854,11.074698,9
27655,11.428058,4.552475,6
27656,4.4841256,7.016155,5
27657,-3.343107,-0.6010731,1
27658,14.398587,6.20475,0
27659,14.906536,7.1373878,0
27660,1.6334213,-0.6223695,2
27661,-1.6311206,11.396702,9
27662,-3.3409262,-0.13720545,1
27663,15.513255,6.100359,0
27664,3.1607943,-0.8978715,2
27665,-3.828074,0.6094727,1
27666,6.7854896,6.591526,3
27667,-3.51371,9.044314,7
27668,5.319593,7.384194,5
27669,11.5423,4.242691,6
27670,6.553421,5.628416,3
27671,5.87525,4.8485155,3
27672,2.5820334,-1.3203615,2
27673,4.078776,-0.10563699,2
27674,10.04527,3.1246622,6
27675,6.1347804,4.2452006,3
27676,-0.41960797,14.395581,4
27677,-3.0355177,0.6424961,1
27678,1.6693678,7.488702,8
27679,-0.9207144,10.888816,9
27680,4.0752144,-1.5952356,2
27681,-3.4890091,0.3283514,1
27682,10.316506,3.3267899,6
27683,-5.1601596,10.782935,7
27684,-3.4915817,-1.0738122,1
27685,11.509097,4.2910438,6
27686,-0.1073607,13.700522,4
27687,0.07930336,5.453968,8
27688,1.1851563,11.97609,9
27689,-0.14666788,15.162256,4
27690,6.900862,5.5022516,3
27691,5.58376,5.2812057,3
27692,0.7442198,11.749249,9
27693,-3.7608728,1.3707423,1
27694,0.5590993,13.753733,4
27695,-0.9230882,15.083849,4
27696,-3.1569,8.978225,2
27697,15.264518,5.713849,0
27698,0.51804376,12.200303,9
27699,4.9731283,6.831308,5
27700,2.2582927,0.059304222,2
27701,5.7473755,4.939607,3
27702,10.609099,4.8054385,6
27703,11.837696,5.581695,6
27704,10.621537,4.683332,6
27705,-1.8176143,10.520006,9
27706,-1.8887981,11.561839,7
27707,-2.854923,0.11737078,1
27708,10.6373,5.1051083,6
27709,-5.313968,10.176051,7
27710,-0.37228656,11.446086,9
27711,3.7845616,6.7838187,5
27712,14.3087,7.520747,0
27713,0.05127447,15.085669,4
27714,-3.8980074,11.546625,7
27715,0.2523835,15.114521,4
27716,-5.217784,10.51768,7
27717,-4.6357756,9.846388,7
27718,5.2555676,4.9809,3
27719,2.7952957,-1.4010607,2
27720,15.62047,8.117123,0
27721,3.3780124,-1.0205834,2
27722,-5.013409,11.222511,7
27723,-4.6201453,8.983742,7
27724,10.246882,3.399193,6
27725,-1.6975286,10.373354,9
27726,7.0597367,5.3610106,3
27727,4.962532,6.740093,5
27728,-4.1709714,10.755817,7
27729,-3.5421624,0.41702724,8
27730,0.13208921,12.473579,9
27731,-1.7832023,9.515758,9
27732,-0.21198979,14.985501,9
27733,-0.11285158,5.19434,8
27734,0.49309218,12.146691,9
27735,15.46028,8.959999,0
27736,2.3979328,-0.04748595,2
27737,-0.65919715,-4.2590714,1
27738,1.1562722,14.274689,4
27739,-3.92695,9.00074,2
27740,0.64759535,5.5979686,8
27741,6.3517694,6.6023946,3
27742,2.937656,5.466442,5
27743,-0.17017919,13.046212,4
27744,-0.99247265,-3.6319246,1
27745,6.0020995,7.5808344,5
27746,-2.6807241,-3.352381,1
27747,-4.8093653,8.934255,7
27748,0.53323895,12.111232,9
27749,14.9151945,8.0145855,0
27750,11.163702,5.210169,6
27751,-3.5139194,0.6216581,1
27752,3.7527394,-1.382248,2
27753,4.4807725,-1.0263883,2
27754,2.1313388,-1.0244999,2
27755,6.955403,4.3357887,3
27756,-4.4892426,12.152416,7
27757,11.737624,4.8334007,6
27758,-5.2003417,12.201305,7
27759,-2.6831708,-0.3984647,1
27760,4.073911,6.625732,5
27761,2.0830543,-0.1896479,2
27762,1.1185037,7.2004976,8
27763,6.935522,4.994677,3
27764,4.254658,7.098136,5
27765,-0.8246925,12.997315,4
27766,-1.9388493,10.208978,9
27767,5.3358736,6.9511375,5
27768,3.2526832,-1.1923825,2
27769,11.608276,4.3247247,6
27770,1.9834272,-0.99091035,2
27771,-0.52274543,11.146496,9
27772,-0.8987161,-4.4453845,1
27773,0.90694654,11.703451,9
27774,0.4910287,12.313689,9
27775,11.6783285,5.340689,6
27776,1.5457659,14.235308,4
27777,14.226125,7.4930387,5
27778,5.4203296,7.592602,5
27779,0.40352544,11.455892,9
27780,-1.5399466,10.8334,9
27781,2.3839912,-0.10642197,2
27782,0.7718154,14.31022,4
27783,1.3604611,12.526811,3
27784,6.381727,5.206773,3
27785,-2.3766985,-0.5830963,1
27786,5.6346827,5.8812847,3
27787,2.6109319,-0.16003351,2
27788,15.732027,6.8828807,0
27789,-2.6001973,-0.16638929,1
27790,-3.787006,0.18595359,1
27791,3.4952164,0.67532015,2
27792,-0.566642,-4.0508113,1
27793,-2.839374,0.42838466,1
27794,10.841994,5.6143084,6
27795,4.9422336,5.074846,3
27796,10.28921,3.9965386,6
27797,3.048166,-0.028635059,2
27798,1.2363452,7.227874,8
27799,11.852961,5.6792374,6
27800,0.6611372,13.885093,4
27801,6.0947313,6.703323,5
27802,3.4357414,7.0965014,5
27803,6.92798,4.573351,3
27804,6.330734,6.502484,3
27805,15.401982,8.018682,0
27806,15.347924,5.8884377,0
27807,10.958117,3.799026,6
27808,-3.3491273,9.674993,7
27809,-1.8958297,14.097442,4
27810,2.2727172,-0.41095692,2
27811,15.373053,6.1820507,0
27812,10.371149,2.1926644,6
27813,4.912726,6.7242985,5
27814,3.2213886,6.338681,5
27815,-1.0146329,10.628432,9
27816,-2.226437,-1.3182194,1
27817,-0.9887532,9.971379,9
27818,4.043645,7.279751,5
27819,-0.24637473,5.693181,8
27820,15.005839,6.467578,0
27821,-2.9580162,0.11355374,1
27822,10.249765,2.2539418,0
27823,-4.283969,9.599058,7
27824,1.1160687,14.301958,4
27825,-1.4978646,13.832441,4
27826,0.8258819,13.918014,4
27827,-4.398331,9.811527,7
27828,5.658832,5.141881,3
27829,14.864238,6.3112435,0
27830,-4.4384937,10.413014,7
27831,-4.3004746,1.3042262,1
27832,0.53959316,14.129513,4
27833,11.832204,4.8496866,6
27834,2.178095,-0.08331368,2
27835,6.374867,4.1038,3
27836,-2.642764,-2.4372327,1
27837,-3.6451097,8.389343,7
27838,4.9558043,4.976508,3
27839,0.15527555,10.687055,9
27840,4.9842014,5.0839405,3
27841,14.9438305,7.1047993,0
27842,10.758492,5.5187907,6
27843,-0.2708213,10.605262,9
27844,2.811263,-1.2485899,2
27845,5.2543206,6.6938376,5
27846,-4.6741986,12.235288,9
27847,6.8336973,4.7351146,3
27848,1.3967769,12.765431,9
27849,0.20088989,5.9519696,8
27850,10.908772,4.9073644,6
27851,-0.5225004,5.561075,8
27852,1.8519621,0.059667923,2
27853,-4.6641498,9.855345,7
27854,15.655264,7.221897,0
27855,-3.8834748,-0.6356254,1
27856,5.764236,6.41098,3
27857,-1.6283318,13.94585,4
27858,10.712349,4.7515106,6
27859,14.80026,7.1720147,0
27860,1.6412122,-0.11545268,2
27861,6.52364,4.6259384,3
27862,-3.1217227,10.178183,7
27863,-0.12643716,11.058562,9
27864,3.4640002,-1.3378855,2
27865,15.21186,7.3945174,0
27866,6.8509636,5.6519322,3
27867,-4.5204153,9.972046,7
27868,-4.002369,10.894932,7
27869,4.4906406,-1.1315665,2
27870,6.233174,5.0795884,3
27871,-3.237917,-1.4186132,1
27872,-3.6759126,9.7193365,7
27873,-0.19800656,10.353423,9
27874,4.5512514,-1.5508102,2
27875,-2.822467,0.07420133,1
27876,-0.4927962,12.017031,9
27877,5.4822335,6.685161,5
27878,2.6113322,-1.346527,2
27879,-3.0084655,0.040389225,1
27880,3.1143572,0.514363,2
27881,-3.666176,9.039032,7
27882,1.250935,13.972238,4
27883,4.6967015,-0.91911876,2
27884,1.8169401,12.110258,9
27885,-2.7662315,0.06302067,1
27886,-3.493649,-1.4591364,1
27887,11.590033,5.256755,6
27888,1.8285068,0.045368314,2
27889,1.1770401,5.7585473,8
27890,10.910714,5.353552,6
27891,0.4878198,6.0025387,8
27892,-0.818248,5.4984536,8
27893,16.301208,7.634723,0
27894,14.774015,8.931051,0
27895,-2.2194848,-1.5629139,1
27896,-3.3818843,0.268746,1
27897,2.6004307,-0.5092671,2
27898,-3.6450663,8.530841,2
27899,7.0490336,4.5501714,3
27900,15.365659,7.1654634,0
27901,-0.874169,14.549893,4
27902,0.69011664,11.464544,9
27903,4.4631767,6.602939,5
27904,0.8796527,11.624569,9
27905,11.39912,4.9010878,6
27906,-3.5614984,9.883308,7
27907,0.06483471,6.292653,8
27908,4.6337776,5.3814077,9
27909,-1.0016986,10.516177,9
27910,0.83086616,5.868861,8
27911,16.313566,7.6285276,0
27912,-4.9522038,12.02345,7
27913,-2.363505,-2.0675948,1
27914,-0.812461,13.184825,4
27915,3.2490354,0.5627854,2
27916,0.81273365,7.0778003,8
27917,6.319398,5.7556853,3
27918,0.97956276,7.047281,8
27919,-0.36245346,14.171298,4
27920,-1.2325383,-2.986474,1
27921,3.136357,5.544416,5
27922,1.1733788,14.383379,4
27923,11.43107,4.4425964,6
27924,-3.8947263,1.7021544,1
27925,-4.2304325,10.476692,7
27926,1.8171543,12.434318,9
27927,1.417029,6.5897484,8
27928,4.9918303,-0.96232045,2
27929,-0.8389598,11.164199,9
27930,5.6375365,4.499449,3
27931,15.903173,7.820609,0
27932,-0.24160469,11.899445,9
27933,-2.653111,-1.2983276,1
27934,10.179003,4.004615,6
27935,2.0342057,-0.48165667,2
27936,15.03649,8.350088,0
27937,5.891766,4.9761286,3
27938,-0.6613929,11.952816,7
27939,-0.73731285,13.317201,4
27940,10.776272,5.4147215,6
27941,3.0552287,5.420861,5
27942,3.6807725,6.5745068,5
27943,11.405811,4.53121,6
27944,-4.3519726,10.917679,7
27945,-4.422346,10.441329,7
27946,6.409535,5.278971,3
27947,1.2207769,6.3787327,8
27948,1.3533586,14.121576,4
27949,-1.0300951,10.9433155,9
27950,-3.9107683,9.981108,7
27951,15.7968025,6.5363493,0
27952,3.5818608,7.072619,5
27953,0.15769775,11.845837,9
27954,2.9538217,6.389858,5
27955,-0.4502971,13.36125,4
27956,-5.0230265,10.211763,7
27957,3.1602356,-0.6627873,2
27958,0.9113509,6.414123,8
27959,0.23167498,14.092758,4
27960,5.3073125,5.121935,3
27961,-2.0844903,-2.0323567,1
27962,11.273705,6.2588325,6
27963,3.783281,5.6604366,5
27964,1.5059875,6.629088,8
27965,11.372195,4.8187203,6
27966,5.010826,4.824967,9
27967,-2.330782,-2.2102973,1
27968,-1.1184968,12.210293,9
27969,-1.7930608,-2.6053684,1
27970,-3.7643497,11.735764,7
27971,-4.215736,10.5083685,7
27972,1.8668599,7.8279614,8
27973,0.71878767,6.3764524,8
27974,-0.18364733,5.7749596,8
27975,3.7893991,6.472423,5
27976,-3.8615038,9.438455,7
27977,6.409451,4.250504,3
27978,-1.4969828,-2.6925292,1
27979,0.23166578,14.161108,4
27980,0.1361604,14.096537,4
27981,11.413469,4.8257585,6
27982,14.867009,6.5273395,0
27983,-4.6058,10.860899,7
27984,-3.1556988,10.727728,7
27985,15.303415,8.434153,0
27986,-4.3395634,11.990429,7
27987,7.018405,5.0796084,3
27988,5.353667,5.5704327,3
27989,2.3727102,-0.92534876,2
27990,15.778177,7.9554,0
27991,11.435088,4.6506596,6
27992,11.381518,5.3537645,6
27993,-0.046581924,11.730535,9
27994,-0.26419705,6.5490646,8
27995,1.2215188,6.4971533,8
27996,3.0763829,6.7980523,5
27997,4.261167,6.038648,5
27998,1.5976722,7.565357,8
27999,0.59710383,6.4689407,8
28000,-1.1229295,-3.0450087,1
28001,11.328821,4.404066,6
28002,15.531813,6.416275,0
28003,1.3413584,6.6170087,8
28004,-4.993576,11.775992,7
28005,-0.8120236,11.210506,9
28006,6.2137656,4.9067454,3
28007,0.8668452,11.548085,9
28008,-1.4423797,14.015566,4
28009,-4.4152665,10.312787,7
28010,0.803611,6.0488987,8
28011,-4.646853,10.216844,7
28012,-4.7864184,10.50053,7
28013,1.8824643,-0.4558268,2
28014,2.561333,-1.5128391,7
28015,-2.491509,-1.4336053,1
28016,14.84117,8.792291,0
28017,-2.2456725,-1.456099,1
28018,-1.0895579,-2.9462385,1
28019,-2.3594816,-1.939398,1
28020,-0.3203428,14.126561,4
28021,2.0203364,-0.48594904,2
28022,-0.43456596,13.522218,4
28023,1.1001651,6.716433,8
28024,15.420185,7.996534,0
28025,-4.453728,11.111084,7
28026,5.5043774,4.8004217,3
28027,11.49928,4.902763,6
28028,1.1268643,14.381664,4
28029,4.3247547,6.5781345,5
28030,14.632367,8.870255,0
28031,5.695869,4.9354267,3
28032,5.481133,5.150447,3
28033,1.1925477,6.2814317,8
28034,0.61641705,14.332459,4
28035,-2.9383183,-2.399451,1
28036,-1.5151622,14.028126,4
28037,6.440978,4.888883,3
28038,-2.4125843,-3.2692037,1
28039,11.459738,5.3852386,6
28040,2.5893872,4.5494595,5
28041,15.721992,8.096721,0
28042,0.85682684,7.0480657,8
28043,-0.58607703,13.828344,4
28044,14.743462,8.757761,0
28045,1.1136242,6.302456,8
28046,3.4947276,6.270193,5
28047,-0.86296916,11.617286,9
28048,3.228875,5.2245216,5
28049,-1.0350839,13.106231,4
28050,3.128927,-1.3913143,2
28051,-1.465097,10.931759,9
28052,10.337197,2.5121698,2
28053,-4.554624,10.148123,7
28054,-0.5414174,5.905004,8
28055,0.21617058,11.262673,9
28056,-2.3246202,-2.3911614,1
28057,3.156287,5.551282,5
28058,-1.2314973,9.551974,9
28059,2.9379365,-1.0212191,2
28060,3.1721737,5.2403107,5
28061,-4.423121,11.278342,7
28062,0.4372485,12.033461,9
28063,-2.4809449,-1.7315603,1
28064,-5.1606407,10.003972,7
28065,1.257247,6.4856033,8
28066,11.907946,6.5100093,6
28067,2.3779263,-0.16525623,2
28068,3.8027542,-1.4924905,2
28069,-2.4487946,-2.062166,1
28070,11.077134,4.6233325,6
28071,-5.1394897,11.225641,7
28072,14.366236,6.8270516,0
28073,-4.5778227,11.008322,7
28074,4.2114697,-1.3341707,2
28075,6.961665,5.08058,3
28076,14.049041,6.9388785,0
28077,2.901701,0.105346404,2
28078,3.336412,-1.8646494,2
28079,15.475999,8.350287,0
28080,5.276925,7.8711686,5
28081,-0.4251104,13.517215,4
28082,-4.2525125,10.670434,7
28083,10.858448,3.2713413,6
28084,10.932524,4.84709,6
28085,11.507294,4.4890046,6
28086,-2.4251904,-3.0303385,4
28087,0.33037305,11.392958,9
28088,-0.9172233,11.812262,9
28089,-0.33801806,14.22044,4
28090,-3.9884408,0.39075515,1
28091,2.3053358,-0.56249046,2
28092,-0.9449403,10.417067,9
28093,1.0148958,6.0657425,8
28094,-1.2373419,-2.4411838,1
28095,3.4217408,-0.95798683,2
28096,1.3735512,13.893569,4
28097,3.5312543,6.0811925,5
28098,-1.2068883,-2.5463593,1
28099,-2.1014283,-1.1120815,1
28100,-0.7785052,-3.9662883,1
28101,15.451744,7.550864,0
28102,16.252934,8.662831,0
28103,3.5098794,5.75637,5
28104,11.24374,6.0147667,6
28105,16.138939,8.252171,0
28106,-3.5413055,8.918547,7
28107,6.4601955,4.093681,3
28108,14.860982,8.648578,0
28109,0.29486415,14.375812,4
28110,-3.3672826,-1.3604915,1
28111,6.866737,4.6595254,3
28112,3.1016681,-1.8856748,2
28113,-0.78682417,11.581806,9
28114,0.9740067,11.451826,9
28115,11.293031,5.0459785,6
28116,3.7428312,6.214032,5
28117,-4.4050922,10.476678,7
28118,-3.326454,9.288499,7
28119,6.717883,4.440895,3
28120,-3.3318388,10.307094,7
28121,-0.23393069,14.5455265,4
28122,14.231101,5.993144,0
28123,5.5782595,4.556641,3
28124,-0.47053337,14.013387,4
28125,15.637941,8.086748,0
28126,3.2032626,-1.676511,2
28127,10.969892,3.575671,6
28128,1.8092023,14.512067,4
28129,-1.3041018,11.189396,9
28130,-1.1236377,-4.0880876,1
28131,14.692121,7.8594394,0
28132,4.5861125,5.373577,3
28133,-0.72903126,-3.849037,1
28134,-2.1981804,-2.7048,1
28135,3.1576326,0.4815582,2
28136,4.563919,8.070888,8
28137,5.2579665,5.0623713,3
28138,-4.025629,11.358308,7
28139,-0.4075442,13.872911,4
28140,2.9908524,-0.9920344,2
28141,4.575596,7.2374735,5
28142,10.060967,3.0036416,6
28143,10.493776,4.6289434,6
28144,1.3284861,6.9143395,8
28145,-4.6867514,10.698011,7
28146,-1.129919,13.775419,4
28147,0.064157896,5.5963717,8
28148,4.5931396,6.49208,5
28149,-0.47850883,11.270803,9
28150,10.169222,2.676247,6
28151,16.082182,7.8920555,0
28152,5.3924074,7.282528,6
28153,-2.5948226,-0.13509034,1
28154,3.2722611,-1.1292235,2
28155,4.3015,-1.7150487,2
28156,3.0683155,0.06447888,2
28157,6.6848598,5.315941,3
28158,-4.1508536,10.986349,7
28159,0.25591257,15.096312,4
28160,15.433533,7.786407,0
28161,3.870027,6.780011,5
28162,14.348618,6.1301346,6
28163,11.403798,3.6715717,6
28164,-0.65843654,13.936042,4
28165,16.311316,8.583445,0
28166,-1.5581908,-2.3094003,1
28167,-2.8826768,-1.017407,1
28168,-1.5915821,10.984604,9
28169,3.7382855,-1.0394632,2
28170,11.738369,5.1931977,6
28171,5.413863,5.0943623,3
28172,3.882657,7.4629717,5
28173,0.39712912,14.483193,4
28174,7.0336246,5.620649,3
28175,3.6643696,7.065575,5
28176,-0.98251116,10.832033,9
28177,11.610476,3.6445553,6
28178,3.2393978,6.4375715,5
28179,-3.571233,8.503578,7
28180,-4.026357,10.030323,7
28181,-0.638437,6.2386494,8
28182,2.0585897,6.89513,8
28183,-1.5259717,10.289394,9
28184,-1.6728697,-4.0650344,1
28185,3.7331839,-1.1274292,2
28186,14.841071,7.617915,0
28187,-2.5222697,-2.0998764,1
28188,1.74787,7.032691,8
28189,3.5242271,-1.713604,2
28190,-2.006089,13.785567,4
28191,-3.0629191,-0.036135007,1
28192,5.880814,5.4781647,9
28193,6.372457,4.479476,3
28194,-2.209288,9.487053,9
28195,1.8453953,12.295756,9
28196,-1.9420236,-2.9509892,1
28197,0.42956057,11.132191,9
28198,2.600976,7.3344398,8
28199,4.8809395,4.690604,3
28200,4.4757347,-1.8821181,2
28201,-5.034522,9.599205,7
28202,14.859802,8.740589,0
28203,15.990634,7.7282414,0
28204,5.672888,5.5501156,3
28205,-3.8269596,8.648685,7
28206,0.4943998,6.917591,8
28207,-3.915427,8.707577,7
28208,-2.2959328,-1.2170318,1
28209,5.7001686,7.742587,5
28210,1.8931007,-0.8220465,2
28211,-4.9991746,11.190241,7
28212,3.8353696,-1.9923183,2
28213,-0.503457,11.473026,9
28214,2.9323776,0.46756542,2
28215,-0.90916777,11.815312,9
28216,11.867052,5.135612,6
28217,-0.7104852,14.054264,4
28218,3.2286625,-1.474463,2
28219,-5.172659,11.246936,7
28220,-5.40309,10.577061,7
28221,14.777432,8.11295,0
28222,11.53609,6.0694723,6
28223,-1.533499,-3.4729877,1
28224,6.175009,6.12984,3
28225,0.3961724,13.932046,4
28226,1.8857354,6.4352975,8
28227,0.9259358,14.38901,4
28228,3.8374465,-1.8978974,2
28229,-3.9172418,9.951814,7
28230,14.817573,7.370703,0
28231,11.073294,5.1443205,5
28232,-3.489791,-1.4252907,1
28233,0.5845094,6.997467,8
28234,3.9822357,0.7585865,2
28235,-2.2683942,-1.5155604,1
28236,-3.2165208,10.381107,7
28237,-0.6822097,13.470715,4
28238,-0.9610485,-4.0041585,1
28239,-0.33000436,11.209908,9
28240,-0.59407336,11.788498,9
28241,0.22465555,6.8199873,8
28242,14.898784,8.766904,0
28243,-0.42683485,13.981266,4
28244,-2.7342906,-1.4357253,1
28245,-2.7059631,-0.1899347,1
28246,-2.6198094,-1.8768494,1
28247,-0.1722966,6.3251014,8
28248,-1.1420839,14.312703,4
28249,11.361897,3.464616,6
28250,-3.2320628,-0.7855637,1
28251,11.576454,4.933418,6
28252,6.647245,6.071884,3
28253,0.37036157,14.975644,4
28254,2.966006,6.5821633,5
28255,10.469586,3.9634776,6
28256,5.4189515,6.096051,3
28257,14.64435,8.036388,0
28258,3.4997344,5.872062,5
28259,3.5935876,7.230178,5
28260,-1.3481342,12.417349,9
28261,4.600574,7.0959725,5
28262,-0.91011626,12.029953,9
28263,6.6163764,4.946781,3
28264,5.077982,5.4972014,3
28265,5.9373875,5.1296334,3
28266,2.4062505,-0.08603215,2
28267,5.4935155,7.65693,5
28268,2.1499343,0.13192445,2
28269,4.0526185,-0.9178896,2
28270,-5.282162,11.380236,7
28271,5.2006335,7.4418306,5
28272,16.332367,8.510123,0
28273,-4.0556307,9.38494,7
28274,14.794166,8.625824,0
28275,3.9783156,-1.6970912,2
28276,6.1511106,5.5127015,3
28277,4.6767077,7.523111,5
28278,3.0144596,-0.39225706,2
28279,-0.48895136,10.910969,9
28280,3.106093,4.809071,5
28281,11.729171,5.1727242,6
28282,1.4635539,-0.22139665,2
28283,-0.46305612,10.4254465,9
28284,3.05666,-0.6099399,2
28285,3.7942998,-1.5939518,2
28286,15.300315,7.618515,0
28287,10.945325,3.072403,6
28288,-0.9426636,10.145262,9
28289,3.835509,-0.36904857,2
28290,1.3087016,14.145753,4
28291,-3.542845,1.513589,1
28292,-4.120211,2.4436264,1
28293,4.870753,-1.2360172,2
28294,3.035426,-1.3266349,2
28295,16.039833,7.810322,0
28296,14.589547,7.1495247,0
28297,-0.101903714,5.4828734,8
28298,-4.92965,11.457773,7
28299,5.096447,4.4125004,3
28300,-2.717508,-3.234884,1
28301,0.20023826,5.2896633,8
28302,9.987514,3.918103,6
28303,5.6952963,4.831559,3
28304,-0.2958823,12.95715,4
28305,15.52602,5.7319517,0
28306,2.3523555,4.641227,8
28307,0.45602116,7.0581326,8
28308,0.2938457,11.651302,9
28309,-5.3640814,11.336855,7
28310,1.3156784,11.796078,4
28311,-0.32729584,14.449954,4
28312,1.2269976,13.919211,4
28313,1.6551948,11.893873,9
28314,-5.382864,10.375366,7
28315,4.692036,6.461679,5
28316,6.1330204,4.767471,3
28317,15.474791,6.8668394,0
28318,-0.85556364,-3.2065096,1
28319,-0.028697051,12.041514,9
28320,10.259367,3.3270426,6
28321,-3.2435956,9.770472,7
28322,-2.828928,-2.761107,1
28323,15.881033,7.385073,0
28324,4.2222004,-1.606716,2
28325,15.7332,6.2589355,0
28326,10.271251,2.531333,6
28327,-1.5883138,14.021875,4
28328,16.340014,6.66846,0
28329,-0.37093106,10.510084,9
28330,0.43701455,12.283381,9
28331,-3.8127284,0.6797872,1
28332,4.730113,7.454314,5
28333,10.898226,4.437599,6
28334,-2.3323598,-3.7177982,1
28335,3.8266213,-0.9495058,2
28336,1.7301569,-0.1854637,2
28337,-5.357316,11.231267,7
28338,0.2014982,5.5634384,8
28339,11.5389385,4.6352925,6
28340,3.751443,6.642107,5
28341,-0.1309107,5.5424395,8
28342,1.7033578,7.4663086,8
28343,5.959979,5.379739,3
28344,5.870349,5.343358,3
28345,4.433047,6.6820354,5
28346,-0.65569955,10.358104,9
28347,4.1025457,-0.97242683,2
28348,-0.06120959,5.507433,8
28349,-3.662745,0.3758011,1
28350,-2.3699932,-0.5844315,1
28351,-0.6245844,6.092807,8
28352,2.2579277,6.988415,8
28353,11.236791,3.2597497,6
28354,1.4494109,12.686359,9
28355,-3.750404,1.1811894,1
28356,3.105179,5.599502,5
28357,-3.558509,1.32933,0
28358,14.754924,6.3072715,0
28359,5.228526,5.146174,3
28360,3.8585362,5.9229054,5
28361,-3.7970054,0.44436333,1
28362,-3.096154,9.217784,7
28363,-1.9879346,14.451458,4
28364,1.0554224,6.451564,8
28365,15.899355,7.079417,0
28366,2.1863518,0.12387143,2
28367,-1.3037124,-3.1672552,1
28368,4.9386444,6.341378,9
28369,2.0116675,-0.4301888,2
28370,3.2822413,-1.558111,2
28371,6.1306024,6.453821,3
28372,5.9250817,7.4860373,5
28373,0.9604954,13.828203,4
28374,-0.79592943,11.7509,3
28375,3.754949,6.783158,5
28376,2.7061646,5.7320266,5
28377,11.604017,5.5200505,6
28378,-2.7867854,-2.6926675,1
28379,-5.019067,10.604959,7
28380,5.6970873,6.4463396,3
28381,0.22342841,6.8770256,8
28382,9.818972,3.095545,6
28383,-0.33369705,11.098704,9
28384,4.234479,6.516103,5
28385,15.829149,7.135223,0
28386,11.268612,4.852863,6
28387,-2.4839163,-1.6557362,1
28388,2.1008465,-0.16928896,2
28389,2.0863314,-0.3201047,2
28390,1.5602171,7.4739127,8
28391,6.585826,6.312047,3
28392,5.1966887,5.1069317,3
28393,0.2588608,13.887452,4
28394,-1.2691295,-4.0434136,1
28395,4.1891756,6.7855945,5
28396,2.10427,12.804947,9
28397,11.301106,4.8676662,6
28398,0.8266272,14.814559,4
28399,-4.9408584,11.481696,7
28400,11.022833,5.055783,6
28401,0.9342604,7.1130443,8
28402,15.256384,7.9228067,0
28403,15.903296,7.668607,0
28404,2.0018244,-0.26989534,2
28405,-1.9868405,-1.6085579,1
28406,6.6673727,4.8966236,3
28407,2.017998,-0.40621653,2
28408,14.795705,7.663914,0
28409,6.3011193,5.741365,3
28410,4.023036,7.0286436,5
28411,-1.5206627,-2.7531624,1
28412,16.410646,8.465372,0
28413,3.9062407,6.7027774,5
28414,14.605608,8.655477,0
28415,11.36578,4.118175,6
28416,1.9853685,12.4769745,9
28417,-4.6594825,9.755759,7
28418,6.284097,5.337512,3
28419,0.30233502,6.338775,8
28420,-0.2021886,-4.530439,1
28421,-4.065452,10.056113,7
28422,1.3775718,13.964827,9
28423,15.3232765,6.164312,0
28424,1.3118265,11.640997,9
28425,10.538464,3.187348,6
28426,0.52374476,14.090369,4
28427,15.111955,6.715749,0
28428,15.1984,7.9388433,0
28429,-4.2764273,11.325486,7
28430,4.514106,7.1512637,5
28431,6.347913,5.2490573,3
28432,0.038865503,6.8561115,8
28433,0.94778186,7.1584625,8
28434,3.5970068,6.155227,5
28435,10.784305,4.73485,6
28436,3.699243,-1.1272149,2
28437,-4.713888,9.899633,7
28438,10.076142,3.9425676,6
28439,-2.1622083,-2.6217406,1
28440,11.665578,4.801451,6
28441,5.2686934,5.114537,3
28442,-0.68986404,13.90019,4
28443,-5.0687532,10.637406,7
28444,5.6059284,5.240517,3
28445,-0.055706922,10.762581,9
28446,1.4862311,12.344438,9
28447,-5.088065,11.5134325,7
28448,0.8010953,11.95952,9
28449,0.21507746,14.560241,4
28450,-4.3817754,9.267765,7
28451,15.142106,7.557491,0
28452,15.816499,7.7589965,0
28453,2.5324466,0.20108306,2
28454,3.789412,0.2557711,2
28455,4.151794,6.794349,5
28456,15.504859,8.30587,0
28457,15.67837,7.1829014,0
28458,6.27767,6.679451,3
28459,11.406388,5.1802487,6
28460,0.6632248,12.25998,9
28461,0.24111977,14.451194,4
28462,-0.2798039,15.105296,4
28463,-0.2692685,12.025714,9
28464,1.0960597,13.955751,4
28465,3.0055163,5.7457514,5
28466,14.697066,8.8012,0
28467,11.634763,4.4977126,6
28468,0.55658895,14.984864,4
28469,3.0768814,5.663322,5
28470,-0.100672066,5.2749476,8
28471,2.5164719,0.23824634,2
28472,5.037502,5.407679,3
28473,-1.3683696,11.289669,9
28474,1.4191253,7.315,8
28475,0.054630727,6.965497,8
28476,5.899945,6.37334,3
28477,3.084651,5.651081,5
28478,4.8981767,7.2601957,5
28479,-2.9167209,-1.1236968,1
28480,1.5790906,7.5550547,8
28481,-0.42188036,10.63407,9
28482,-2.80829,0.020326564,1
28483,0.77269864,7.1149955,8
28484,-3.9806454,-0.081360124,1
28485,6.293288,5.683065,3
28486,14.345722,7.3016577,0
28487,0.07395378,13.772836,4
28488,-3.023752,-0.84683186,1
28489,15.711084,8.1516075,0
28490,0.84594524,6.7226114,8
28491,-1.424601,9.985464,5
28492,-0.59687316,13.588248,4
28493,-0.028748522,14.658058,4
28494,2.5359263,-1.0967993,2
28495,0.55786264,6.5921946,8
28496,10.956392,4.421539,6
28497,10.759577,4.181094,6
28498,1.4375825,6.98816,8
28499,6.0668526,5.9161916,3
28500,0.7038572,14.294887,4
28501,1.0486852,14.52621,4
28502,2.1946306,-1.2165061,2
28503,0.40156326,7.1592655,8
28504,3.974168,7.0780954,5
28505,14.635981,6.2054443,0
28506,6.163548,7.3462467,8
28507,10.570888,4.308781,6
28508,9.810712,3.3503141,6
28509,0.6734285,13.802976,4
28510,14.951498,6.5179687,0
28511,0.17905869,6.810756,8
28512,3.362964,7.2399817,5
28513,-2.0445569,-3.4417613,1
28514,-3.493425,11.018535,7
28515,6.464711,5.6878066,3
28516,-2.2272391,-1.198214,1
28517,0.95376897,14.610815,4
28518,0.023880959,13.116895,4
28519,15.250753,6.254358,0
28520,-3.3303938,10.908461,7
28521,-2.5572975,-1.7143072,1
28522,-1.5903677,-2.1248226,1
28523,0.2484271,11.598138,9
28524,-0.8893823,-3.5078704,1
28525,3.0177808,0.5144658,2
28526,-0.26718152,6.1375155,8
28527,5.8267217,5.7161994,3
28528,5.785867,6.5230174,3
28529,-4.884812,10.908926,7
28530,-0.4897284,12.24508,9
28531,-3.6653004,0.46612397,1
28532,-4.4892077,10.701647,7
28533,1.8741661,-0.26180017,2
28534,5.562704,7.668574,5
28535,-4.7465982,10.855929,7
28536,5.315104,4.590675,3
28537,2.7228706,0.24720247,2
28538,-1.6784104,11.04461,9
28539,0.47848287,7.621455,8
28540,15.467851,6.382306,0
28541,-5.143041,10.990223,7
28542,-4.526999,10.420951,7
28543,16.470995,7.7842975,0
28544,2.5014007,-0.69796467,2
28545,-2.8886235,-1.4453518,1
28546,14.742386,8.402095,0
28547,-0.2497296,11.990809,9
28548,10.527313,4.1820264,6
28549,10.925548,4.2299623,6
28550,-4.9051557,12.124719,7
28551,-0.8421684,14.184455,4
28552,11.376441,4.1284366,6
28553,-1.0733286,10.845137,9
28554,10.060209,2.5508182,6
28555,2.3811183,0.20221613,2
28556,10.913305,2.4450727,4
28557,-2.2116768,-1.5327364,1
28558,-5.2527204,11.453346,7
28559,1.8146405,-0.11068292,2
28560,3.4161825,-1.2435439,2
28561,6.5800138,6.116677,3
28562,-5.1234503,12.055355,7
28563,-4.0879083,9.902835,7
28564,-2.1321297,10.423057,9
28565,16.212715,8.010633,0
28566,2.4768736,-0.21984008,2
28567,1.7756555,-0.15295108,2
28568,-0.85751843,-3.2908282,1
28569,-2.1991756,-3.4272945,1
28570,3.2919688,6.627474,5
28571,6.2686753,6.3661666,3
28572,11.033855,5.9104958,6
28573,0.41487214,14.521652,4
28574,0.7203826,12.111956,9
28575,-4.4662094,10.9801235,7
28576,10.296197,4.986365,6
28577,2.7984772,0.32267657,2
28578,-0.2780909,13.462942,4
28579,3.6704068,6.471599,5
28580,5.295589,4.270595,3
28581,0.052309383,6.9049306,8
28582,0.33274472,12.086068,9
28583,-2.5727286,-0.16557576,1
28584,-1.2370752,13.126748,4
28585,10.969328,3.6234493,6
28586,-2.5992117,-2.1839447,1
28587,-0.20544186,6.639742,8
28588,0.19586086,14.746101,4
28589,3.7392473,6.3712564,5
28590,10.683761,2.9230514,6
28591,11.334538,4.467453,6
28592,5.6309676,6.4495754,9
28593,15.973398,7.874554,0
28594,11.2468,5.9810987,6
28595,0.5677432,6.4895825,8
28596,5.2285166,7.822498,5
28597,-0.6133069,10.486483,9
28598,0.6036304,12.034028,9
28599,-0.6517494,14.009546,4
28600,-1.1695018,13.815715,4
28601,-0.9420351,11.300995,9
28602,10.92337,4.6607575,6
28603,1.8267084,-0.099446096,2
28604,-0.42827407,11.619958,9
28605,10.792742,3.730671,6
28606,5.7033334,7.5917015,5
28607,15.467806,7.045015,0
28608,2.8475783,6.5216866,5
28609,-3.8045819,1.1630098,1
28610,1.2528943,14.522742,4
28611,4.55918,-0.5598332,2
28612,15.625707,5.9108167,0
28613,6.3732076,3.6928782,3
28614,0.98609775,14.316802,4
28615,-1.3614703,14.094697,4
28616,11.480647,5.67131,6
28617,2.951913,4.3510222,5
28618,-1.1797892,11.875352,9
28619,10.760758,3.3884747,6
28620,1.0427319,12.358129,7
28621,-4.6852674,9.948798,7
28622,-1.0161955,-3.6332011,1
28623,-0.43529263,5.248541,8
28624,-3.7083411,11.315199,7
28625,-0.30953002,11.097319,9
28626,6.559237,5.718854,3
28627,15.557443,7.9148927,0
28628,14.917932,8.673254,0
28629,-2.9929717,0.44814438,1
28630,1.6594172,-0.27465782,2
28631,4.2535796,-0.41771466,2
28632,2.9152138,12.138517,7
28633,5.984208,3.3089664,3
28634,-3.4099884,10.198366,7
28635,-1.1379652,14.630284,4
28636,-1.2935698,10.631075,9
28637,3.3207943,4.6366553,5
28638,-5.1052957,12.221567,7
28639,11.263141,4.1718993,6
28640,3.7662504,-1.4862114,2
28641,-4.747213,9.820553,7
28642,3.5995762,-1.0200937,7
28643,-0.38205764,5.2383537,8
28644,11.051273,6.1216774,6
28645,-0.68101096,10.355636,9
28646,-3.001706,-2.0914323,1
28647,15.315812,8.010919,0
28648,0.45422053,6.381237,8
28649,-3.700784,1.2872683,1
28650,-1.5721409,-1.6421161,1
28651,4.6316595,-0.61599165,2
28652,0.339489,14.988969,4
28653,6.0716357,3.390902,3
28654,10.0734825,2.7719278,5
28655,-1.4128547,14.539006,4
28656,-2.640775,-3.3750796,1
28657,2.8654575,4.37187,5
28658,5.849127,7.4393334,5
28659,11.208119,3.615855,6
28660,-0.59024894,-3.9162238,1
28661,-4.4413724,8.785509,7
28662,2.401214,7.2985735,8
28663,-0.59291023,5.12273,8
28664,-2.1079292,-1.9030432,8
28665,-0.2525222,10.455648,9
28666,2.840999,5.861539,5
28667,15.749885,8.035356,0
28668,6.1334176,5.779104,3
28669,-1.6101855,14.979467,4
28670,2.9827642,12.188613,7
28671,16.421034,7.5883446,0
28672,3.5722482,-1.3872181,2
28673,-3.7342381,1.1464282,1
28674,-0.77681094,11.962928,9
28675,-5.262101,10.835862,7
28676,1.3254175,12.652414,9
28677,-0.38502207,10.486283,9
28678,10.1661005,3.8564315,6
28679,2.732133,4.4688,5
28680,10.803847,4.6363196,6
28681,-3.3950644,1.4863575,1
28682,1.5890659,7.570146,8
28683,-1.594556,14.793013,4
28684,3.5499809,-1.8219402,2
28685,4.1645284,-0.36808768,2
28686,2.3106647,-0.07671674,2
28687,-0.4438877,5.0608172,8
28688,-3.2663693,8.927519,7
28689,-0.7499014,10.322118,9
28690,16.035978,8.390545,0
28691,-1.3447948,14.597473,4
28692,14.759325,7.0566273,0
28693,5.911844,3.266751,3
28694,1.4007745,6.6920233,8
28695,-3.588176,0.15887703,1
28696,-4.397039,10.434784,7
28697,-4.240841,9.074599,7
28698,11.271597,5.192772,6
28699,-0.5410449,5.2213774,8
28700,-0.55743927,12.945705,4
28701,4.7061048,-0.66485626,2
28702,11.327583,4.4513073,6
28703,-1.6821539,14.165459,4
28704,10.836092,3.278762,6
28705,-1.6060472,14.040013,4
28706,-0.2643835,12.633239,4
28707,5.955368,3.621339,3
28708,10.5326605,2.1845355,6
28709,6.474258,3.9104238,3
28710,10.102081,2.4335895,8
28711,11.519736,4.835543,6
28712,2.8976474,5.8850327,8
28713,0.15310462,10.677546,9
28714,15.834487,6.5705466,0
28715,-0.3470954,10.567767,9
28716,5.8031936,6.1155834,3
28717,2.9900134,4.373344,5
28718,-3.2970226,-1.5978144,1
28719,-0.32805532,5.0335665,8
28720,0.98593634,11.368947,5
28721,11.03244,3.1338146,6
28722,1.8285091,12.275937,9
28723,-4.2880783,8.934711,7
28724,-1.3252189,-4.1475925,1
28725,15.210906,6.7995663,0
28726,0.80642706,6.344679,8
28727,11.049915,3.8079042,6
28728,11.673699,5.7681375,6
28729,-0.32222912,5.3090396,8
28730,-4.4858994,8.871472,7
28731,4.5270376,-0.5526869,2
28732,5.7239895,7.4229236,5
28733,11.164411,3.810845,6
28734,6.205532,4.822035,3
28735,5.8341765,3.8734977,3
28736,-1.986336,-3.4733028,1
28737,-0.5413038,10.34996,9
28738,-3.29096,-2.1316786,1
28739,-0.23228931,5.1360397,8
28740,16.171844,8.499649,0
28741,10.83255,4.0564666,6
28742,1.8075023,7.385926,8
28743,-3.0839262,0.851572,1
28744,2.2754176,-0.8427662,2
28745,-4.789192,9.696683,7
28746,14.290842,7.244807,0
28747,-1.0749165,13.760596,4
28748,4.3466964,7.281546,5
28749,-0.4088451,5.0702057,8
28750,1.5335616,11.869401,9
28751,-0.38132897,5.215186,8
28752,5.705261,5.705744,3
28753,-0.30284783,10.345275,9
28754,0.9329308,12.307178,9
28755,15.792172,6.71411,0
28756,10.477477,2.8139133,6
28757,6.0085545,3.3565488,3
28758,10.216604,4.384948,6
28759,5.950858,3.7211878,3
28760,6.659591,5.568888,3
28761,0.09285701,10.659754,9
28762,3.2816336,6.5027256,5
28763,15.301737,6.8331485,0
28764,-3.8425412,9.546461,7
28765,-0.6020883,10.026407,9
28766,0.94184494,5.943974,8
28767,-0.9549894,13.8936,4
28768,10.092898,3.254476,6
28769,-3.0863042,-0.07960975,1
28770,10.517029,3.0813303,5
28771,15.041246,5.9964466,0
28772,15.185559,7.48355,0
28773,6.453918,3.8796577,3
28774,-1.3129897,11.104201,9
28775,-4.2439365,9.07984,7
28776,10.75377,4.6547956,6
28777,2.8441157,4.3705397,5
28778,5.866916,6.5995154,3
28779,0.03637198,5.4135404,8
28780,1.8515867,-0.57548946,2
28781,-4.0624995,9.176804,7
28782,0.84866893,6.883403,8
28783,-4.8819637,9.86598,7
28784,14.138181,7.1033735,0
28785,-0.052371625,5.118434,8
28786,2.7556474,-1.3317382,2
28787,4.165656,-0.5783838,2
28788,10.378042,2.3197577,8
28789,-1.110327,10.463559,9
28790,-3.7300544,9.508031,7
28791,-4.757319,9.606129,7
28792,-3.3725982,-1.1079448,1
28793,-4.0311375,1.6280586,1
28794,-1.0681736,-4.189793,1
28795,4.492475,-0.48879823,2
28796,5.940033,6.089736,3
28797,11.524678,4.7830257,6
28798,10.108959,3.9053195,6
28799,-1.7929997,14.181965,4
28800,0.6891455,13.588546,4
28801,4.2127633,-0.31541237,2
28802,0.7113439,5.8167152,8
28803,5.951297,3.2942863,3
28804,-3.0867207,-2.2533536,1
28805,10.561016,3.0437446,6
28806,-0.6582383,12.793998,4
28807,11.157767,3.8322015,6
28808,-1.2234691,11.3736315,9
28809,15.465411,7.700846,0
28810,11.326712,6.339698,6
28811,4.780558,-0.8065636,2
28812,-4.409324,10.887721,7
28813,-0.15475355,5.134201,8
28814,14.251127,7.195052,0
28815,-3.8288424,0.73849076,1
28816,15.045931,8.271467,0
28817,11.373769,3.9347272,6
28818,14.755719,7.1899943,0
28819,-4.051594,1.2356945,1
28820,6.6836295,6.132915,3
28821,15.966418,7.074113,0
28822,-1.430674,-3.9759486,1
28823,-1.5752646,14.106788,4
28824,14.405382,6.7629056,0
28825,5.7812815,3.6319761,3
28826,6.064319,5.6282334,3
28827,-2.9759395,0.6073046,1
28828,-0.20179123,-4.5372643,1
28829,11.200817,3.6298175,6
28830,10.577969,3.872636,6
28831,-4.130798,1.1575437,1
28832,1.6443721,-0.4852294,2
28833,-1.0538357,10.36437,9
28834,-1.4221141,-2.5814805,1
28835,16.110746,8.594235,0
28836,-0.9101093,-4.50336,1
28837,-4.1586275,1.8575381,1
28838,2.180446,12.581373,9
28839,2.5504432,-0.1500021,2
28840,15.107909,6.0868096,0
28841,6.062609,3.9086976,3
28842,2.8483822,-0.3147434,2
28843,-1.9555848,15.165505,4
28844,3.9933984,0.77019304,2
28845,3.7481472,5.054782,5
28846,1.5667998,12.1279545,5
28847,11.866245,5.41298,6
28848,-4.893293,11.507533,7
28849,-4.5384912,8.412036,7
28850,10.141842,2.5307271,6
28851,-0.22903907,5.9162974,8
28852,-4.9504414,11.208938,7
28853,-0.98369855,9.684899,9
28854,3.0643537,6.4617724,5
28855,16.44452,7.293119,0
28856,2.4668887,7.4767585,8
28857,-3.9898314,2.178093,1
28858,5.8294,6.4962354,3
28859,4.376085,-0.72880334,2
28860,1.0705748,13.477037,4
28861,6.5871034,3.9712636,3
28862,-4.1115856,1.3585107,1
28863,-1.9491907,15.219939,4
28864,-4.420876,12.067561,7
28865,3.8457875,5.559098,5
28866,1.2252662,14.345933,4
28867,11.784087,4.555048,6
28868,3.5693083,-1.8638635,2
28869,-4.717166,8.464808,7
28870,10.590992,3.0216737,6
28871,0.24558625,6.2431855,8
28872,3.203411,-1.8369614,2
28873,-1.3866056,10.241237,9
28874,4.5945296,6.812478,5
28875,16.420856,7.450813,0
28876,10.544371,3.6423426,6
28877,-3.8367686,1.876273,1
28878,-2.055704,-1.2881405,1
28879,4.2532816,-0.63787735,2
28880,-3.5014646,10.8912525,7
28881,5.846219,3.5027597,3
28882,1.9567382,0.1978733,2
28883,11.790489,5.304557,6
28884,0.33674526,6.955407,8
28885,-4.0285363,8.104209,7
28886,3.5274777,5.8678827,5
28887,0.35146028,5.912203,8
28888,14.472986,6.588206,0
28889,-0.2064369,10.664702,9
28890,11.321786,3.997609,6
28891,0.42506337,6.235396,8
28892,0.6117962,6.1372194,8
28893,-2.6706412,0.015821937,1
28894,-0.8832764,-3.2197347,1
28895,16.208048,7.581963,0
28896,15.882531,6.56626,0
28897,-4.920661,8.747838,7
28898,11.565174,6.5587935,6
28899,3.9395676,5.3393917,5
28900,5.511554,4.6541343,3
28901,-3.6702769,1.9047774,1
28902,0.9315304,7.2363677,8
28903,0.23008072,6.4371986,8
28904,14.442647,8.511421,0
28905,11.802334,4.8481774,6
28906,-2.5012155,-3.343464,1
28907,-2.1422002,15.208322,4
28908,2.072957,12.780461,9
28909,-4.0572805,2.5511181,1
28910,14.637395,8.760311,0
28911,-1.0110795,9.907993,9
28912,10.505544,4.403014,6
28913,5.925098,4.0835757,3
28914,-0.30972165,13.472874,4
28915,1.3475688,6.394049,8
28916,5.4988384,4.7312775,3
28917,-1.7654661,15.196002,4
28918,4.5710535,7.6386547,5
28919,-1.8519901,15.18355,4
28920,4.0554113,-1.5546978,2
28921,-5.1314335,9.115609,7
28922,-2.3172863,-2.216379,1
28923,15.931721,6.922989,0
28924,4.1689734,7.3992443,5
28925,-3.6842723,1.2898962,1
28926,-4.248411,11.850404,7
28927,-0.88997597,10.150962,9
28928,0.70103174,11.168088,9
28929,4.31318,-0.69205946,2
28930,-5.0867677,12.115579,7
28931,0.69185,6.227318,8
28932,3.84906,-1.8180677,2
28933,-4.5637317,8.386024,7
28934,11.561954,4.927275,6
28935,0.4148976,6.383351,8
28936,6.147194,5.5951614,3
28937,4.712451,-1.0404744,2
28938,-0.4084654,12.933421,4
28939,4.4643745,6.699669,5
28940,0.94913465,6.7187843,8
28941,-1.377256,9.839928,9
28942,-1.5019592,13.827346,4
28943,11.432412,2.9754586,6
28944,2.8297207,0.2981094,2
28945,16.733694,7.125977,0
28946,15.806107,8.911127,0
28947,11.845441,5.1161127,6
28948,0.8343746,14.7816105,4
28949,3.9280274,6.1448956,5
28950,1.3661158,-0.6714975,2
28951,5.003935,7.2550983,5
28952,6.0683036,7.3483768,5
28953,6.0349336,4.672589,3
28954,1.9705484,-1.0878123,2
28955,5.8419437,5.3071933,3
28956,-3.4083743,9.878545,7
28957,6.2853656,5.5727334,3
28958,3.8980465,-0.15985017,2
28959,0.5377222,6.188379,8
28960,-1.161198,11.305036,9
28961,-3.8216197,1.5119231,1
28962,0.49789104,5.520734,8
28963,-2.1786935,15.121018,4
28964,-1.0920802,-2.8688831,1
28965,16.567629,7.482786,0
28966,10.271492,3.6265848,6
28967,11.631862,3.7225845,6
28968,14.401146,6.7076497,0
28969,-3.8882074,2.2725306,1
28970,-1.0102795,-3.9633946,1
28971,16.684547,7.7385225,0
28972,-4.4483066,12.060472,7
28973,16.233194,8.269751,0
28974,4.428591,7.2593617,5
28975,11.718176,3.8897252,6
28976,0.5109253,13.292312,4
28977,2.550186,-0.13209021,2
28978,9.893454,3.1339643,6
28979,-3.6567953,1.720201,1
28980,-1.7218884,14.579931,4
28981,-3.1871421,1.1657971,1
28982,-4.289286,11.467577,7
28983,5.7588773,4.4230685,3
28984,2.3597753,12.731245,9
28985,3.058591,-0.19973981,2
28986,-3.9799895,11.731127,7
28987,1.1845379,7.4523377,8
28988,2.9726236,12.203657,7
28989,0.037163362,6.962447,8
28990,-4.825217,12.31691,7
28991,-4.374583,8.464594,7
28992,15.2030325,8.808732,0
28993,15.805333,8.027717,0
28994,3.967589,7.083391,5
28995,5.858511,3.462125,3
28996,1.4481684,14.281629,4
28997,11.496927,3.6499448,6
28998,3.8226967,-1.8398484,2
28999,1.0926869,6.4314194,8
29000,3.1895502,-1.3347623,2
29001,-0.9741823,10.150749,9
29002,-3.4939706,9.574496,7
29003,-1.9130354,10.012945,9
29004,2.0087633,-0.5077932,2
29005,3.3519378,-0.65851086,2
29006,4.718983,6.6110353,5
29007,-2.0361328,15.029583,4
29008,3.3234692,6.235764,5
29009,-0.42633936,10.40146,9
29010,-0.8091631,12.131104,9
29011,-1.9315537,15.261133,4
29012,-4.587032,11.125729,9
29013,6.555958,3.7810965,3
29014,5.9465528,5.3635306,3
29015,11.715429,3.767753,6
29016,-0.46019122,4.9936347,8
29017,1.9688108,-0.15336274,2
29018,-0.16403152,11.823314,9
29019,2.2835448,-0.03367574,2
29020,10.528189,4.0507827,6
29021,4.3097076,6.549776,5
29022,0.20725165,7.1136975,8
29023,5.885784,4.397929,3
29024,-0.1481544,14.197603,4
29025,2.7485566,0.14678082,2
29026,1.2372825,7.617024,8
29027,4.666404,6.3061895,5
29028,10.150025,4.383978,6
29029,5.1574335,6.600017,5
29030,-1.7474498,-3.178047,1
29031,-1.5686253,9.629469,9
29032,-3.724899,10.708358,7
29033,-3.8944101,1.4998151,1
29034,14.676104,5.90759,0
29035,11.801955,4.7887073,6
29036,0.8216228,11.962557,9
29037,5.3232493,6.9622025,5
29038,2.8376858,4.498678,5
29039,15.582192,6.0808043,0
29040,-2.150928,-3.8529084,1
29041,-2.615996,9.330132,1
29042,5.8852887,4.7323933,3
29043,3.6674967,-0.8138856,2
29044,14.677289,6.653421,0
29045,5.9715796,5.7549467,3
29046,-0.11577291,12.972802,4
29047,-1.6148092,14.656177,4
29048,11.513594,3.9528272,6
29049,4.4305873,6.763434,5
29050,2.579661,-0.03738934,2
29051,-4.825764,10.390696,7
29052,14.976168,8.120933,0
29053,-0.41623577,5.778453,8
29054,0.7232461,14.923116,4
29055,16.830603,7.1489153,0
29056,14.255185,8.267332,0
29057,-4.305162,1.0449474,1
29058,4.5815196,6.916406,5
29059,4.3805017,-1.1374245,2
29060,3.9890225,-1.0170858,2
29061,4.7930255,4.662694,3
29062,-1.5063405,-2.771261,1
29063,-1.1035848,14.832269,4
29064,2.3708172,-0.8954098,2
29065,3.6696575,7.2683196,5
29066,5.2488112,7.392004,5
29067,15.710464,6.254202,0
29068,-2.2597835,-3.4976873,1
29069,-3.1581247,0.97552204,1
29070,0.25387123,6.683933,8
29071,3.807264,-0.21972488,2
29072,0.2314804,12.07879,9
29073,5.522541,4.0046487,3
29074,15.441988,7.411562,0
29075,-1.8917294,14.668736,4
29076,3.454983,6.026179,5
29077,2.569594,4.8889656,5
29078,-1.2509825,11.514429,9
29079,11.179283,3.9291704,6
29080,-1.2719823,-4.0091133,1
29081,4.26735,-1.0040742,2
29082,1.423973,6.826865,8
29083,-4.217408,1.3618876,1
29084,0.4734975,11.633945,9
29085,2.6640916,-0.64825714,2
29086,-1.1187111,-3.9454122,1
29087,-3.961616,2.551841,1
29088,-1.4813862,-2.4772837,1
29089,6.749064,4.5696783,3
29090,0.4302808,6.850634,8
29091,-1.1145513,10.920872,9
29092,1.8460732,7.164086,8
29093,-1.2316905,10.093118,9
29094,5.435494,6.3337383,3
29095,-0.4120206,5.9186463,8
29096,11.310665,4.5173197,6
29097,5.671385,4.6900506,3
29098,-1.8010219,-1.719379,1
29099,-4.303596,9.435478,7
29100,3.792563,6.797967,5
29101,15.579814,7.6764684,0
29102,14.912896,7.6247225,0
29103,-5.0121,10.049743,7
29104,5.935251,4.3242846,3
29105,-3.3210328,9.129231,7
29106,3.8327148,-1.5109655,2
29107,2.3789215,4.433891,5
29108,1.3067696,12.143888,9
29109,-4.222676,2.0558453,7
29110,0.6190265,12.2023735,9
29111,-0.68676233,10.306784,9
29112,4.0582566,6.4766974,5
29113,-0.48542747,10.107323,9
29114,-2.467847,-1.1198447,1
29115,-1.5359454,14.494444,4
29116,0.7728768,7.090317,8
29117,-4.643366,9.289957,7
29118,0.5032101,5.734676,8
29119,15.669781,5.9636517,0
29120,4.7039876,7.966165,5
29121,6.9051247,4.2696505,3
29122,-1.3052828,12.663566,4
29123,-1.3913211,14.55454,4
29124,0.85502017,11.474773,9
29125,-3.5656884,1.5669171,1
29126,2.2488782,7.476664,8
29127,-4.177949,9.42706,7
29128,14.416438,8.07398,0
29129,3.8800223,5.536252,5
29130,-0.4442017,13.019549,4
29131,0.11868363,7.399396,8
29132,11.228428,5.95582,8
29133,-4.336592,0.90223944,1
29134,0.44072464,12.1649065,9
29135,-0.96603775,14.54704,4
29136,10.253182,3.300695,6
29137,-1.3390579,10.581117,9
29138,10.211822,4.643576,6
29139,-0.62060136,5.836044,8
29140,11.051228,3.5636961,6
29141,-1.6128342,15.006522,4
29142,0.027352411,7.3940616,8
29143,-4.07485,1.848987,1
29144,-3.8512573,9.859273,7
29145,-0.79603404,6.3992023,8
29146,5.592181,4.624645,3
29147,10.860083,4.019063,6
29148,14.825161,8.705362,0
29149,11.32785,3.3460102,6
29150,3.845462,6.628909,5
29151,15.81659,5.9983172,0
29152,3.4339676,-1.2471448,2
29153,4.843178,4.6277204,3
29154,0.5464938,12.441344,9
29155,3.610048,6.639687,5
29156,3.1752636,6.7601776,5
29157,2.6027772,4.919071,5
29158,5.390056,4.7133074,3
29159,-4.433367,9.188334,7
29160,11.477903,6.300549,6
29161,0.028447406,10.8327055,9
29162,0.40247872,5.7965455,8
29163,11.012683,2.63278,6
29164,0.4098814,6.189212,8
29165,-1.0954964,10.636644,9
29166,0.49740732,14.673736,4
29167,3.7244747,0.04181327,2
29168,1.2973249,11.61317,9
29169,10.415287,2.6867106,6
29170,-0.8931394,11.486536,9
29171,2.8457053,-0.64860684,2
29172,1.4268395,7.692619,8
29173,-4.1367745,2.527352,1
29174,5.091151,7.0781436,5
29175,4.5673733,-0.5670121,2
29176,1.6103951,-0.47319523,2
29177,16.41672,7.4238887,0
29178,0.7589165,6.195219,8
29179,-0.8812332,5.0208893,8
29180,-2.014479,9.33676,9
29181,6.3699627,3.8188493,3
29182,6.722737,4.668017,3
29183,-0.65206766,6.1676564,8
29184,-4.93614,10.6445675,7
29185,5.548632,4.4319987,3
29186,-3.7342765,11.025531,7
29187,15.611269,8.052187,0
29188,3.9901953,-1.1605712,2
29189,3.5812376,5.305737,8
29190,14.781456,8.451318,0
29191,-4.799505,8.833513,7
29192,0.49777552,6.680492,8
29193,-1.8310571,14.938962,4
29194,2.2954178,7.000116,8
29195,-1.0604879,9.883985,9
29196,0.30332333,12.10274,4
29197,3.4675515,4.820467,5
29198,0.4628539,6.1511397,8
29199,15.827916,7.944077,0
29200,2.2483706,-0.69053257,2
29201,-4.3181925,1.103423,9
29202,-3.6814046,11.408236,7
29203,16.465536,7.361925,0
29204,3.6349967,6.501771,5
29205,15.919383,8.4159155,0
29206,-1.1413794,-4.024669,4
29207,-1.3873934,13.941934,4
29208,-0.47198632,5.3191137,8
29209,11.217726,3.0656493,6
29210,-3.7473884,9.776751,7
29211,15.434556,8.588486,0
29212,-5.439546,12.111488,7
29213,-0.30283332,10.385413,9
29214,-1.9940016,-1.8503367,1
29215,-4.327637,1.0006421,1
29216,11.341392,5.0676126,6
29217,11.650419,4.365132,6
29218,1.7373828,14.355786,4
29219,4.5908527,-1.0995704,2
29220,3.0472465,-1.5144713,2
29221,11.390057,2.772258,6
29222,-2.86837,-0.50562996,1
29223,-0.7196677,5.1099825,8
29224,6.3066134,6.5873713,3
29225,6.0325933,3.7797163,3
29226,10.249804,2.3804018,6
29227,-4.1280503,0.32539347,1
29228,1.0343798,14.255903,4
29229,-0.6445615,5.885865,8
29230,15.063236,8.512578,0
29231,5.902883,3.5916681,3
29232,6.989358,6.0581727,3
29233,-4.033905,1.6662382,1
29234,-0.61535245,11.234057,9
29235,16.100193,7.191636,0
29236,-1.4793184,11.722122,9
29237,5.9257145,3.2680066,3
29238,-4.3042426,10.0756,7
29239,-3.9235458,1.5044311,1
29240,3.302615,0.29976812,2
29241,-1.8686231,13.817577,4
29242,-4.0195727,0.6720979,1
29243,15.9275255,8.488596,0
29244,4.1336546,-1.3635409,2
29245,-2.2782252,-1.7667378,1
29246,6.4821153,6.793619,3
29247,4.1088915,-0.9575614,2
29248,2.7237525,5.493054,5
29249,6.2179847,6.3821507,3
29250,14.907208,6.920569,0
29251,0.1156886,14.503153,4
29252,-1.6061062,13.377119,4
29253,4.2746644,5.8839307,5
29254,1.471124,7.038947,8
29255,11.729292,5.3758826,6
29256,0.32091758,14.078416,4
29257,-5.2213397,11.571751,7
29258,-0.053160775,13.392949,4
29259,-0.11197111,6.8806148,8
29260,-0.99427146,-3.6303995,1
29261,-0.27392593,11.107059,9
29262,14.998455,8.075584,0
29263,15.91963,8.456998,0
29264,9.926784,3.6641562,5
29265,-3.0903773,-1.1757344,1
29266,5.5496383,5.580247,3
29267,3.8784244,-0.90947634,2
29268,4.6241217,7.1500897,5
29269,6.0659556,5.348104,3
29270,6.1042123,5.874657,3
29271,-0.027667012,14.634717,4
29272,10.806516,4.5751905,6
29273,3.282041,5.089552,5
29274,-2.9670799,-0.15108256,1
29275,11.629867,4.960137,6
29276,0.1736772,6.3298445,8
29277,-4.730974,10.080965,7
29278,-1.019752,-3.560134,1
29279,0.37620327,6.746974,8
29280,0.99693227,6.6452775,8
29281,-0.5631158,10.681704,9
29282,-4.087949,8.540852,7
29283,16.491392,7.4501705,0
29284,-2.7198882,-3.318536,1
29285,-3.8625605,0.9519275,1
29286,-1.7879037,10.951184,9
29287,4.0492034,-0.8188543,2
29288,-2.5079186,-2.6684673,1
29289,6.9387016,5.0643125,3
29290,2.2935345,-0.96458566,2
29291,-1.1133555,14.223274,4
29292,1.2549164,11.99359,9
29293,3.7616205,5.1438665,5
29294,6.5663395,6.8467326,3
29295,11.596772,5.00651,6
29296,-3.4789257,9.607537,7
29297,-4.5794106,10.271426,7
29298,-3.8197417,10.21017,7
29299,0.5663315,6.4321504,8
29300,5.5358124,5.323555,3
29301,0.46289518,11.258487,9
29302,0.36399442,11.87326,9
29303,0.5851364,7.300015,8
29304,5.780887,4.130916,3
29305,0.34478348,11.465844,9
29306,0.6832663,6.4044294,8
29307,3.6623285,5.3157196,5
29308,5.526892,4.397013,5
29309,-5.119827,11.110801,7
29310,3.1317053,6.687147,5
29311,11.17816,5.771567,0
29312,2.1526258,-1.1147444,2
29313,7.1259394,5.0929093,3
29314,3.4722211,0.010950206,2
29315,-3.7742147,-0.2952692,1
29316,3.5794015,7.0652213,5
29317,11.560019,4.951554,6
29318,-0.3468185,11.782192,9
29319,0.32322943,6.2358656,8
29320,-3.9134521,9.483908,1
29321,-0.15534665,14.885306,4
29322,-0.7060587,12.197491,9
29323,-3.1652067,0.31248057,1
29324,-4.5671587,11.668613,7
29325,-4.4267426,9.950691,7
29326,0.55609006,13.724077,7
29327,10.989883,4.1740084,6
29328,1.3894131,11.836149,9
29329,3.3965678,5.5034404,5
29330,10.162881,2.4347456,6
29331,11.102683,4.0317655,6
29332,-1.1251974,11.608649,9
29333,-4.6843143,10.049997,7
29334,2.5125675,-1.1642708,2
29335,0.15950894,6.129459,8
29336,15.486635,8.16726,0
29337,-3.9510205,0.26037422,1
29338,-3.4214559,11.104948,7
29339,-0.747318,15.034726,4
29340,0.10594989,13.187752,4
29341,15.6095915,7.3739376,0
29342,0.5041361,6.0250154,8
29343,3.243086,5.2347455,5
29344,2.9053762,5.7826166,5
29345,16.580105,8.111056,0
29346,-1.026499,10.991681,9
29347,-2.9740577,-1.1178159,1
29348,5.846574,7.7001133,5
29349,-0.32897937,10.99191,9
29350,11.644844,5.9722977,6
29351,3.8284717,-0.81043047,2
29352,6.196218,6.507569,3
29353,6.012182,5.938546,3
29354,2.7017827,4.7024207,5
29355,3.422484,-0.99555254,2
29356,6.440473,4.1940565,3
29357,6.0713897,5.214373,3
29358,-0.87137175,12.7196,4
29359,3.0282576,5.1270943,5
29360,0.16451295,7.0352573,8
29361,4.225764,5.8411884,5
29362,11.571489,6.2626777,6
29363,-4.8080983,10.893272,7
29364,15.705531,7.414587,0
29365,-0.21565919,6.8852057,8
29366,6.5968328,4.946951,3
29367,-1.8173573,14.63041,4
29368,16.444319,7.947509,0
29369,0.97653574,11.679971,9
29370,10.529509,4.627601,6
29371,-0.9825799,10.894393,9
29372,-0.260647,12.943431,4
29373,-4.583807,10.77023,7
29374,14.231133,6.721968,0
29375,-3.1742773,-1.5795655,1
29376,-3.6291163,10.397121,7
29377,-3.865733,-0.20996457,1
29378,15.888249,7.009732,0
29379,-0.9322704,11.479833,9
29380,11.467551,6.3601484,6
29381,0.30799598,6.509652,8
29382,-3.1792634,10.138046,7
29383,6.734404,4.4637513,3
29384,3.600783,6.545323,5
29385,-1.1401725,14.070664,4
29386,14.481559,8.477289,0
29387,0.19632873,6.54306,8
29388,14.176309,6.3886714,0
29389,11.569595,4.4587097,6
29390,2.1878932,12.404439,9
29391,7.0879364,5.1222744,3
29392,11.337429,6.3262553,6
29393,0.5773088,6.344401,8
29394,14.472139,7.027104,0
29395,15.770411,8.018333,0
29396,-1.4138889,-2.3028533,1
29397,-0.2547016,11.137657,9
29398,5.811301,4.712031,3
29399,11.401797,4.6659913,6
29400,2.2221727,12.589415,9
29401,3.9857202,-0.8732735,2
29402,0.9891514,6.495572,8
29403,-2.520325,-0.28330377,1
29404,3.283329,6.838345,5
29405,16.254786,8.145588,0
29406,-0.649402,10.757798,9
29407,-2.5513163,-1.9618653,1
29408,1.7939997,-0.6219894,2
29409,15.550874,8.2278,0
29410,4.656933,6.7173505,5
29411,10.722996,4.4213257,6
29412,-3.5865805,10.812057,7
29413,3.5016623,-0.88907164,2
29414,15.747833,8.493217,0
29415,6.5107055,4.593014,3
29416,-2.1537118,-1.0005835,1
29417,0.6183522,6.7569785,8
29418,-0.31783232,13.167727,4
29419,-0.64918786,11.528516,9
29420,14.237582,7.495784,0
29421,16.226418,8.016079,0
29422,0.7014264,7.4083796,8
29423,-4.6125245,10.752847,7
29424,11.274313,5.719202,6
29425,3.394692,-0.30103892,2
29426,0.8451827,12.095227,9
29427,6.3066335,5.719153,3
29428,-3.2771735,-0.47855565,1
29429,-0.78485024,14.095468,4
29430,-3.8737032,1.9354389,1
29431,0.016690202,6.3779936,8
29432,-3.941385,8.886329,7
29433,3.241845,5.1718545,5
29434,1.8642641,-1.1239914,1
29435,-1.0629969,15.071319,4
29436,-4.095475,11.434761,7
29437,11.258837,5.0561438,6
29438,15.4089775,6.2808447,0
29439,10.635525,4.06901,6
29440,-3.2765377,9.16443,7
29441,11.311669,4.899005,6
29442,1.1093094,14.399701,4
29443,-4.1443663,10.671932,7
29444,0.21797185,13.00578,4
29445,-0.14180532,11.210694,9
29446,14.65295,7.251426,0
29447,-2.216901,-1.5686885,1
29448,-1.849518,-3.42953,1
29449,3.7959747,-0.81945246,2
29450,-5.1087384,10.741119,7
29451,-3.2403219,-0.14122538,1
29452,-4.5429406,9.945717,7
29453,3.8219783,-1.0736272,2
29454,10.065755,3.2880452,6
29455,11.305468,4.827335,6
29456,14.565757,7.705703,0
29457,3.0159967,6.103167,5
29458,5.714011,6.5160203,3
29459,6.812016,4.5601025,3
29460,11.114376,4.7668185,6
29461,-0.861112,14.573343,4
29462,5.731804,7.040019,5
29463,-5.0250072,11.054627,7
29464,5.763616,3.3613546,3
29465,-0.89042455,10.917381,9
29466,2.9182498,-0.664217,2
29467,-0.54046714,14.86273,4
29468,14.765904,7.263089,0
29469,15.823393,6.9485555,0
29470,-3.3797894,11.11711,7
29471,15.334039,7.784442,0
29472,2.0532513,12.805239,9
29473,3.7905555,5.2158012,5
29474,14.7480135,6.6020637,0
29475,-0.29105458,11.108122,9
29476,-3.854043,-0.6024809,3
29477,15.050641,7.969005,0
29478,14.267717,7.96268,0
29479,-1.8261336,-2.5452683,1
29480,-2.6418695,-2.2053335,1
29481,1.8066164,-0.57522523,2
29482,-5.0632596,10.628126,7
29483,5.343293,5.240391,3
29484,-0.12196469,14.847011,4
29485,0.3787514,14.007764,4
29486,0.5340876,12.165375,9
29487,4.2876024,6.7889266,5
29488,15.109414,7.4173193,0
29489,11.542445,6.139483,6
29490,14.60622,7.5292926,0
29491,-4.3351603,11.356816,7
29492,1.32685,12.519867,9
29493,1.0946934,6.02748,8
29494,0.32300395,6.344692,8
29495,-0.022807604,11.622093,9
29496,1.9566585,-0.61903095,2
29497,14.942435,7.2979026,0
29498,14.971999,7.053184,0
29499,-1.9459862,-1.9816498,1
29500,2.0757504,-0.9494919,2
29501,1.6737219,-0.54523724,2
29502,1.1155173,12.213817,9
29503,1.4012529,14.524376,4
29504,6.131987,6.2999473,3
29505,5.336588,7.5012937,5
29506,7.0377474,5.149669,3
29507,11.223403,4.7833443,6
29508,-3.1456132,10.112913,7
29509,-4.6151557,10.54695,7
29510,3.0779917,0.25430304,2
29511,1.3655668,6.4681463,8
29512,-5.0507097,11.266168,7
29513,0.8304694,11.59122,9
29514,-0.9188801,-4.1300426,1
29515,14.876271,7.7771916,0
29516,-4.366942,11.403242,7
29517,-1.9130801,-1.449144,1
29518,-3.379292,-1.6848416,1
29519,2.054748,-0.37686613,2
29520,14.766154,6.6699195,0
29521,6.563334,3.9884763,3
29522,-0.68611336,-4.342946,1
29523,-0.6830655,14.496289,4
29524,3.7433045,6.2331047,5
29525,4.8217816,6.501638,5
29526,10.945163,5.498333,6
29527,11.132106,5.011285,6
29528,6.539011,5.5969663,3
29529,-4.7496586,11.205841,7
29530,0.8591011,14.282057,4
29531,0.70339495,6.5639396,8
29532,-2.1620023,-2.8305187,1
29533,0.1392336,11.285867,9
29534,4.267927,7.6277747,5
29535,1.5036722,6.8807273,8
29536,0.9805199,12.059922,9
29537,10.311961,4.993566,6
29538,-0.4648348,12.833074,4
29539,4.8865275,6.9826875,5
29540,14.76287,7.385353,0
29541,14.361141,7.5000362,0
29542,1.3422724,13.812327,4
29543,10.688152,5.3030887,6
29544,-1.5406502,-3.7642899,1
29545,1.1670753,6.6926546,8
29546,2.1100886,-0.5384396,2
29547,-0.009605199,11.602007,9
29548,11.516243,3.3434436,6
29549,-1.1118667,13.723918,4
29550,-1.5259049,13.169889,4
29551,-2.054223,-1.1220638,1
29552,-1.2184633,11.345294,9
29553,-0.19539799,11.504855,9
29554,10.003895,3.1510932,6
29555,4.2292433,6.7176337,5
29556,-0.99124056,-3.0373414,1
29557,7.0053577,4.6154795,3
29558,0.30004594,13.791471,4
29559,15.4009075,6.64793,0
29560,14.550494,7.3107934,0
29561,-1.1664633,13.789107,4
29562,14.461118,6.04766,0
29563,0.79181165,7.0028524,8
29564,15.234489,8.946302,0
29565,0.20132361,11.305076,9
29566,0.6556689,13.909382,4
29567,-2.0394735,-1.1328288,1
29568,10.337806,4.6466246,6
29569,4.3227777,6.766963,5
29570,10.97761,5.598138,0
29571,4.5273395,6.672468,5
29572,3.4994788,6.473773,5
29573,1.9675238,-0.09790766,2
29574,-0.44860035,14.043362,4
29575,-2.1785848,-0.83409554,1
29576,0.01714367,5.5921235,8
29577,-0.5356061,13.791796,4
29578,14.522572,8.529287,0
29579,14.632513,6.2068057,0
29580,0.45354083,12.069568,9
29581,-3.591926,10.571901,7
29582,-3.191497,10.074645,7
29583,10.869332,4.031493,6
29584,-1.5023918,14.2454405,4
29585,14.915907,6.6334133,0
29586,-2.3247876,-3.1913617,1
29587,-3.2270248,-1.76058,1
29588,-1.2658128,14.56119,4
29589,0.051976424,7.1266465,8
29590,-0.800041,13.30991,4
29591,1.3686879,11.706644,9
29592,-3.7113547,11.471179,7
29593,0.41383493,14.965825,4
29594,1.8400221,-1.3798311,2
29595,-5.16384,11.517444,7
29596,0.7922123,6.839993,8
29597,11.015619,4.447621,6
29598,-1.3699723,-2.2957642,1
29599,14.87538,7.423592,0
29600,0.7876784,14.346695,4
29601,1.0965018,6.524272,8
29602,6.427985,4.687042,3
29603,-3.0574543,-2.1672802,1
29604,1.9387134,6.9938755,8
29605,-4.0364327,10.593346,7
29606,-0.12888679,13.49169,4
29607,-4.509999,10.286774,7
29608,5.437145,4.1334987,3
29609,-1.7805654,-0.9321868,1
29610,5.6412086,3.8863251,3
29611,2.0891004,0.015628789,2
29612,2.9445457,-0.24991186,2
29613,6.7305884,4.173019,3
29614,14.987884,7.5495467,0
29615,-2.3089318,-0.70111555,1
29616,2.9263563,5.7313457,5
29617,-1.3878155,14.159528,4
29618,0.92631686,7.222666,8
29619,4.2697673,-0.97351867,2
29620,10.825474,3.7840092,6
29621,15.736532,6.654588,0
29622,11.0723715,5.6084685,6
29623,16.580933,7.7800775,0
29624,4.337953,-1.7299622,2
29625,-4.3065515,10.182042,7
29626,4.7197213,-1.3569595,2
29627,0.46784684,6.2059073,8
29628,-2.1517603,-2.7075455,1
29629,0.023742724,6.2163005,8
29630,11.48291,6.3865957,6
29631,-2.0618052,14.389913,4
29632,-3.2505267,10.769906,7
29633,-5.3089857,11.314522,7
29634,5.8372636,7.7474947,8
29635,4.505018,-1.091459,2
29636,6.224109,5.994248,3
29637,4.0099783,6.1209397,5
29638,-1.5448958,9.925853,4
29639,11.180899,3.2365568,6
29640,2.6691353,-1.4147017,2
29641,6.530856,3.7339296,3
29642,6.9301453,5.6354117,3
29643,11.734237,3.855682,6
29644,10.099831,3.8862183,6
29645,-2.0014648,14.354913,4
29646,1.8166937,-0.6829247,2
29647,11.300932,2.738452,6
29648,4.51798,7.10703,5
29649,4.1286287,6.344051,5
29650,6.635908,5.0117645,3
29651,-3.5594902,-0.5532559,1
29652,-4.767941,9.121217,7
29653,6.888334,4.3425145,3
29654,4.2287793,-1.3801678,2
29655,-0.9002798,10.824047,9
29656,1.0189884,7.3499556,8
29657,3.3250546,-0.66025466,2
29658,-1.253206,-4.042035,1
29659,4.72448,6.1487556,5
29660,0.32650784,12.134955,9
29661,-4.184735,10.106173,7
29662,1.4695741,-0.4669142,2
29663,-1.4881908,9.913133,9
29664,14.645127,8.876453,0
29665,0.38058832,5.930674,8
29666,-2.4209487,-3.0047612,1
29667,4.7381735,-1.2938052,2
29668,-1.5033895,-2.1349063,1
29669,-3.7887955,1.0568243,1
29670,5.303812,5.2154183,3
29671,6.522724,3.916052,3
29672,-2.6987793,8.702709,9
29673,-3.22293,0.70316803,1
29674,2.0059736,-0.5697538,2
29675,6.799557,4.5081177,3
29676,14.027874,6.0474205,0
29677,15.569973,8.020783,0
29678,0.098355174,6.597915,8
29679,-3.2175174,-1.2727166,1
29680,1.4902464,6.6527114,8
29681,2.828266,-1.322783,2
29682,10.915149,3.4374988,6
29683,0.07601799,14.575276,4
29684,14.813409,7.6719275,0
29685,3.2239652,6.499194,5
29686,10.983084,5.39394,6
29687,10.084996,3.2181501,6
29688,-0.11200452,13.12232,4
29689,-4.4000387,10.571083,7
29690,0.04205156,14.474218,4
29691,-0.3326012,6.0598936,8
29692,-0.83257216,13.569098,4
29693,-0.79845375,11.857203,9
29694,3.4940681,0.68088746,7
29695,15.471184,8.76848,0
29696,3.7084122,6.613567,5
29697,-4.1308875,0.5439727,1
29698,3.207879,-0.3298404,2
29699,3.9553213,-0.86826515,2
29700,0.64742845,5.6033754,8
29701,5.834166,3.9819763,3
29702,1.044497,6.1404305,8
29703,-1.8842843,14.420648,4
29704,14.165633,5.768825,0
29705,3.3512728,5.6819515,5
29706,14.40717,6.6534057,0
29707,10.068234,2.3567367,6
29708,4.3225636,6.5479255,5
29709,-5.0190754,10.665537,7
29710,-0.6208839,11.853941,9
29711,-0.32163695,5.139543,8
29712,2.762594,5.97491,5
29713,16.303532,7.8517046,0
29714,-3.4070528,10.636736,7
29715,-3.9831376,1.4570956,1
29716,2.4950366,-0.28043306,2
29717,2.6461456,-0.29900938,2
29718,14.715816,6.943007,0
29719,5.4008856,4.5486317,3
29720,3.1709394,-0.30571562,2
29721,-1.8037423,13.622002,4
29722,-0.46132818,6.732319,8
29723,2.33041,4.4608397,5
29724,1.2173158,12.127499,9
29725,10.483989,2.2117383,6
29726,3.8326564,-1.0875978,2
29727,-3.9451542,9.389909,7
29728,10.229862,2.4883518,6
29729,-0.7567259,5.3091316,8
29730,3.6297636,0.6957699,7
29731,-2.3521519,10.849506,9
29732,14.991603,8.252134,0
29733,-3.527603,9.31694,7
29734,2.4106524,-1.2504128,2
29735,2.9235098,-0.8979021,2
29736,14.4945545,6.1155057,0
29737,-1.1620207,11.301893,9
29738,-1.1518838,11.770287,9
29739,-0.8911139,14.639021,4
29740,-2.1465027,-1.4999666,1
29741,3.6804085,-0.9947408,2
29742,0.9333866,14.261247,4
29743,-0.9668824,10.589385,9
29744,0.30288813,13.33163,4
29745,-0.53779656,5.9650474,8
29746,-0.61887735,-3.8876593,1
29747,-2.0511863,14.714485,4
29748,4.64666,6.9707828,5
29749,2.6843603,5.428175,5
29750,14.86313,5.9967,0
29751,-0.7368474,5.5816255,8
29752,-0.39318186,11.790449,9
29753,-0.6429375,5.2831564,8
29754,1.0810714,13.986513,4
29755,15.695554,6.1243215,0
29756,-3.7155247,10.915375,7
29757,3.937241,6.6236978,3
29758,10.1307745,4.117005,6
29759,2.4154873,4.863014,5
29760,3.3295872,5.6924605,5
29761,-1.2735589,15.039709,4
29762,-4.176911,10.414405,7
29763,5.4133744,4.003461,3
29764,1.6777419,14.08758,4
29765,5.434886,3.746883,3
29766,11.357769,5.1696167,6
29767,-2.0175283,15.149766,4
29768,10.151981,3.3438725,6
29769,10.5414915,3.6406987,6
29770,2.2704313,-0.102829404,2
29771,3.7278342,6.0428567,5
29772,15.168371,6.873101,0
29773,-3.7810376,0.80699927,1
29774,10.761812,4.9293504,6
29775,-4.093224,10.450799,7
29776,11.5055,6.006818,6
29777,0.18141411,5.661177,8
29778,1.2400128,11.81201,9
29779,-0.9030855,14.963034,4
29780,-0.061771948,5.6068525,8
29781,2.8102531,5.4728847,5
29782,0.15427388,6.8007503,8
29783,-4.231291,9.775154,7
29784,4.018442,-1.4045317,2
29785,5.431399,4.1363125,3
29786,-3.1638355,10.116939,7
29787,2.5522676,5.145847,5
29788,-2.1589332,14.345338,4
29789,3.668377,-0.913553,2
29790,5.0550847,7.5238814,5
29791,4.884608,4.604669,3
29792,-0.8812334,14.798139,4
29793,11.000314,2.602233,6
29794,0.20979036,14.821564,4
29795,10.369652,3.1036787,6
29796,-5.04969,10.912552,7
29797,-3.8337479,9.774155,7
29798,0.49988517,6.251501,8
29799,-3.6377778,9.014723,7
29800,5.0023813,4.410883,3
29801,-3.3141556,10.020837,7
29802,-1.7379022,11.3794155,9
29803,10.006737,2.7901218,6
29804,5.3728027,6.8803625,5
29805,15.14476,7.721933,0
29806,-3.9587057,8.836025,7
29807,-2.8235958,0.14043185,1
29808,-0.035594255,11.879662,9
29809,15.258847,7.6665125,0
29810,-1.7953868,-3.048079,1
29811,-3.0239925,0.59502846,1
29812,-2.4006162,-2.796652,1
29813,10.308584,2.8023982,6
29814,-0.19029303,13.334673,4
29815,3.1806467,5.745403,5
29816,6.42986,4.9529147,3
29817,3.4900784,6.1707172,5
29818,-1.2979965,12.44215,4
29819,4.097827,-0.6017069,2
29820,-0.032806553,14.156205,4
29821,-0.7416795,11.9341345,9
29822,0.34852347,11.210156,9
29823,5.42966,3.9879253,3
29824,0.27392486,12.317212,9
29825,-3.7965274,0.56031644,1
29826,-5.089718,11.649929,7
29827,-2.6175354,9.590168,4
29828,-0.90953946,-3.631973,1
29829,-0.24004704,5.2833033,8
29830,10.538595,4.946774,5
29831,-0.011917159,5.153321,8
29832,14.907204,7.311902,6
29833,-4.082506,9.219733,7
29834,6.0600934,7.60532,5
29835,10.224331,2.6155195,6
29836,10.950358,4.3011518,6
29837,3.2552683,0.2794397,2
29838,10.486454,4.474135,6
29839,3.2911494,0.62903506,2
29840,-3.8953347,-0.2815708,1
29841,-1.476236,11.293342,9
29842,3.5955925,6.7630796,5
29843,10.075126,2.4017725,6
29844,5.645979,6.054302,3
29845,2.7082994,5.330071,5
29846,-0.3539339,11.821948,9
29847,-0.26652336,11.370134,9
29848,14.4795475,7.9409842,0
29849,-3.8565238,0.6293928,1
29850,-4.223643,10.153978,7
29851,2.6702769,-0.5333206,2
29852,3.150305,6.43701,5
29853,2.1616077,0.21555895,2
29854,1.4147246,14.553639,4
29855,-3.586024,9.709887,7
29856,0.16960146,11.083388,9
29857,-0.7272205,10.903378,9
29858,1.2903339,6.134398,8
29859,-3.50344,9.74629,7
29860,14.444944,8.30715,0
29861,-1.7057897,10.625412,9
29862,14.990498,8.193611,0
29863,-0.113809,5.9423957,8
29864,-0.73239464,13.13863,4
29865,-1.7644187,10.130306,9
29866,-0.73519325,13.667289,4
29867,-4.040395,8.778922,7
29868,-3.8755221,-0.21285573,9
29869,14.458542,7.7735314,0
29870,4.9334626,6.444497,5
29871,3.720421,5.3021555,5
29872,11.690172,6.434772,6
29873,15.736796,8.642076,0
29874,-1.6831046,11.248602,9
29875,5.889633,3.9161346,3
29876,2.0762405,-0.122986704,2
29877,-0.1971578,5.3277197,8
29878,0.90424275,12.341216,9
29879,-1.8971294,14.100185,4
29880,2.8822982,5.724359,5
29881,10.043493,2.3621902,6
29882,6.7185936,4.1930923,3
29883,-3.1693645,0.9058105,1
29884,1.1757773,14.27144,4
29885,-1.8823364,14.660136,4
29886,1.6979839,7.655985,8
29887,15.474757,8.116635,0
29888,-5.0435467,12.239127,7
29889,5.4167457,4.2070923,3
29890,5.118675,5.9395366,5
29891,9.916809,3.8421013,6
29892,4.8301373,6.921689,5
29893,4.0026703,-0.89539653,2
29894,5.3328304,5.2399654,3
29895,14.975527,6.734425,0
29896,4.9714622,5.170553,3
29897,-3.9332151,1.6946983,1
29898,0.42804456,13.995796,4
29899,5.874874,3.8263478,3
29900,-5.354664,9.858408,7
29901,-4.238281,0.72369146,1
29902,-3.0077636,-2.1249387,1
29903,3.8185992,6.015701,0
29904,4.178921,-1.7804009,2
29905,-1.9897455,9.745641,9
29906,1.4884914,-0.6439096,2
29907,16.293793,6.647349,0
29908,-5.196581,12.152441,7
29909,-3.9691854,1.0956298,1
29910,0.103029214,13.861788,4
29911,4.660862,-0.5847335,2
29912,4.783262,7.5584054,5
29913,6.0321436,5.21117,3
29914,0.70067126,14.396536,4
29915,3.0463104,5.359061,5
29916,3.9533515,6.8606153,5
29917,11.1290455,3.6423726,6
29918,14.672491,7.495117,0
29919,-4.1601977,10.622647,7
29920,-3.8592587,8.488958,7
29921,-0.8052296,5.8365707,8
29922,-1.2379056,13.208163,4
29923,-1.024623,10.150139,9
29924,4.409099,6.958986,5
29925,16.76061,7.151523,0
29926,14.062098,6.8510127,0
29927,-3.6911318,1.8702824,1
29928,11.515543,6.1175303,6
29929,-1.257466,15.324949,4
29930,3.8066201,-1.9071859,2
29931,-3.7029464,8.296429,7
29932,2.775199,-0.29209226,2
29933,-0.6251612,5.027577,8
29934,15.20462,7.21391,0
29935,-1.6516831,9.742094,9
29936,5.2219,5.339719,3
29937,16.32627,6.6053357,0
29938,5.537612,4.0329027,9
29939,-4.014385,1.8939685,1
29940,9.889841,3.0937347,5
29941,-4.207522,1.9999151,4
29942,0.7101675,13.760931,4
29943,-3.5297408,8.522607,7
29944,10.761235,4.549531,6
29945,-0.8678,5.0805225,8
29946,-0.5010086,12.942338,4
29947,-1.4451531,9.958503,9
29948,-3.7339609,9.711662,7
29949,-3.8375428,0.42553064,1
29950,11.664059,6.4551754,6
29951,-3.2342587,9.060984,7
29952,-3.7886624,2.2139382,1
29953,-0.6495165,10.326171,9
29954,-5.0593987,12.13664,7
29955,2.6462104,4.701302,5
29956,1.127609,11.825198,9
29957,-3.9251149,2.0830507,1
29958,5.14724,4.7825603,3
29959,-3.3866615,9.784246,9
29960,3.7551239,-0.17583114,4
29961,-4.198696,1.9907489,1
29962,6.1309547,5.243233,3
29963,-4.757422,8.614324,7
29964,-4.041372,10.920942,7
29965,-0.7641861,5.313685,8
29966,11.775454,6.516742,6
29967,3.4484563,0.660324,2
29968,-3.157277,-2.0209365,1
29969,6.4114437,3.9813273,3
29970,9.909503,3.169716,6
29971,11.441359,2.9138143,6
29972,6.230832,3.64753,3
29973,-1.128295,10.075678,9
29974,-2.7088068,-3.2532403,1
29975,-0.7176391,10.10227,9
29976,-2.5655677,-2.5408635,1
29977,2.931149,5.2813783,5
29978,-0.038899012,12.175372,9
29979,-0.10970693,5.7455587,8
29980,-1.8831334,10.825318,9
29981,11.476042,3.404701,6
29982,-5.0532336,11.3471365,7
29983,-4.823167,10.177695,7
29984,-3.4398775,9.432495,7
29985,16.12016,7.705039,0
29986,-2.4940348,-2.273369,1
29987,10.695641,2.5026317,6
29988,0.95897704,7.3030024,8
29989,-0.6510984,5.614669,8
29990,3.7107575,0.07840277,2
29991,7.051354,4.337868,3
29992,1.0029012,14.010121,4
29993,0.039036784,11.454597,9
29994,16.01743,8.849594,0
29995,-0.5647219,5.7520967,8
29996,0.087158255,10.911149,9
29997,11.362049,3.336909,6
29998,-4.1119657,11.512431,7
29999,-4.236067,2.268909,1
30000,5.967355,6.139303,3
30001,-4.2963276,8.751699,7
30002,5.633212,5.061688,3
30003,0.68616444,11.149783,9
30004,10.922519,4.7796016,6
30005,-2.021727,14.851298,4
30006,0.17126517,13.7137,4
30007,-3.3422847,1.2426995,1
30008,-4.6102805,10.111577,7
30009,16.726315,7.1280503,0
30010,-1.1445053,11.748785,9
30011,6.6874003,3.9962907,3
30012,3.4049456,6.558333,5
30013,-0.52982026,5.813364,8
30014,4.085084,-1.2844945,2
30015,-4.8893356,10.495903,7
30016,0.40702066,11.798595,4
30017,-3.9655507,10.074605,7
30018,-5.074177,12.300875,7
30019,1.2248235,6.62312,8
30020,5.5604396,7.544741,5
30021,-4.8519273,9.975993,7
30022,-2.2985451,9.178256,9
30023,11.478277,3.9049551,6
30024,11.415065,4.707228,6
30025,11.215112,3.0375557,6
30026,1.6101395,6.637213,8
30027,4.2363086,-1.2624516,2
30028,5.891627,7.554559,5
30029,-0.39169738,6.099883,8
30030,3.7114103,6.6239614,5
30031,-3.949773,-0.14877476,1
30032,2.845461,-0.6181667,2
30033,10.768433,3.0062277,6
30034,15.934715,8.06565,0
30035,-4.308483,1.642996,1
30036,10.181546,4.3102508,6
30037,15.369471,6.773879,0
30038,0.6919906,6.865891,8
30039,-1.9095534,14.28362,4
30040,5.5031977,4.3868847,3
30041,3.0800667,4.7928724,3
30042,4.8106546,7.179517,5
30043,-4.167502,2.0912151,1
30044,15.079125,8.554981,0
30045,11.584622,3.2246435,6
30046,3.6643472,6.722723,5
30047,-4.0246058,2.8072639,1
30048,5.0867186,5.1539736,3
30049,3.1674888,6.6715107,9
30050,-0.14495838,5.753192,8
30051,15.878751,7.1019306,0
30052,0.88387764,14.480667,4
30053,-3.8610928,1.096844,1
30054,4.102805,-1.8280058,2
30055,4.384916,-0.9889027,2
30056,-4.1819596,8.441231,2
30057,6.4240522,4.241825,3
30058,14.682232,6.6147776,0
30059,-1.6196266,15.095476,4
30060,-3.7595913,9.192597,7
30061,3.0823445,4.60987,5
30062,5.5118637,4.6324286,3
30063,10.814397,2.332822,6
30064,3.8526525,-0.17168427,2
30065,-4.920602,9.193919,7
30066,0.54027885,12.884926,4
30067,-0.560357,6.0087695,8
30068,-1.9102056,-3.1663759,1
30069,-2.053803,9.43599,9
30070,5.7488194,5.8333187,3
30071,16.696579,6.8900237,0
30072,5.5872874,4.9600544,3
30073,-3.9381375,2.2908409,1
30074,10.329467,2.5756226,6
30075,4.727642,-0.73043376,2
30076,3.0925581,-1.7474525,2
30077,5.969493,3.3119888,3
30078,2.8789287,-1.274484,2
30079,-1.9121498,15.276024,4
30080,15.461791,8.865814,0
30081,3.0483005,4.679062,5
30082,3.9109883,6.6718984,5
30083,10.752283,2.2533197,6
30084,5.513051,4.530411,3
30085,-2.3538465,8.999963,9
30086,3.1455126,5.5265107,5
30087,16.813383,7.221013,0
30088,16.327791,8.200708,0
30089,-4.0504355,2.730523,1
30090,5.9782987,5.9044437,3
30091,4.717058,-0.689996,2
30092,2.134404,6.6083517,8
30093,5.9124627,3.4012365,3
30094,3.4790814,-1.7628435,2
30095,-2.409206,9.071952,9
30096,1.0561141,12.036637,9
30097,15.623899,5.8079615,0
30098,0.53168875,7.1170616,8
30099,-1.548601,9.447534,9
30100,-2.5947304,-3.5461988,1
30101,16.066578,6.072697,0
30102,4.5303574,-1.5664214,2
30103,-1.3295397,9.422194,9
30104,-0.5572855,-4.3178844,1
30105,6.180257,3.5628293,3
30106,11.531024,6.2589383,6
30107,4.628719,-0.6282319,2
30108,-0.8564297,13.465958,4
30109,-3.9302862,8.196888,7
30110,-0.13997452,10.88797,9
30111,-0.65419227,4.90048,8
30112,3.3125656,4.990072,5
30113,-1.9705454,15.145948,4
30114,11.147311,4.095084,6
30115,10.879457,2.3010268,6
30116,1.5371265,6.1711397,8
30117,-4.093485,2.1226075,1
30118,-3.5024462,11.348671,7
30119,16.23349,6.3194375,0
30120,2.3713531,-0.51598346,2
30121,-2.2364948,14.976797,4
30122,1.5995902,-0.32717413,2
30123,-3.6851466,2.3912559,0
30124,6.087953,4.9352965,3
30125,3.1175852,4.5053096,5
30126,-1.7931324,-3.261703,1
30127,16.402893,6.411228,0
30128,11.179416,5.9252357,6
30129,-3.9253592,1.8526621,1
30130,-3.9601252,10.904754,3
30131,6.2696056,3.656712,3
30132,3.4107223,6.6164346,5
30133,4.708142,-1.2653799,2
30134,1.1342852,14.102397,4
30135,-1.4486094,9.691086,9
30136,4.93884,5.506282,3
30137,-3.5258904,1.479053,1
30138,-1.585232,11.160758,9
30139,10.706315,2.1403632,6
30140,-0.8425067,-3.3231866,1
30141,16.595905,6.648944,0
30142,11.230712,5.803868,6
30143,-4.0291786,2.545146,1
30144,15.148033,7.686895,9
30145,-4.0610504,2.4306107,1
30146,-3.5015194,-1.1988598,1
30147,-0.7131575,4.888116,8
30148,-2.808554,-2.6228945,1
30149,16.73293,6.777529,0
30150,11.241928,6.096123,6
30151,-2.1608553,15.183291,4
30152,11.189516,5.4652634,6
30153,-4.2487316,8.383687,7
30154,-3.7248538,9.011359,7
30155,-3.683416,8.115106,7
30156,14.689793,5.832026,0
30157,10.714367,2.130511,6
30158,-2.0057478,-1.2352042,1
30159,5.724411,3.307873,3
30160,16.509079,7.607888,0
30161,10.863384,2.3383718,6
30162,0.4418633,7.431335,8
30163,16.314333,6.32954,0
30164,1.7166857,14.567034,4
30165,-3.681702,8.312757,7
30166,-3.5796542,8.610051,7
30167,-2.162128,14.860928,4
30168,10.390782,4.7985625,6
30169,-2.1914182,14.640151,4
30170,14.619206,6.7125497,0
30171,-4.050141,2.7142768,1
30172,0.30799103,6.1289487,8
30173,-0.39419165,5.1047187,8
30174,0.061891634,15.033428,4
30175,6.6160207,4.1801724,3
30176,-0.54308945,-4.316011,1
30177,-3.745041,7.97036,7
30178,10.870063,3.922522,6
30179,-4.0901737,2.4852335,1
30180,1.5191262,14.533316,4
30181,-2.5260453,9.076974,9
30182,11.119559,5.27081,6
30183,5.765554,3.9957798,3
30184,1.3355765,14.611235,9
30185,-0.64310884,4.9790854,8
30186,-1.340842,13.452877,4
30187,14.698034,8.749239,0
30188,-5.0368795,9.394968,7
30189,-0.9787952,-3.7012901,1
30190,-3.7463279,9.624804,7
30191,2.304239,-0.471233,2
30192,11.4106865,5.4533873,6
30193,6.012773,5.8080096,3
30194,-2.4260159,-3.4067113,1
30195,1.1607937,14.072324,4
30196,14.669738,7.4522557,0
30197,5.4257526,7.317912,5
30198,-0.4034234,14.300512,4
30199,11.44864,6.309867,6
30200,-0.89033484,-3.4008439,1
30201,-5.0948377,11.579258,7
30202,-4.285312,10.817924,7
30203,1.2756068,7.590128,8
30204,1.8624972,12.643345,9
30205,1.81802,12.439718,9
30206,5.1872807,5.8990817,3
30207,15.326091,8.438687,0
30208,-0.86743325,11.276612,9
30209,-2.4205384,-3.0599627,1
30210,-3.073124,0.22284532,1
30211,3.0703053,-1.5982151,2
30212,14.267692,7.830084,0
30213,6.0942187,6.266968,3
30214,-0.77912366,-3.4839528,1
30215,0.6089712,13.637125,4
30216,3.900377,6.856159,5
30217,4.8996124,7.6724453,5
30218,-0.77876675,-4.1359463,1
30219,0.93537205,7.791918,8
30220,14.068682,6.8109694,0
30221,1.152123,11.98526,9
30222,16.273848,8.234294,0
30223,14.976452,8.696426,0
30224,-4.3991647,11.689507,7
30225,-1.2223313,-2.7580237,1
30226,6.533739,6.3566384,3
30227,3.3834639,-1.6172583,2
30228,3.2232432,0.5470246,2
30229,6.1865196,6.258528,3
30230,9.982611,3.4132025,6
30231,0.7929564,13.42654,4
30232,11.76457,6.1588693,6
30233,5.2114515,7.754725,5
30234,-1.427534,14.268738,4
30235,1.9889258,7.0823345,8
30236,0.8401281,7.4779563,8
30237,1.2031624,12.70541,9
30238,-2.3031895,-2.3695264,1
30239,1.2025965,7.5002136,8
30240,14.795908,6.44741,0
30241,6.8711624,5.120383,3
30242,0.5191051,5.889396,8
30243,0.50092787,13.567402,4
30244,-3.145845,-1.9248267,1
30245,-4.1150494,11.290419,7
30246,16.105751,7.2818913,0
30247,1.8143479,7.0805473,8
30248,0.8876755,6.18605,8
30249,11.4833355,5.990251,6
30250,-3.7812304,8.630585,7
30251,5.9277954,5.8180423,3
30252,9.893988,3.0652692,6
30253,0.81924003,13.964956,4
30254,5.117244,5.149933,3
30255,14.446973,6.8068976,0
30256,5.6393223,5.834483,3
30257,1.3894528,12.40972,9
30258,5.628174,5.164143,3
30259,-4.8721585,11.620386,7
30260,-3.6329997,10.017244,7
30261,-2.0882964,-3.3748178,1
30262,3.0124755,6.7792273,5
30263,1.0537788,12.293253,9
30264,-3.5275912,8.71653,7
30265,6.1926484,6.1326637,3
30266,1.878296,14.096126,4
30267,1.4824955,7.658137,8
30268,1.2309299,6.570376,8
30269,0.9658264,13.716344,4
30270,-1.9485706,-3.3589005,1
30271,-4.3077493,11.49839,7
30272,0.20336625,13.64358,4
30273,5.942728,5.831204,3
30274,-2.286306,-3.3225446,1
30275,15.072851,8.673873,0
30276,0.52051675,14.463781,4
30277,0.34675547,12.024876,9
30278,3.4167857,6.0965405,5
30279,11.386647,6.2405667,6
30280,3.524956,6.6290274,5
30281,-1.2670738,-2.531288,1
30282,6.445496,5.0919633,3
30283,1.3887025,14.290506,4
30284,6.942281,5.8514686,3
30285,4.824249,7.47816,5
30286,-3.5890248,11.048437,7
30287,0.8495757,14.384892,4
30288,4.562344,7.063932,5
30289,11.077737,5.5566845,6
30290,3.0531743,0.12483036,7
30291,4.0918965,-1.5305005,2
30292,-0.93706375,-3.793559,1
30293,14.4554205,8.415418,0
30294,-4.2703385,8.962167,7
30295,11.297737,6.237709,6
30296,0.5883189,11.722273,9
30297,3.5163872,-1.5142826,2
30298,1.5707994,14.501407,4
30299,-1.1944913,-2.8307521,1
30300,14.456244,8.200479,0
30301,-1.5885946,-3.833054,1
30302,-4.807141,11.028092,7
30303,-1.4088943,-4.2182302,1
30304,5.5476117,5.1637497,3
30305,-1.0986437,-4.2885695,1
30306,4.9486156,5.3292203,3
30307,-4.327526,11.104237,7
30308,5.933795,4.4616685,9
30309,3.7605526,-1.3354936,2
30310,-5.1819835,10.905511,7
30311,0.785044,14.026409,4
30312,10.211809,4.0570736,6
30313,-4.5189757,10.597904,7
30314,11.3666935,5.746515,6
30315,5.447092,7.553029,5
30316,-0.062589146,13.736916,4
30317,4.1477594,-1.5717074,2
30318,-0.27591673,6.6592765,8
30319,0.67634827,12.264376,9
30320,14.5743265,7.773937,0
30321,0.9459678,13.575966,4
30322,2.188578,7.57304,8
30323,5.3613014,7.4389796,5
30324,0.87795275,6.5182395,8
30325,1.1483864,7.738045,8
30326,0.83221596,13.428321,4
30327,0.5990923,13.553302,4
30328,1.4237742,12.144224,9
30329,2.938609,-1.648311,2
30330,1.8374522,7.1702046,8
30331,14.393848,7.4532013,0
30332,11.650269,6.3834534,6
30333,4.9355445,7.673177,5
30334,-1.1846651,11.527537,9
30335,-1.1906605,-3.306453,1
30336,3.1875944,-1.7127166,2
30337,-2.6452396,-2.8422909,1
30338,9.942698,2.7900467,6
30339,-4.5393133,11.683203,7
30340,14.729697,6.3112364,0
30341,11.508347,6.3946605,6
30342,1.0935422,12.6054325,9
30343,11.464045,5.7504354,6
30344,3.1539817,0.25623268,2
30345,10.686795,5.240452,6
30346,2.938554,-1.0469103,2
30347,1.8927975,6.830617,8
30348,-4.1424274,8.308227,7
30349,3.9617105,-1.5402396,2
30350,11.049237,4.478606,6
30351,5.4509115,7.3764734,5
30352,14.606371,7.238183,0
30353,3.4121695,-1.4932945,2
30354,5.250449,5.716849,3
30355,3.594763,-1.7135623,2
30356,1.560573,-0.55424976,2
30357,-4.884687,11.912221,7
30358,0.27213454,11.5548,9
30359,-4.887728,12.133943,7
30360,-0.49721426,12.105779,9
30361,0.10691723,13.348132,4
30362,5.9008574,5.343765,3
30363,14.240633,6.7434125,0
30364,-3.7974625,-0.48377138,1
30365,4.0599704,-1.6021146,2
30366,-0.6068526,-4.153405,1
30367,0.59577245,13.706066,4
30368,-2.35586,-3.6073287,1
30369,2.0021226,-0.3932916,2
30370,14.643934,8.742595,0
30371,5.459218,7.374806,5
30372,-3.6095452,0.5642612,1
30373,14.724964,7.5214057,0
30374,-2.3874676,-3.6710668,8
30375,5.807682,5.373626,3
30376,3.3791444,-1.3541291,2
30377,6.866384,5.451772,3
30378,2.0634937,12.512389,9
30379,6.2192645,6.2391253,3
30380,-3.8208578,11.6261015,7
30381,-2.376185,-2.4452298,1
30382,14.398945,7.5945563,0
30383,2.5352955,7.255339,8
30384,15.159356,8.058951,0
30385,1.0719537,12.279864,9
30386,4.911345,4.9124064,3
30387,11.36016,6.110233,6
30388,14.466826,7.589331,0
30389,-2.24005,-3.6311643,1
30390,4.2058535,7.5762134,5
30391,14.071392,7.3785453,0
30392,10.600873,3.1622007,6
30393,4.8192186,7.539993,5
30394,0.6015505,12.045494,9
30395,1.2003688,12.214895,9
30396,4.6641655,7.0017962,5
30397,1.4711976,7.4813876,8
30398,5.580355,5.673313,3
30399,5.5496154,7.62106,5
30400,5.085176,5.742373,3
30401,1.0484552,7.6604605,8
30402,4.814074,7.707916,5
30403,5.3820205,7.3279157,5
30404,-1.8062575,-2.8684871,1
30405,5.0825057,7.2524776,5
30406,0.9566382,12.573524,9
30407,1.5425705,7.384221,8
30408,-0.74853915,-3.6165514,1
30409,14.193351,6.958246,0
30410,5.642497,7.750521,5
30411,6.0654516,6.2559175,3
30412,0.327038,7.138387,8
30413,14.936188,7.9278846,0
30414,-4.9658813,12.261532,7
30415,1.2614201,7.6715326,8
30416,1.9476497,7.7392955,8
30417,5.890723,6.116715,3
30418,1.6493562,6.1434984,8
30419,1.5182452,12.527944,9
30420,2.1174805,-0.41935012,2
30421,11.397601,6.314376,6
30422,-0.29187736,12.707422,4
30423,6.1463456,6.274787,3
30424,14.274642,6.5723467,0
30425,15.615328,6.5429726,0
30426,11.03264,5.761559,6
30427,-2.3918104,-1.1320837,1
30428,-4.9670043,11.925669,7
30429,10.662825,2.5497239,2
30430,-0.9787471,-3.994019,1
30431,6.054893,4.193696,3
30432,-3.5923336,10.280833,7
30433,-4.585949,8.794926,7
30434,15.889964,6.291761,0
30435,0.80782884,6.438515,8
30436,-3.7116125,-0.54902524,1
30437,-1.3819275,10.9447155,9
30438,14.519396,6.2176695,0
30439,16.806562,7.6627073,0
30440,10.506038,4.2827578,6
30441,-4.021651,1.1997122,1
30442,-5.2882977,11.546194,7
30443,1.8667661,-0.50914276,2
30444,11.133946,6.045409,6
30445,6.1488576,4.200368,3
30446,-1.6177721,10.261924,9
30447,-1.198312,15.142814,4
30448,4.4423594,6.8645015,5
30449,-4.336024,8.554086,7
30450,0.07545575,7.300232,8
30451,2.7005894,5.751864,8
30452,1.4100814,12.578969,9
30453,-2.5385697,9.878392,9
30454,11.671687,6.436612,6
30455,16.49515,7.222466,0
30456,3.7093508,7.255168,5
30457,-3.4018202,0.991301,1
30458,-1.8839481,14.251028,4
30459,2.6521487,-0.15481986,2
30460,0.8145617,6.539619,8
30461,5.9224157,3.5718472,3
30462,-5.2233963,12.332653,7
30463,-0.86789346,14.729207,4
30464,-1.6282718,13.164062,4
30465,-4.0205526,8.496171,7
30466,11.14331,3.1528978,6
30467,-0.2591824,5.9190516,8
30468,6.5975995,5.269957,3
30469,-0.20303398,10.713434,9
30470,2.1081336,12.328899,9
30471,-2.9991422,-1.7259924,1
30472,-0.7572862,14.194767,4
30473,15.639512,7.0013566,0
30474,10.478731,5.204313,6
30475,-3.340086,-0.45673707,1
30476,4.620685,6.9106994,5
30477,2.503759,-0.3535658,2
30478,0.69781405,5.4989142,8
30479,-4.7712617,9.672971,7
30480,15.023363,8.049781,0
30481,-4.1121645,9.752939,7
30482,1.3122002,7.2010565,5
30483,5.603496,4.141722,3
30484,16.438387,7.8199663,0
30485,2.930595,0.28474867,2
30486,-1.7989957,-4.0171337,1
30487,2.4881427,-0.019365037,2
30488,4.685043,7.299841,5
30489,5.7821884,4.3071485,3
30490,11.734922,6.162527,6
30491,0.09900139,10.775314,9
30492,3.1302052,-0.99295986,2
30493,-3.2435107,0.9113745,1
30494,1.089196,6.41955,8
30495,-3.7745254,8.458376,7
30496,14.296988,7.157151,0
30497,-0.81227195,10.9752,9
30498,2.2293124,12.783073,9
30499,2.9920228,5.1719403,5
30500,1.4411348,12.353531,9
30501,-3.415761,8.6531315,7
30502,-4.4084277,10.119354,7
30503,3.5470045,0.55896646,2
30504,-4.171505,9.881193,7
30505,-0.04975105,10.714873,9
30506,-0.23761111,13.486182,4
30507,11.684828,4.2409925,6
30508,2.3343334,-0.68065625,1
30509,-3.811424,-0.24737516,1
30510,0.8009234,7.268038,8
30511,6.061447,4.521631,3
30512,-3.4703128,-0.22953655,1
30513,-3.7656484,8.348676,7
30514,3.90154,6.8851414,5
30515,5.8473816,3.601626,3
30516,1.3609266,6.5033894,8
30517,-0.5093562,10.264232,9
30518,10.697972,2.6067219,6
30519,-0.48799166,5.7985682,8
30520,0.16443627,12.286129,9
30521,-0.9566487,5.269764,8
30522,2.0421777,0.055305395,2
30523,-0.4638036,5.873049,8
30524,-0.47132486,-4.3342423,1
30525,4.5271387,5.936603,8
30526,11.218262,5.6254067,6
30527,-0.18960765,5.436997,8
30528,5.2652273,7.2815776,5
30529,-0.0017214096,14.233609,4
30530,1.5289012,-0.6295036,2
30531,-3.3384771,9.013725,7
30532,-3.5153365,9.843114,7
30533,2.9564579,0.28752348,2
30534,2.399501,-0.07482923,2
30535,-3.9745808,-0.16139632,1
30536,-0.0872857,13.348738,4
30537,0.17467824,10.970975,9
30538,-5.0551744,8.933136,7
30539,-0.21150954,6.646891,8
30540,5.4119897,5.248681,3
30541,-3.5625737,8.759144,7
30542,1.295793,13.978507,4
30543,0.61118716,5.9154735,8
30544,2.8083086,4.835473,5
30545,2.6216323,5.672242,8
30546,-0.0050518876,6.331195,8
30547,15.651964,7.498761,0
30548,16.710527,7.852895,0
30549,-3.3327405,8.999803,7
30550,-0.99323535,-4.404465,1
30551,-0.59127796,10.706722,9
30552,0.8493368,14.298366,4
30553,2.5553546,4.6741977,5
30554,-0.623866,13.880072,4
30555,16.338173,7.6702814,0
30556,-1.8637195,-3.0052269,1
30557,11.671088,3.5764065,6
30558,-3.1714642,10.076673,7
30559,-0.4567346,6.2054687,8
30560,-4.2573857,11.446599,7
30561,1.957824,-0.47258684,2
30562,-0.41058922,11.6131315,9
30563,11.685271,3.5891697,6
30564,-1.2419487,-4.0213184,1
30565,14.939034,5.745724,0
30566,2.9574397,5.3569345,5
30567,-2.9657829,-1.7655146,1
30568,1.6004537,6.3429394,8
30569,4.171789,-0.9127235,2
30570,2.6286032,-0.30286574,2
30571,5.8664575,4.696219,3
30572,3.7872152,6.9117146,5
30573,-1.3982348,13.977784,4
30574,6.9265494,5.6921086,3
30575,4.055993,6.5434403,5
30576,10.008412,2.4395623,6
30577,11.03816,2.7845037,6
30578,15.192385,8.453871,0
30579,-4.799213,9.748397,7
30580,3.671226,-1.8482593,2
30581,0.5026442,5.879437,8
30582,10.737131,5.4175763,6
30583,-0.37893277,10.891109,9
30584,0.8917052,6.634129,8
30585,16.000303,6.345862,0
30586,15.716633,8.284431,0
30587,-3.0455563,0.5537041,1
30588,-0.2135746,13.011779,4
30589,4.266492,-0.9869561,2
30590,0.17084137,13.91097,4
30591,5.8086243,4.9737973,3
30592,-1.9625261,-3.2645686,1
30593,-1.756655,14.651396,4
30594,2.6422243,-1.2722616,2
30595,3.2331426,5.4258084,5
30596,-1.4202173,-1.8900474,2
30597,11.244045,2.6722157,6
30598,-0.69838995,12.31454,9
30599,-4.6603446,9.089197,7
30600,1.3302712,-0.52957296,2
30601,0.11509064,5.46839,8
30602,-0.6074514,15.115349,4
30603,-1.3117259,10.118197,9
30604,0.7392822,13.82866,7
30605,16.118608,6.5721803,0
30606,-2.617483,-3.4132736,1
30607,-2.840268,-0.013886745,1
30608,11.380599,6.3972273,6
30609,3.888055,-0.05444106,2
30610,-4.676848,11.153681,7
30611,5.538054,4.141178,3
30612,-1.3587769,-3.985878,1
30613,-2.046879,14.558197,4
30614,-1.7766042,-3.012402,1
30615,3.680076,5.4953475,5
30616,-1.281412,-3.7194433,1
30617,11.308559,2.7846684,6
30618,15.972607,8.798167,0
30619,-4.746735,8.905335,7
30620,-0.40573874,11.95473,9
30621,0.13962536,5.537505,8
30622,3.570454,7.2860103,5
30623,-1.6805439,9.602252,9
30624,15.657878,8.008086,0
30625,15.419997,6.1326804,0
30626,3.5019727,5.8910465,5
30627,-1.2501998,10.834252,9
30628,-0.99981976,-4.452532,1
30629,-1.5735775,10.007828,9
30630,10.382434,2.3863573,6
30631,0.009834115,5.405953,8
30632,11.399385,3.3267763,6
30633,-1.3352896,10.208677,9
30634,3.4327173,-1.4366951,2
30635,-0.051090617,5.723827,8
30636,0.963547,11.86203,9
30637,-1.970165,14.515367,4
30638,11.721852,6.5969605,6
30639,-4.1347694,1.1991107,1
30640,1.8457948,-0.15761332,2
30641,-4.0489435,8.717201,7
30642,6.1879325,5.3896976,3
30643,-4.6803107,9.250238,7
30644,5.9007897,5.878183,3
30645,6.2864385,4.1933603,3
30646,2.2142935,12.37423,9
30647,3.3519323,4.69099,5
30648,11.257686,5.7588453,6
30649,-4.1856685,1.9225727,1
30650,6.104023,4.981883,3
30651,16.136745,6.5970716,0
30652,-3.8851817,8.361865,7
30653,16.13789,7.0661354,0
30654,5.6826406,7.576157,8
30655,4.05372,-1.0762552,2
30656,0.2066832,6.6228194,8
30657,-4.6365314,10.08678,7
30658,-0.914386,13.275028,4
30659,-3.5437665,9.933803,7
30660,5.6997485,6.1626167,9
30661,0.09835056,6.0035195,8
30662,5.516166,4.384894,3
30663,3.1262212,-0.9218063,2
30664,-4.115707,9.977607,7
30665,15.933415,5.9575267,0
30666,0.4647882,14.108489,4
30667,-3.280916,0.8336949,1
30668,15.566616,7.511729,0
30669,4.4506583,-1.164074,2
30670,-4.351712,11.275147,7
30671,11.557544,4.168542,6
30672,-4.869932,10.427456,7
30673,5.799265,4.8692703,3
30674,-3.2508998,9.964866,7
30675,6.0574265,5.3632245,3
30676,3.2461839,5.7049026,5
30677,-4.3002033,9.423732,7
30678,15.634549,8.026348,0
30679,6.007763,4.72888,3
30680,10.051369,3.3653903,6
30681,5.8220296,4.938453,3
30682,-1.2294958,13.843966,4
30683,-1.3338193,14.786441,4
30684,-0.56865704,-4.293736,1
30685,11.164131,2.928506,6
30686,-1.8521876,10.812439,9
30687,11.231019,3.3920903,6
30688,1.6568929,7.8814096,8
30689,11.305109,2.8744018,6
30690,-3.9383545,9.998739,2
30691,-1.7293814,14.514332,4
30692,1.438242,12.047263,3
30693,-1.3392006,10.27888,9
30694,1.3831716,12.576731,9
30695,-4.0325937,1.0837538,1
30696,2.0159128,12.783494,9
30697,3.621587,5.2954664,5
30698,-1.9261711,10.561614,9
30699,16.098368,6.5145507,0
30700,14.788043,7.5409293,0
30701,-1.8254397,10.079702,9
30702,-0.9293503,12.682278,4
30703,-0.19208907,6.273179,8
30704,2.0481398,12.750347,9
30705,4.44518,-1.1639216,2
30706,14.097868,7.931388,0
30707,15.940023,6.472341,0
30708,-0.7973378,14.95152,4
30709,15.275718,5.8393254,0
30710,10.935576,2.6399055,2
30711,-3.7459493,0.39750713,1
30712,-1.2378045,11.844871,9
30713,-5.0130973,10.615043,7
30714,4.7125196,6.7451916,5
30715,11.316529,3.4547129,6
30716,9.975987,3.3079486,6
30717,5.9036756,5.04057,3
30718,-5.104934,12.010127,7
30719,3.5928802,0.09471194,2
30720,5.9430017,3.5088236,3
30721,-2.7757978,0.041322183,1
30722,-4.608716,10.167548,7
30723,-4.1800494,9.859199,7
30724,1.6968482,-0.087929524,2
30725,-1.3042756,15.105192,4
30726,2.5894315,-0.15611723,2
30727,10.861822,2.46818,6
30728,-3.9406362,10.878033,7
30729,5.5955267,3.9866846,3
30730,4.0102234,-0.1943911,2
30731,-3.9208877,0.6597301,1
30732,-0.29172394,5.280979,8
30733,6.870203,4.533086,3
30734,15.964978,6.637261,0
30735,-1.4344847,10.230642,9
30736,-3.3452013,-1.9726115,4
30737,-3.9696865,1.1095295,1
30738,2.2053707,7.647853,8
30739,-4.993037,9.725645,7
30740,4.982962,4.6842,3
30741,11.126696,2.860984,6
30742,-0.47433364,-4.2256813,1
30743,-0.047171235,5.9309716,8
30744,11.498259,4.359967,6
30745,-1.5548128,14.842606,4
30746,2.6616206,-0.8414361,2
30747,6.908422,4.3594766,3
30748,14.934031,8.485605,0
30749,-4.066421,1.0624841,1
30750,0.04666143,10.7238655,9
30751,15.917548,5.979527,0
30752,2.8264492,-1.113143,2
30753,-1.6829948,9.941613,9
30754,5.8834,6.427722,3
30755,11.203077,3.5626042,6
30756,-2.0477612,10.251372,9
30757,-4.005191,1.0496515,1
30758,0.8661349,11.705208,9
30759,-5.19898,9.939317,7
30760,5.514416,4.8969626,3
30761,3.2811112,4.743135,5
30762,3.1622808,-1.2985249,2
30763,-1.6897593,14.787155,4
30764,2.8809645,12.13557,7
30765,-1.4421785,14.948397,4
30766,5.649191,7.410311,5
30767,-5.078405,9.888695,7
30768,-3.3873858,9.612068,7
30769,4.4330535,-1.1622533,2
30770,9.815459,3.749912,6
30771,-0.18128671,5.783693,8
30772,2.7673159,-0.88357395,2
30773,-1.99496,14.281377,4
30774,6.3453064,4.786558,3
30775,-0.15963417,5.4389186,8
30776,1.8124524,14.263813,9
30777,-0.09368333,5.6273203,8
30778,-0.28392923,11.115096,9
30779,-2.120355,14.339908,4
30780,6.2064056,4.7971826,3
30781,-0.31714195,5.3607545,8
30782,2.256984,12.77156,9
30783,-0.6535187,10.228219,9
30784,10.317545,3.3437274,6
30785,-0.114458986,5.744286,8
30786,-3.681821,11.439112,7
30787,15.05699,7.8416023,0
30788,10.112999,2.4541678,6
30789,-1.7449867,-1.8185459,1
30790,14.348642,6.490678,0
30791,1.6488088,-0.27986327,2
30792,-4.181193,11.611932,4
30793,5.9661813,5.240177,3
30794,3.0990853,-1.5225197,2
30795,-0.43020916,13.394744,4
30796,10.150207,4.3143177,6
30797,5.382434,7.3375974,5
30798,-3.811641,9.226905,7
30799,10.2799835,4.4390364,6
30800,15.391054,5.9202514,0
30801,-3.93354,11.181317,7
30802,2.272375,-0.18978882,2
30803,0.58032423,5.721519,8
30804,-0.9290853,11.1437,9
30805,-1.4552703,11.086537,9
30806,0.89096314,7.7618227,8
30807,15.328216,7.1751237,0
30808,-0.05395794,11.6110525,9
30809,-3.6408095,-0.9392582,1
30810,-4.005463,9.847837,2
30811,2.4956985,0.022826731,2
30812,10.71721,3.4486318,6
30813,6.3690567,4.2395864,3
30814,0.20764522,12.21463,9
30815,-0.5353123,13.479299,4
30816,3.590718,-1.1866583,2
30817,4.041082,5.9308143,5
30818,10.6841755,2.12115,6
30819,10.213436,3.9888222,6
30820,11.227567,4.084473,6
30821,-4.049042,10.867194,7
30822,10.230802,4.19857,6
30823,-0.066168465,5.9844522,8
30824,5.7309737,5.9360237,3
30825,-0.6471674,11.168459,9
30826,4.007454,-1.4653807,2
30827,15.122313,8.696405,0
30828,14.893468,8.253206,0
30829,-2.5335448,-1.3171006,1
30830,-0.2627329,14.490581,4
30831,2.5246575,-0.13035123,2
30832,2.9268925,-1.0523809,2
30833,5.8404574,5.9472833,3
30834,-0.22022231,11.831358,9
30835,-0.762027,13.333423,4
30836,-0.13441373,10.9066925,9
30837,5.0605354,7.231195,5
30838,5.23321,5.9945655,9
30839,10.682712,4.842767,6
30840,2.9742558,-0.8525133,2
30841,-3.8759995,11.025233,7
30842,4.2346687,7.5614376,5
30843,-0.45275506,5.875508,8
30844,6.812933,5.493469,8
30845,-1.6646181,11.007963,9
30846,-0.0075911013,13.110183,4
30847,-1.862235,-1.6116498,1
30848,-3.1811564,-1.8783458,1
30849,14.583381,7.0452423,0
30850,0.39579168,12.099889,9
30851,-0.7167911,13.228083,4
30852,-0.3909506,-4.362993,1
30853,5.501714,6.9485235,5
30854,-0.99982154,-4.089542,1
30855,10.27809,4.664749,6
30856,12.008988,6.542881,6
30857,10.2464,4.3553433,6
30858,3.7911072,6.9440966,5
30859,6.8999166,4.76657,3
30860,1.8423358,-0.08386067,2
30861,-1.3382018,13.084875,4
30862,1.2466463,6.7926264,8
30863,-0.7035695,13.096557,4
30864,2.655503,5.699981,5
30865,1.7059544,-0.15855162,2
30866,-2.6525176,-1.9970925,1
30867,0.3050553,6.4851403,8
30868,0.09330068,13.050438,4
30869,-2.91734,-2.0689492,1
30870,4.3627615,-0.6418796,8
30871,14.92618,7.48561,0
30872,-3.9577324,10.521434,2
30873,10.715762,4.0530005,6
30874,1.2259641,6.2901883,8
30875,-0.4673446,13.091559,4
30876,-1.6904976,13.483601,4
30877,0.14977567,11.547717,9
30878,11.342019,6.250187,6
30879,-4.6126657,10.111303,7
30880,2.1537762,-0.6049168,2
30881,2.2772827,-0.04953945,2
30882,10.431212,2.1822991,6
30883,6.222796,4.7403727,3
30884,16.215317,7.515563,2
30885,7.090046,5.3838873,3
30886,0.64606214,13.531791,4
30887,-0.034481306,11.244481,9
30888,-0.2125631,13.358729,4
30889,1.7648652,-0.09654381,2
30890,-1.0141894,12.95446,4
30891,15.328419,6.796651,0
30892,0.55732405,5.511149,8
30893,-0.13807017,11.175931,9
30894,-2.4661405,-3.6452358,1
30895,6.808245,4.365485,3
30896,5.717699,7.4713364,5
30897,6.819356,4.3768682,3
30898,-1.5485822,-3.5967214,1
30899,-1.0398644,10.992538,9
30900,5.3910966,5.0661445,5
30901,-3.3915987,-0.47741663,1
30902,-4.8694897,10.508115,7
30903,5.2051897,6.7724175,5
30904,11.601904,4.1222763,6
30905,4.541287,-1.38282,2
30906,-0.8427615,-4.219854,1
30907,6.6868906,4.235691,3
30908,0.2736954,13.515048,4
30909,-3.3374422,-2.0552483,1
30910,0.98903084,12.581136,9
30911,10.204437,4.3111234,6
30912,-4.1850214,9.906022,7
30913,-3.8730965,11.026219,7
30914,1.0930136,7.2413435,8
30915,6.3742905,4.9885497,3
30916,10.621483,3.6476324,6
30917,-3.5434954,10.704106,7
30918,3.8219485,6.6789517,5
30919,0.22726454,6.546181,8
30920,-2.0821035,-3.0062718,1
30921,-1.432812,13.451517,4
30922,-0.63784623,11.0081625,9
30923,15.1598215,6.350115,0
30924,-4.361015,9.778329,7
30925,2.2128496,0.0101084,2
30926,14.651322,5.9386644,0
30927,-1.5172421,13.316298,4
30928,3.2714322,6.251271,5
30929,14.640201,6.211539,0
30930,10.96987,5.4195833,6
30931,3.6023166,-1.3426784,2
30932,14.247381,5.9141026,0
30933,-1.389979,13.5462885,4
30934,5.377669,4.9910574,3
30935,-3.9957945,10.994195,7
30936,-3.9830933,11.12661,7
30937,0.2749644,6.4989285,8
30938,-1.2547798,-4.0780873,1
30939,14.757625,6.0833015,0
30940,-1.1415247,-4.0628324,1
30941,-3.8460732,11.020584,7
30942,-0.33512062,11.947605,9
30943,14.772355,6.34468,0
30944,-0.53310037,10.087254,9
30945,10.014479,4.142018,6
30946,-4.0999303,10.817467,7
30947,-1.1414747,11.784033,9
30948,14.431547,6.737803,0
30949,6.5938153,5.13796,3
30950,11.549408,6.2841024,6
30951,2.1066847,-0.08164538,2
30952,-3.4912868,11.322959,7
30953,-0.25753394,13.22945,4
30954,1.4741782,14.584067,4
30955,14.462328,6.5739446,0
30956,11.362211,5.177159,6
30957,5.1280346,6.935836,5
30958,-1.3020717,-3.262954,1
30959,-3.511865,10.729202,7
30960,4.7411532,5.495586,3
30961,5.442497,6.9231396,5
30962,4.367431,7.6655054,3
30963,-1.5287123,-2.4080956,1
30964,1.4589304,7.216635,8
30965,14.871147,6.8287516,0
30966,-0.7701432,-4.20807,1
30967,0.023423431,6.8381753,8
30968,10.480641,3.8157911,6
30969,-3.0192149,-2.250229,1
30970,3.6360037,-1.8764879,2
30971,10.41012,4.3871875,6
30972,2.6099052,0.25215137,2
30973,-4.754105,11.268534,7
30974,5.1226006,5.052521,3
30975,3.52218,-1.3816445,2
30976,3.7662935,-1.6398271,2
30977,-1.095095,11.837453,9
30978,-1.8156719,-3.618265,1
30979,-3.8234422,11.025243,7
30980,3.7602768,6.4824305,5
30981,-1.5967348,11.420906,9
30982,-4.652323,10.490443,7
30983,5.225133,7.1354766,5
30984,5.6513186,5.8590655,3
30985,0.44012228,6.7932644,8
30986,2.3212674,-0.8901365,3
30987,0.17049503,11.45398,9
30988,-4.540925,9.875578,7
30989,10.175453,4.3937254,6
30990,-4.1221495,10.857395,7
30991,5.291222,6.936982,5
30992,14.169368,7.734889,0
30993,2.2367156,-0.47566327,2
30994,0.11656631,6.2303715,8
30995,9.989082,3.9972308,6
30996,-3.6926718,1.2906895,1
30997,1.7466213,-0.57722455,2
30998,-4.978415,10.771091,7
30999,0.48989636,6.0727043,8
31000,4.683029,6.8283777,6
31001,-1.8554379,-1.4310278,1
31002,2.0637226,-1.0677539,2
31003,-3.8635445,11.021994,7
31004,-0.7978939,11.092975,9
31005,5.173973,6.740767,5
31006,1.5328677,14.053575,4
31007,5.237445,6.776016,5
31008,4.7471085,6.128384,5
31009,-4.7499113,11.236686,7
31010,4.3972044,6.9958453,5
31011,6.889964,4.937717,3
31012,-2.271102,-0.7512409,1
31013,4.9716444,6.668069,5
31014,2.7536426,4.7437167,8
31015,14.488677,7.4889846,0
31016,3.3672624,-0.047876514,2
31017,-1.338404,-2.4635131,1
31018,-0.9550853,11.480782,9
31019,-2.2258384,-1.0707633,1
31020,15.679449,8.281754,0
31021,6.762062,4.469497,3
31022,3.6410377,6.471998,5
31023,0.6902167,6.0426416,8
31024,2.8966475,-1.5729039,2
31025,-1.1650345,13.355202,4
31026,14.856257,6.1137056,0
31027,-1.6600825,10.925763,9
31028,2.951657,6.254194,5
31029,-1.4890743,13.774416,4
31030,2.293606,7.088123,8
31031,10.525526,3.7467206,5
31032,5.137795,5.8222065,3
31033,-2.1588733,-1.0718416,1
31034,-0.6549149,5.9979415,8
31035,0.28082407,6.4764194,8
31036,0.5398005,14.254622,4
31037,10.16949,3.6620557,6
31038,-1.3953875,-3.9138424,1
31039,-0.10991506,6.29952,8
31040,10.020137,3.5466495,6
31041,-1.27338,11.492043,9
31042,6.5286164,3.8547604,3
31043,15.144736,7.354906,0
31044,5.4081044,5.7134533,3
31045,-2.681513,-2.1681387,1
31046,11.922953,6.6710014,6
31047,3.6816897,-1.3246405,2
31048,-1.7652153,-3.492786,1
31049,6.286778,6.3348913,3
31050,0.022394674,14.613904,4
31051,-0.521197,14.183251,4
31052,0.5699946,14.113927,4
31053,3.2212257,6.2815876,5
31054,11.200419,5.330074,6
31055,-4.745963,11.420101,7
31056,2.8687592,0.07228164,2
31057,-1.1284109,11.52653,9
31058,-2.0377638,-3.3951235,1
31059,15.305734,7.237802,0
31060,-0.12247771,5.449505,8
31061,-2.4787045,-0.37632546,1
31062,-3.9909873,11.593891,7
31063,4.1544633,-1.1881571,2
31064,-3.992493,8.980832,7
31065,5.8526983,5.67997,3
31066,-5.0169563,11.987875,7
31067,-1.1293861,13.812052,4
31068,1.4973469,-0.23723489,2
31069,3.0787828,5.388903,5
31070,3.3750434,-1.9617405,2
31071,11.63992,5.670937,6
31072,2.1142747,12.635631,9
31073,-4.7623887,10.374823,7
31074,-1.5619482,11.552507,9
31075,1.5733451,7.0569243,8
31076,-3.8370392,10.816461,7
31077,-1.4008089,11.409335,9
31078,2.9309745,5.767852,5
31079,15.879829,7.748141,0
31080,-0.15154605,5.8211484,8
31081,-3.330329,-0.16834262,1
31082,15.109907,6.8203397,0
31083,-0.65902376,14.072548,4
31084,-1.3260605,-2.4183092,1
31085,-4.7079444,11.212314,7
31086,4.6336665,7.5043917,5
31087,0.8292728,6.1890473,8
31088,1.2622689,11.557333,9
31089,-1.6154929,11.408452,9
31090,0.47644252,14.413523,4
31091,0.9406946,7.5236783,8
31092,1.7534921,-0.055122808,2
31093,-3.055831,-2.6294622,1
31094,1.9692276,12.217577,9
31095,15.998362,8.110971,0
31096,3.8177032,-0.9681577,2
31097,-1.1989727,11.719687,9
31098,5.772981,6.0179524,3
31099,2.7131784,5.507228,5
31100,-2.468291,8.959043,7
31101,-5.0722485,11.202642,7
31102,0.8624687,13.883858,4
31103,-2.0782902,14.951755,8
31104,11.523716,4.5513225,6
31105,10.506413,3.5895646,6
31106,0.80322814,14.812878,4
31107,-1.3089292,11.278544,9
31108,6.7472363,5.079856,3
31109,15.489714,7.8841205,0
31110,10.668163,5.3993006,6
31111,-1.5234172,13.633141,4
31112,16.1149,7.6893044,0
31113,-3.1009493,-1.9902308,1
31114,1.6634809,14.733621,4
31115,-0.24107213,11.982576,9
31116,14.832358,8.581719,0
31117,6.3023515,5.5587516,3
31118,10.349864,4.5145335,6
31119,0.904398,6.654874,8
31120,1.3043063,11.622964,9
31121,-1.1486015,13.669798,4
31122,-3.6428468,0.6832359,1
31123,-1.5391262,13.529598,4
31124,6.8279543,6.078928,8
31125,-4.861564,11.101326,7
31126,-0.5463779,13.764082,4
31127,15.156833,6.662346,0
31128,1.3225329,12.060992,9
31129,-2.4879372,-1.3346959,1
31130,1.800497,12.139832,9
31131,-0.7745995,11.969362,9
31132,-0.40875402,12.071054,9
31133,4.102022,-1.7316674,2
31134,2.8211348,-1.1615927,1
31135,1.6024586,7.1000223,8
31136,6.792592,5.9142046,3
31137,-4.960781,11.890461,7
31138,14.978288,8.554199,0
31139,0.46278295,6.7889757,8
31140,6.4513984,6.2569666,3
31141,-0.969672,11.893359,9
31142,-1.0061307,11.9926605,9
31143,11.107385,5.3799214,6
31144,-2.6290238,-1.4010609,1
31145,15.567764,8.820368,0
31146,1.5987676,-0.20081969,2
31147,10.386392,3.6935422,6
31148,3.5702908,-0.056127764,2
31149,3.475705,6.0310273,5
31150,2.9558032,-0.7295983,2
31151,2.9258158,5.402816,5
31152,10.924139,5.0048265,6
31153,5.998594,5.6870365,3
31154,16.118769,7.1738634,0
31155,6.798104,5.360899,3
31156,-3.967783,11.425903,7
31157,6.4733486,6.709203,3
31158,3.5277002,6.7901363,5
31159,-1.3681911,14.682565,4
31160,-4.9422503,10.787817,7
31161,-0.2556065,11.799521,9
31162,0.5468662,7.5302277,8
31163,-0.5024689,13.63952,4
31164,-0.686191,13.405977,4
31165,15.361704,6.582593,0
31166,-3.297712,-1.4246967,1
31167,10.2639,2.9989102,6
31168,1.4915608,6.497302,8
31169,-2.8506737,0.12738006,1
31170,0.6131211,12.281698,9
31171,15.494426,7.7839193,0
31172,14.590796,7.622523,0
31173,15.4260645,8.611312,0
31174,-1.6654887,-3.301038,1
31175,10.91502,3.7007146,6
31176,-4.644112,11.837661,7
31177,4.5488114,-1.4680045,2
31178,6.043055,5.7053614,3
31179,-2.9311702,-1.658959,1
31180,14.684043,8.911835,0
31181,-2.6568491,-1.6259421,1
31182,0.77312315,6.8146644,8
31183,7.0219035,5.131013,3
31184,2.2436478,12.756034,9
31185,-1.9892803,15.2622175,2
31186,5.9489884,7.695268,5
31187,-3.917685,10.424508,7
31188,1.7404615,-0.31275356,2
31189,-4.022896,9.939647,7
31190,4.896203,7.501475,5
31191,0.35125828,6.2595396,8
31192,-4.660432,10.383916,7
31193,10.452181,4.3505464,6
31194,14.401464,7.237862,0
31195,15.21948,8.4617815,0
31196,-3.3283434,10.252522,7
31197,-1.973409,15.295064,2
31198,1.8144202,-1.157624,1
31199,14.951511,6.9984703,0
31200,2.221702,12.470739,9
31201,6.9594765,5.2121577,3
31202,14.912068,8.135404,0
31203,10.539368,3.909341,6
31204,11.449976,5.5577455,6
31205,0.19798256,5.8412304,8
31206,2.163507,7.6194377,8
31207,-5.141901,10.019257,7
31208,10.630905,4.9146166,6
31209,-3.7051291,1.3247447,1
31210,-4.5372605,12.262991,7
31211,2.9796343,5.434041,5
31212,10.827199,3.6476305,6
31213,-0.57410884,10.524378,9
31214,5.4018545,7.7218733,5
31215,-1.8662753,10.519635,9
31216,4.171877,-1.857214,2
31217,5.8002877,4.8505273,3
31218,-0.2798296,10.458079,9
31219,-3.9468973,9.04239,7
31220,11.55427,6.205164,6
31221,4.580816,-1.420338,2
31222,6.019765,7.5361514,5
31223,-1.0042005,13.791671,4
31224,0.04721143,14.934881,4
31225,-0.8681251,11.702949,9
31226,-1.4541172,11.626196,9
31227,-0.89982826,13.955133,4
31228,10.138842,3.0578306,6
31229,5.810864,5.3606567,3
31230,3.9893224,6.7390375,5
31231,10.475572,4.287292,6
31232,10.046197,3.6830857,6
31233,3.8314104,-0.9379251,2
31234,15.359188,5.99124,0
31235,-1.392857,13.745424,4
31236,0.8238321,6.802301,8
31237,-2.2631807,-0.7694217,1
31238,-0.8001099,-4.073383,1
31239,-3.2617266,9.73776,7
31240,3.7428071,-1.4963827,2
31241,4.4987783,-1.4374619,2
31242,4.9764805,6.567668,5
31243,16.689354,7.0670214,0
31244,0.28107205,11.918125,9
31245,-3.9444857,1.7812725,1
31246,1.2946291,14.671967,4
31247,4.597484,-1.0064055,2
31248,-0.06625396,5.776454,8
31249,5.519715,4.660967,3
31250,-1.5781438,-3.2252765,1
31251,-1.1757069,14.616664,4
31252,2.8838372,5.8977494,5
31253,2.9023967,4.870442,5
31254,5.8331285,6.2062116,3
31255,10.697772,2.303408,6
31256,0.25367865,11.570389,9
31257,-4.668078,8.860954,7
31258,1.6982625,-0.6538899,2
31259,-0.92645913,5.3117824,8
31260,1.7286307,6.882112,8
31261,-1.419386,10.66101,9
31262,1.2267951,12.247635,9
31263,16.645376,6.8817196,0
31264,-0.67032325,-3.7185915,1
31265,-3.7652009,2.0549731,1
31266,5.3781075,7.5786963,5
31267,4.5695376,-1.0353703,2
31268,11.16768,4.197155,6
31269,5.9232707,3.6380973,3
31270,10.663809,3.4764822,6
31271,-4.6591735,10.949841,7
31272,15.2791815,8.953801,0
31273,-0.95512325,5.111745,8
31274,5.041069,4.778913,3
31275,-1.1255558,10.140513,9
31276,2.533891,-0.3667663,2
31277,16.016237,6.5479927,0
31278,-1.4013946,-2.88213,1
31279,-3.7916336,2.0353801,1
31280,-0.5905001,-3.938823,1
31281,4.838853,-0.97568387,2
31282,-2.0641992,-1.5064609,1
31283,5.904812,3.3056426,3
31284,-3.9897401,11.977301,7
31285,-1.9225638,15.251897,4
31286,-2.4756536,-2.4767487,1
31287,2.5039976,4.4357963,5
31288,15.689935,6.37716,0
31289,11.121162,2.3527195,6
31290,3.1630988,6.7838254,5
31291,-5.1419826,9.357492,7
31292,1.3191769,6.3779774,8
31293,-0.13904215,5.067474,8
31294,10.430677,4.93444,6
31295,-3.2279155,9.661034,9
31296,-3.4465833,-0.40661287,1
31297,16.405806,7.5160856,0
31298,-0.22640593,6.384483,8
31299,-1.8427274,9.455726,9
31300,-3.411255,10.855355,7
31301,3.1950653,4.7851653,5
31302,5.488042,7.694052,5
31303,11.118612,2.908683,6
31304,1.5841365,-0.13137017,2
31305,-2.067208,15.263808,4
31306,1.1268307,6.7878056,8
31307,-3.7828882,1.3438857,1
31308,5.613246,5.126546,8
31309,-0.9985944,9.722917,9
31310,10.69091,4.5777836,0
31311,6.4130015,3.742636,3
31312,1.5096618,11.757062,9
31313,-0.18495202,5.0042753,8
31314,16.02713,6.0600257,0
31315,-1.9325529,15.273503,4
31316,4.9431634,6.906393,5
31317,-1.8631078,15.301741,4
31318,-0.96263766,-3.7006354,1
31319,-4.3397393,9.06074,7
31320,-0.5944918,11.91836,9
31321,15.997554,5.980733,0
31322,0.586122,13.720613,4
31323,-3.995936,1.6238573,1
31324,0.029311905,14.748297,4
31325,-1.5828555,9.78192,9
31326,1.3282832,12.209206,9
31327,3.187978,-0.44853908,2
31328,3.2208712,5.2884474,5
31329,-0.32287198,5.4084125,8
31330,-3.2934976,10.20601,7
31331,-4.19428,8.8227,7
31332,-1.2605493,-2.687141,1
31333,-0.58184534,5.3087254,8
31334,0.29306543,6.927017,8
31335,3.170991,4.7044744,5
31336,-1.577135,10.4284,9
31337,-0.8741085,10.153207,9
31338,2.4332733,0.015569644,2
31339,10.742684,2.131626,6
31340,0.34492204,13.599767,4
31341,16.55184,6.6546245,0
31342,10.3891,4.339607,6
31343,10.7100115,2.2604606,6
31344,2.9414284,5.564995,5
31345,2.493533,4.324188,3
31346,3.8854961,6.685357,5
31347,2.746569,4.247906,3
31348,-2.559506,-2.185434,1
31349,2.923804,4.2792444,3
31350,15.792173,7.608589,0
31351,-3.1542497,9.793724,9
31352,4.037236,6.760725,5
31353,-0.73352176,10.383329,9
31354,2.2955694,-0.86785597,2
31355,-0.19754761,6.2377357,8
31356,14.649585,5.9628277,0
31357,-3.1168444,0.96223575,1
31358,-0.74704057,11.623094,9
31359,-2.0178747,14.115631,4
31360,2.9123454,0.20767838,2
31361,16.573908,7.5159035,0
31362,-3.8318944,11.402918,7
31363,10.602386,3.0223985,6
31364,1.5040697,12.210892,9
31365,-3.1006258,0.49690735,1
31366,-3.3800921,-0.23766714,1
31367,15.841812,6.8331947,0
31368,11.780768,6.4397945,6
31369,16.09558,7.066225,0
31370,-0.42280298,-4.3578987,1
31371,10.602768,2.4095109,6
31372,2.0742009,-0.47396764,2
31373,-3.1910615,0.71931595,2
31374,-4.3327456,11.9305725,7
31375,-2.936023,0.45320877,1
31376,0.8988814,12.162469,9
31377,-3.2127218,-1.7997197,1
31378,0.5696683,13.824362,4
31379,5.6277094,4.258479,3
31380,1.0755098,7.477222,8
31381,3.4679744,0.65250117,2
31382,-3.757292,11.559301,7
31383,-4.9372163,10.303427,7
31384,-0.92678934,-3.1426544,1
31385,-3.3844795,9.440317,7
31386,-0.9886033,-3.60799,1
31387,-4.0562596,9.160712,7
31388,1.9245694,-0.70743227,2
31389,16.500204,7.754321,0
31390,0.46852005,6.687319,8
31391,-5.1292944,9.162255,7
31392,15.628308,7.003392,0
31393,16.767681,7.80806,0
31394,-1.7391459,10.52362,9
31395,5.904152,3.2696502,3
31396,-3.3501058,10.989137,7
31397,10.603139,2.2795823,6
31398,-5.182811,10.861285,7
31399,-0.868247,5.342102,8
31400,1.6420609,11.95545,9
31401,4.809745,-0.837194,2
31402,5.1544194,7.8527756,5
31403,-1.8412479,14.563544,4
31404,5.8580413,4.546594,3
31405,-0.9954182,10.474371,9
31406,-1.509318,-3.7743583,1
31407,-1.8514581,15.3023405,4
31408,-3.480348,11.149802,7
31409,6.5201974,3.7108333,3
31410,14.737927,8.090056,0
31411,11.416286,3.4272292,6
31412,1.3501418,14.403267,4
31413,2.6335359,4.460661,5
31414,1.4913028,7.363602,8
31415,2.6870062,4.43884,5
31416,0.5744259,13.861347,4
31417,-0.7508305,9.927539,9
31418,4.5635505,7.557145,5
31419,-2.1156282,15.145683,4
31420,-2.16105,-1.0717827,1
31421,-3.9316928,2.57857,1
31422,2.2202892,-0.074115284,2
31423,-4.5687966,8.43585,7
31424,3.6054366,5.9442964,5
31425,15.940209,7.0130715,0
31426,-1.9901155,10.00995,9
31427,-4.069202,-0.12955375,1
31428,1.3819001,12.586067,3
31429,2.5818608,-0.9178633,2
31430,15.23797,8.591633,0
31431,5.5020766,4.349703,3
31432,-2.8670647,-2.188569,1
31433,-1.7334278,14.612698,4
31434,3.9184396,6.1537576,5
31435,4.5847254,6.9118137,5
31436,0.97186774,14.451456,4
31437,10.614379,2.3367546,6
31438,1.3409302,14.235564,4
31439,-4.1185613,8.410678,7
31440,1.8187155,7.366464,8
31441,-0.0865023,5.3442273,8
31442,3.1504276,5.110449,5
31443,-2.536538,9.591237,9
31444,5.435983,7.4158163,8
31445,15.753532,7.391734,0
31446,6.6556163,5.13497,3
31447,-3.1041286,-0.6945709,1
31448,-0.3942125,14.0701275,4
31449,3.4898438,-0.28473133,2
31450,-3.1918018,8.989141,3
31451,6.7116857,5.3039675,3
31452,5.486456,5.6640086,3
31453,-1.57112,13.528877,4
31454,1.9015249,-0.3466107,2
31455,4.481784,6.838237,5
31456,0.74088985,10.830503,9
31457,10.065004,2.7963223,6
31458,-0.57674855,12.832762,4
31459,-4.4381585,9.380693,7
31460,-4.609973,12.112614,7
31461,0.7840798,5.9132543,8
31462,2.0696175,-0.7293708,2
31463,14.625674,6.285075,0
31464,11.027898,4.829208,6
31465,-4.29228,1.2557416,1
31466,14.203303,7.791572,0
31467,2.2642996,-0.011220452,2
31468,-0.0096786,5.5713706,8
31469,6.0134964,4.1739645,3
31470,14.54838,7.08567,0
31471,-1.1115111,14.60342,4
31472,4.9879513,6.8575377,5
31473,4.866021,7.466711,5
31474,5.9812665,4.622806,8
31475,10.054707,2.5870748,6
31476,15.74129,7.7476788,0
31477,-4.1456904,8.543771,7
31478,-2.495593,-3.6048694,1
31479,0.62167907,5.753491,8
31480,2.1079578,12.656167,9
31481,10.370767,4.3500137,6
31482,5.662117,4.149601,3
31483,3.4611788,-0.80863875,2
31484,-0.2164787,13.397613,4
31485,-5.241381,11.989288,7
31486,2.1750174,6.7380877,8
31487,-2.4365253,-0.96384597,1
31488,4.9695983,5.4686255,3
31489,3.3644128,6.31092,5
31490,15.00682,6.5478005,0
31491,10.70536,3.1812181,6
31492,1.7540485,-0.1761281,2
31493,3.6396985,-1.1605647,2
31494,-2.8086598,-3.0898612,1
31495,5.0580926,7.8436875,5
31496,4.620699,7.28472,5
31497,14.594195,8.379179,0
31498,-1.4009396,-2.5623622,1
31499,5.3120914,7.5432553,5
31500,10.285507,4.9614463,6
31501,-0.99714226,14.107149,4
31502,14.712582,7.9251914,0
31503,2.9294708,-0.87423384,2
31504,5.686647,5.152445,3
31505,15.181521,6.273075,0
31506,3.1249447,0.6719234,2
31507,0.5663788,6.559552,8
31508,3.227364,-0.27338547,2
31509,15.855802,7.1017857,0
31510,-4.9527607,11.55305,7
31511,-3.537653,1.5306942,1
31512,1.4713005,-0.39630586,2
31513,3.520326,-0.8145547,2
31514,1.3977519,14.736837,4
31515,5.508053,4.0561447,3
31516,10.25615,2.5298617,6
31517,-4.6604857,9.130433,4
31518,14.893592,8.569435,0
31519,3.5545156,5.4620705,5
31520,5.0241933,7.480624,5
31521,10.520112,2.2612646,6
31522,0.4160321,13.423566,4
31523,-3.494363,10.431432,7
31524,0.99516064,12.149649,9
31525,0.038664054,5.5350723,8
31526,-1.9259665,-3.6495192,1
31527,-4.84054,11.451062,7
31528,0.60635656,6.594412,8
31529,-3.4987495,-1.4596037,1
31530,1.5090697,6.668271,8
31531,-4.7259674,11.203034,7
31532,-1.3454965,10.756989,9
31533,-4.85211,10.321161,7
31534,-2.5609725,-0.63155705,1
31535,15.39293,5.8945374,0
31536,0.45637313,14.166599,4
31537,-3.7096102,0.56133276,1
31538,6.5981007,4.8866363,3
31539,-1.5640371,14.729198,4
31540,1.0877743,7.043431,8
31541,0.3221983,15.020202,4
31542,-3.2064838,9.75363,7
31543,-0.69893175,15.211761,4
31544,6.457596,4.5724616,3
31545,2.904559,6.511851,5
31546,2.9409633,-1.1711776,2
31547,-4.902857,11.695862,7
31548,5.9319453,5.4850492,3
31549,-0.19132796,15.089882,4
31550,-3.2223983,10.581227,7
31551,-0.4337962,10.833547,9
31552,-0.7121016,13.160258,4
31553,-3.590913,9.109312,7
31554,5.1947474,7.586705,5
31555,3.9500144,-0.80970776,2
31556,-2.8417084,-1.1327201,1
31557,10.700067,2.3079014,6
31558,-3.2932334,10.997909,7
31559,6.0513144,5.3471284,3
31560,-3.586498,10.453511,7
31561,-1.5059421,11.464134,9
31562,5.487111,7.4052935,3
31563,-1.5575765,14.758571,4
31564,6.3060937,6.3663774,3
31565,0.31437683,11.165219,9
31566,0.4987994,11.790695,9
31567,15.853785,7.027958,0
31568,11.449154,5.325729,6
31569,-0.49934107,5.9627805,8
31570,-0.9561189,-4.4812136,1
31571,-3.8378584,9.633133,7
31572,10.537333,3.7552092,6
31573,-1.7911725,10.005475,9
31574,0.21765515,13.87739,4
31575,16.11522,6.6092105,0
31576,-4.212236,11.708584,7
31577,11.027835,3.0595002,6
31578,-1.8028657,-4.0327682,1
31579,5.5355554,4.116906,3
31580,1.7689183,14.592894,4
31581,16.42314,7.862877,0
31582,6.6099453,4.287501,3
31583,-2.1064625,14.667789,4
31584,4.8942475,7.7932687,5
31585,11.038925,2.9681764,6
31586,10.3327265,3.9073937,6
31587,5.5580597,4.1814466,3
31588,10.113687,3.3075519,6
31589,-4.4918976,8.746167,7
31590,4.778838,7.0711126,5
31591,-0.8256852,5.1330466,8
31592,-0.8844845,-3.1956182,1
31593,-1.7078688,10.1885195,9
31594,-4.6539392,11.827619,7
31595,6.689675,4.2048383,3
31596,0.42380026,6.393651,3
31597,-3.4758985,1.3546797,1
31598,1.0419167,14.471446,4
31599,0.09730963,5.7525845,8
31600,6.1696315,6.3105955,8
31601,-1.7694132,14.465483,4
31602,6.109982,5.498505,3
31603,3.333311,-0.7032305,2
31604,15.821764,7.9063644,0
31605,-1.2297096,10.682442,9
31606,11.006742,5.785231,6
31607,1.5165486,6.5659795,8
31608,1.9195777,-0.8898585,2
31609,2.8968484,0.53084993,2
31610,5.5495515,4.9785595,3
31611,-0.17309612,5.7961464,8
31612,9.81128,3.1523492,6
31613,11.297069,3.3111763,6
31614,-4.6328855,10.55366,7
31615,3.8454351,6.4031935,5
31616,3.3159037,-0.9876745,2
31617,3.1517482,-0.4626901,2
31618,4.7792306,6.8344817,5
31619,10.649658,2.6581702,6
31620,10.383181,2.6194327,6
31621,-1.3817635,10.215659,9
31622,1.9028373,6.9978747,8
31623,10.924046,2.6948647,6
31624,2.2567675,12.424192,9
31625,16.38652,7.220068,0
31626,11.152211,5.849705,6
31627,5.427347,4.537062,3
31628,14.340454,5.779543,0
31629,10.948241,2.6380875,6
31630,0.90866417,7.25024,8
31631,5.2266684,4.341572,3
31632,-0.6867706,13.022675,4
31633,-2.0562763,-1.2813008,1
31634,1.9797714,0.17821552,2
31635,3.2424016,0.35366228,2
31636,5.905096,5.469201,3
31637,3.9764957,6.266165,5
31638,2.6507895,0.282892,2
31639,16.468267,7.2963476,0
31640,-0.8104891,-3.3877106,1
31641,5.8327985,4.162803,3
31642,-1.3481178,-2.3451133,1
31643,-3.9548059,8.449361,7
31644,4.962378,6.493074,5
31645,10.462192,2.293624,6
31646,11.66574,6.2760363,6
31647,-3.9656384,1.7584984,1
31648,-5.048807,12.15049,7
31649,2.6819575,4.542575,5
31650,2.3291752,12.966523,5
31651,4.2508636,6.8718734,5
31652,-2.4346268,10.998824,9
31653,-2.1328895,9.808672,9
31654,11.493649,6.0703998,6
31655,-0.5610706,5.31495,8
31656,0.07634373,6.345416,8
31657,16.266752,6.727555,0
31658,3.1035104,-1.2216094,2
31659,-2.088517,10.010305,9
31660,1.0744482,14.022157,4
31661,15.067247,8.63097,0
31662,3.4247694,-1.7088469,2
31663,-1.7966022,-3.5976613,1
31664,1.2636393,12.628822,3
31665,1.4140695,-0.5462897,2
31666,3.0834818,0.019601677,2
31667,5.1485057,5.945084,3
31668,-0.18480465,13.024326,4
31669,-0.51295394,12.962244,4
31670,10.8918495,3.803031,6
31671,-4.1918783,11.219616,7
31672,-4.048252,2.2923067,6
31673,-3.824357,9.405042,8
31674,-4.531431,10.303599,7
31675,-3.9737294,11.69382,9
31676,0.0070638396,11.983628,9
31677,14.461281,8.396018,0
31678,-4.127419,10.74894,7
31679,-1.9950767,-3.69934,1
31680,6.8119197,5.435085,3
31681,1.8373586,-0.13892475,2
31682,4.1025395,6.349856,5
31683,15.039016,8.597229,0
31684,-3.229573,9.673499,7
31685,-2.015444,-3.626667,1
31686,10.64459,3.0676174,6
31687,4.323105,7.763001,5
31688,3.4940715,-1.8415129,2
31689,-2.5230217,-2.8948214,1
31690,-3.3844695,11.391752,7
31691,6.819817,5.5321884,3
31692,0.41603807,14.60665,4
31693,1.3603352,12.662057,9
31694,4.5010076,7.4010887,5
31695,14.790835,8.854162,0
31696,3.1594827,-1.4940337,2
31697,0.33122405,12.192683,9
31698,-3.6657188,9.637795,7
31699,-5.430821,12.124299,7
31700,-0.40563333,12.118085,9
31701,-2.160124,-3.301108,1
31702,3.438327,6.5012035,5
31703,5.881373,6.551908,3
31704,1.4347585,7.3002343,8
31705,10.730993,5.4552855,6
31706,5.4485497,6.9567995,8
31707,0.40877676,12.373214,9
31708,10.045904,3.035157,6
31709,1.4287782,-0.5540402,2
31710,10.455625,3.4100692,8
31711,-4.1124225,2.5301003,4
31712,-3.217459,10.12723,7
31713,-4.261891,10.416413,7
31714,11.344252,5.992364,6
31715,-3.8768077,9.595309,7
31716,14.8700075,8.860879,0
31717,-0.6111283,13.0228,4
31718,-3.2596211,-1.4859124,1
31719,6.9193063,5.9181976,3
31720,5.2712007,5.196039,3
31721,-0.08977511,5.9232183,8
31722,6.90689,5.780659,3
31723,5.610884,5.704011,3
31724,6.4700704,4.7600794,3
31725,-3.7326097,9.867861,7
31726,0.31252584,6.3160014,8
31727,-4.2489443,10.406988,1
31728,0.08217297,15.0229225,4
31729,-4.063569,0.55681574,1
31730,-4.3387556,11.9720745,7
31731,-4.8491426,10.341727,7
31732,1.8044573,7.2484117,8
31733,-0.26926214,10.675216,9
31734,3.3453183,6.4809065,5
31735,5.7915235,5.4172707,3
31736,11.239832,3.8653665,6
31737,-0.32070044,10.416953,9
31738,2.858163,6.2243233,8
31739,-4.2457705,2.185719,1
31740,2.3652835,-0.38583994,2
31741,11.772438,5.8175073,6
31742,-4.9568815,11.936939,7
31743,-2.046529,14.576236,4
31744,2.2102134,12.634222,9
31745,5.916965,6.267143,3
31746,4.965597,7.683145,5
31747,-0.82671034,10.899322,9
31748,3.7558215,-1.3953396,3
31749,-0.16544989,6.2401814,8
31750,0.7090657,14.9437895,4
31751,-3.3416932,0.25933054,1
31752,10.757199,5.359287,6
31753,14.064811,6.7302027,0
31754,10.502077,2.3941512,6
31755,-1.1220946,-3.2585118,1
31756,5.5562925,7.4007277,5
31757,1.9458156,0.12632413,2
31758,1.2591798,7.732799,8
31759,5.5579467,6.0069027,3
31760,4.7115803,7.2572656,8
31761,-0.5797933,12.901948,4
31762,-1.9679184,-3.6217124,1
31763,4.830688,7.6641173,5
31764,-3.0130537,-1.6426259,1
31765,1.6094763,7.397878,8
31766,-2.9513795,-2.4974291,1
31767,0.59365356,12.057188,9
31768,4.87999,7.2880263,5
31769,14.3405485,7.394699,0
31770,0.96347964,6.791128,8
31771,-1.101333,-4.2766647,1
31772,4.563098,7.657364,5
31773,2.208475,-0.9125755,2
31774,1.1909887,14.206142,4
31775,6.7905927,5.6890616,3
31776,1.9016902,14.432398,4
31777,-0.51585627,12.988486,4
31778,15.464536,7.0907564,0
31779,5.0581193,7.8044267,5
31780,-1.304469,-3.7837682,1
31781,1.8197987,7.3097305,8
31782,2.798194,6.1450777,5
31783,1.8956038,12.203991,9
31784,-0.7850057,-3.3999064,1
31785,14.046785,7.762621,0
31786,0.9877007,11.581063,9
31787,-0.95361435,-3.7189958,1
31788,5.494304,5.5285053,3
31789,1.8955965,-0.68282074,2
31790,0.5214755,14.981448,4
31791,5.7147913,5.8428283,3
31792,-3.629052,9.143459,7
31793,-0.45063582,12.995782,4
31794,-4.107095,10.179514,2
31795,4.7064705,7.7474346,5
31796,-5.3044395,12.233021,7
31797,11.028977,5.895541,6
31798,-0.36383528,12.439829,9
31799,-4.177165,11.763699,7
31800,0.86024183,7.338441,8
31801,1.8608205,7.265773,8
31802,2.516961,-1.3511894,2
31803,0.778471,12.101668,9
31804,-4.7881904,11.26432,7
31805,6.4080005,4.94256,3
31806,11.090364,5.598449,6
31807,2.1010966,-0.06447936,2
31808,14.423827,7.6095943,0
31809,1.1624508,11.981731,9
31810,1.2941438,7.324563,8
31811,6.7875047,5.310602,3
31812,-3.8285704,8.61201,7
31813,2.343584,-0.0888564,2
31814,1.4799253,14.475803,4
31815,-1.2339265,-3.0375345,1
31816,0.46245408,6.460001,8
31817,-0.40805605,12.968546,4
31818,1.6881541,12.652552,9
31819,5.4941864,7.5455017,5
31820,2.8928378,6.332272,5
31821,4.9153666,7.7594237,5
31822,1.2301114,12.745409,9
31823,2.0807812,-0.861264,2
31824,-4.843146,9.63077,7
31825,6.802164,5.6703525,3
31826,-4.948094,11.981102,7
31827,2.2278574,0.35288057,2
31828,-0.9477382,10.669957,9
31829,-1.4312115,-4.2833214,1
31830,15.633647,7.016092,0
31831,5.615482,5.4326015,3
31832,0.0515198,6.9249663,8
31833,1.8065933,12.725333,9
31834,-0.44024503,10.785144,9
31835,-4.77108,12.302551,7
31836,15.07037,7.0115705,0
31837,3.1462133,-1.5527418,2
31838,5.1127667,7.1391163,5
31839,-1.6127107,-3.649777,1
31840,1.1916056,12.580212,9
31841,1.4531099,12.283951,9
31842,-1.7211117,10.575616,9
31843,-1.45033,-3.4961972,1
31844,-4.570912,11.396976,7
31845,1.1483345,7.7385473,8
31846,-3.6212585,-1.1736681,1
31847,1.3837428,7.7712283,8
31848,-1.1532009,-2.5177927,1
31849,-3.9146068,11.895483,7
31850,5.014162,5.2958603,7
31851,1.2083428,7.8107796,8
31852,2.350492,-0.092496574,2
31853,-2.0160408,-3.1159737,1
31854,1.0430261,12.467166,9
31855,14.567183,8.711615,0
31856,9.999938,2.5040896,6
31857,14.474449,8.662947,0
31858,0.25777256,14.085159,4
31859,11.059488,5.673858,6
31860,0.7099538,13.931287,4
31861,-4.433827,11.844478,7
31862,-3.032784,-1.800754,1
31863,4.376061,7.8727927,5
31864,-1.7677374,-3.661273,1
31865,14.503757,8.504226,0
31866,-0.3209889,14.429298,9
31867,10.811824,5.356613,6
31868,5.568937,5.730864,3
31869,-1.2602613,-3.350622,1
31870,-1.8725809,-3.9799569,1
31871,-1.3041884,-3.992607,1
31872,-1.060319,14.0650215,4
31873,2.063791,-0.033864018,2
31874,3.3957849,-0.83124226,2
31875,5.165272,7.6711726,5
31876,-0.0829352,12.5697155,9
31877,14.44533,7.184107,0
31878,1.6297168,12.540202,9
31879,-3.4339483,11.052696,7
31880,0.76144356,6.7227254,8
31881,1.3636373,7.7648034,8
31882,-4.419873,10.709041,7
31883,-0.8325424,12.974012,4
31884,1.5604701,-0.108296864,2
31885,-0.57440805,12.900881,4
31886,4.025193,7.1647053,5
31887,-1.7322505,-3.653957,1
31888,0.6481223,11.581278,9
31889,0.9235013,7.615815,8
31890,1.6893592,-0.32256803,2
31891,4.5949855,7.787092,5
31892,11.111282,5.8511553,6
31893,1.3630114,12.593959,9
31894,-2.598909,-2.350549,1
31895,14.339739,7.792383,0
31896,-0.39698723,11.972304,9
31897,6.7445173,6.060095,3
31898,10.065666,4.028313,6
31899,-3.5695462,11.28135,7
31900,2.9364789,5.860818,5
31901,-1.3884671,-2.8833027,1
31902,-4.3417754,11.842922,7
31903,11.032367,5.8002124,6
31904,14.775142,8.871023,0
31905,2.1905217,-0.49102795,2
31906,1.2744012,6.380477,8
31907,10.426836,4.974067,6
31908,-1.1754093,-3.9199636,1
31909,10.717708,5.272378,6
31910,-4.678256,11.069954,7
31911,-1.0692027,-4.053558,1
31912,-3.3734128,11.040005,7
31913,6.7293034,5.425197,3
31914,-3.6901093,9.0150795,7
31915,1.5005882,7.54555,8
31916,-2.4575114,-2.8548095,1
31917,1.1132524,12.564461,9
31918,0.7652952,11.901232,9
31919,0.45223877,12.304168,9
31920,-2.814049,-2.6193757,1
31921,4.949748,7.8634305,5
31922,0.48630294,12.007941,9
31923,0.55882454,12.069379,9
31924,11.704303,6.4869514,6
31925,6.777016,5.442684,3
31926,3.029547,6.5934725,5
31927,-4.0007334,11.349622,7
31928,3.518242,-1.736343,2
31929,4.9761744,7.686111,5
31930,-1.446104,-2.9650888,1
31931,10.414581,4.9303775,6
31932,-1.9659084,-1.1551661,1
31933,2.140359,-0.57147694,2
31934,-0.9282949,12.424015,9
31935,2.1401098,-0.063229755,2
31936,6.088183,5.2172575,3
31937,14.418225,7.6163883,0
31938,0.61827093,5.604722,8
31939,-0.7039505,12.235262,9
31940,-0.1257524,12.979812,4
31941,-0.83903855,12.987111,4
31942,2.0844643,12.782459,9
31943,16.185408,8.065364,0
31944,4.9216037,6.961569,5
31945,-3.0148633,0.41228968,1
31946,4.095549,7.3070207,5
31947,3.929582,-1.4214188,2
31948,10.411713,3.3154597,6
31949,5.916209,5.357952,3
31950,-2.5847974,-1.6862247,1
31951,-0.94026744,15.291997,4
31952,4.805801,4.911933,3
31953,4.3502116,7.0893517,5
31954,14.773303,7.192166,6
31955,11.380239,3.4674146,6
31956,2.070208,0.2178423,2
31957,-5.060053,9.86972,7
31958,2.5770047,-1.1975478,2
31959,-0.60266924,5.6776094,8
31960,6.870969,5.847344,3
31961,-0.85411876,10.185246,9
31962,5.425933,6.676496,3
31963,-3.0329719,0.46347964,1
31964,-4.8020964,10.950316,7
31965,-1.5984075,15.282682,4
31966,-2.1559489,-3.1375988,1
31967,-3.9173396,8.737855,7
31968,4.4635243,7.3192663,8
31969,15.495251,8.072711,0
31970,2.294745,-0.020640962,2
31971,-3.0096643,0.11804727,1
31972,0.84390503,7.2151957,8
31973,3.7036185,-1.1704721,2
31974,11.728978,5.996518,6
31975,5.3085804,4.1848955,3
31976,4.4296174,7.2408705,5
31977,-1.2252935,15.135285,4
31978,3.2880373,-1.2440944,2
31979,2.775697,5.160186,5
31980,-1.7050122,-3.9201174,1
31981,11.099812,2.5050216,6
31982,3.1478624,6.5441394,5
31983,-4.3941994,9.037908,7
31984,0.10740843,14.56667,4
31985,-0.39603597,6.442137,8
31986,-1.5898914,11.413358,9
31987,-0.6375556,10.512127,9
31988,5.825977,6.384599,3
31989,6.6752014,4.0506983,3
31990,-2.2408848,-3.5631516,1
31991,-3.7049825,9.115844,7
31992,-5.1645565,12.117834,7
31993,-3.3897295,0.04390749,1
31994,1.3617799,13.350276,4
31995,15.371108,6.03106,0
31996,-3.8054755,11.038485,7
31997,-4.5807858,9.690574,7
31998,11.0757675,4.8482013,6
31999,3.844724,5.288959,5
32000,0.3551704,5.9635687,8
32001,4.206897,6.6480365,5
32002,9.961692,4.2670946,6
32003,11.262939,3.7575235,6
32004,-5.2406297,10.779818,7
32005,-3.3800516,0.14232512,1
32006,11.115334,5.5827765,6
32007,15.917271,8.042006,0
32008,3.337074,-0.34207913,2
32009,16.319881,7.927277,0
32010,3.455896,-1.1684948,2
32011,0.6022169,5.8296194,8
32012,0.3137554,7.1360383,8
32013,5.1644998,4.3206534,3
32014,0.014450246,15.004319,4
32015,-0.94677615,14.62658,4
32016,-0.036485787,10.756126,9
32017,-0.37137896,5.3650265,3
32018,-3.434452,0.9740289,8
32019,-3.2047195,-0.02116203,1
32020,-0.33685642,13.15458,4
32021,-0.7347967,11.005595,9
32022,4.836581,-1.2648152,2
32023,4.380538,6.618536,5
32024,2.3102143,-0.87702405,2
32025,6.1739373,4.2450147,3
32026,5.611674,7.161151,5
32027,-1.1065661,14.21252,4
32028,-4.2108936,9.771773,7
32029,-1.2833322,11.227325,9
32030,1.7777668,6.9627705,8
32031,5.1545806,4.368371,3
32032,-0.9236871,13.040103,4
32033,-1.0263968,11.576049,9
32034,-0.8345349,-3.2522604,1
32035,3.239632,-1.0429465,2
32036,14.3463745,7.8494234,0
32037,-1.6901226,14.162842,4
32038,-2.9749498,-2.0265322,1
32039,3.5389595,5.9723167,5
32040,5.79151,6.8182216,5
32041,-2.853724,0.28557187,1
32042,5.884699,5.206238,3
32043,10.61405,3.020945,6
32044,6.4907465,4.0528555,3
32045,-0.68707454,13.949092,4
32046,1.9665059,7.154432,8
32047,0.088656716,10.955994,9
32048,-3.0877023,10.25321,7
32049,-1.4269831,14.550694,4
32050,11.495391,6.0219336,6
32051,-0.9746793,10.596022,9
32052,4.2300863,7.578718,5
32053,-1.0207344,14.6301365,4
32054,-1.8423636,-1.8231628,1
32055,-3.3175375,0.93985784,1
32056,1.3412328,14.406654,4
32057,4.348278,-0.8276389,2
32058,10.676461,2.45448,6
32059,3.8447318,5.1722755,5
32060,5.585825,7.655901,5
32061,0.42013493,5.933413,8
32062,15.368323,7.169199,0
32063,-2.7394278,-1.385161,1
32064,-1.2581154,11.285911,9
32065,2.8738182,-1.3133357,2
32066,-2.5676944,10.653711,9
32067,-0.83876365,10.935552,9
32068,-0.8600518,10.269916,9
32069,-1.6105027,14.380638,4
32070,-1.4621341,-2.878934,1
32071,5.626466,4.6229024,3
32072,-3.505262,-1.0529382,8
32073,-0.26384112,6.4747233,8
32074,3.0435529,6.686428,5
32075,3.4620245,-1.2896065,2
32076,0.36927882,6.7674694,8
32077,2.5690818,-0.6680511,2
32078,0.33741572,7.0852065,8
32079,-3.1210067,1.0430135,1
32080,6.0145407,7.55347,5
32081,4.3971953,-0.86326814,2
32082,11.36853,6.250564,6
32083,-3.372645,0.45882013,1
32084,0.91784656,14.443277,4
32085,-2.3623562,-0.58366996,1
32086,14.581193,7.990048,0
32087,5.8462167,4.304184,3
32088,-1.082386,13.695714,4
32089,-0.99632746,10.482755,9
32090,4.683992,6.7204056,5
32091,5.584429,3.963846,3
32092,14.420541,6.290572,0
32093,-0.16657408,5.2989163,8
32094,-0.84407324,14.417306,4
32095,-4.5547853,10.117659,7
32096,-1.4912211,-3.970919,1
32097,15.508316,5.8677435,0
32098,15.270505,6.0198026,0
32099,-4.923094,10.716596,7
32100,1.127889,12.573048,9
32101,-1.2288394,14.918972,4
32102,0.144622,6.96205,8
32103,-0.07602655,6.0724416,8
32104,-3.7532954,9.257017,7
32105,0.19115515,5.6659913,8
32106,6.460044,6.6885777,3
32107,3.3929062,6.0772414,5
32108,11.012924,4.693673,4
32109,16.2159,7.372107,0
32110,2.1567357,7.086949,8
32111,10.658718,3.6865113,6
32112,0.077761225,12.736193,4
32113,10.197499,3.6538084,6
32114,6.3665333,5.003511,3
32115,5.901942,3.9816918,3
32116,-0.553651,5.981936,8
32117,-3.9655695,9.314337,7
32118,10.722,4.4178934,6
32119,10.727576,3.1356602,6
32120,-4.668903,9.978408,7
32121,-0.835472,10.639897,9
32122,-4.4583344,11.912315,7
32123,-1.4935273,10.073888,9
32124,0.22120605,14.186497,4
32125,-2.0636277,14.08156,4
32126,0.99194884,14.873586,4
32127,0.19392727,5.505229,8
32128,0.1825655,11.378101,9
32129,-3.35563,1.5289211,1
32130,14.420656,7.5628347,0
32131,16.238556,7.2590923,0
32132,3.2162628,5.642476,5
32133,-3.9988883,1.9634763,1
32134,5.10407,6.992145,5
32135,3.83656,-0.44621637,2
32136,3.7021964,6.3551087,5
32137,6.3135543,3.6513555,3
32138,-1.8286893,-4.022153,1
32139,-1.9973251,15.281907,4
32140,11.81407,5.063324,6
32141,2.8268733,4.4091883,5
32142,2.9647121,-0.9271593,2
32143,11.037027,2.3873858,6
32144,14.308927,7.807989,0
32145,-4.537473,8.553216,7
32146,3.9838579,-1.7866217,2
32147,-0.7232742,5.1501837,8
32148,2.9300013,-0.29873,2
32149,-0.8897731,10.3923435,9
32150,-3.142412,9.815156,7
32151,16.401293,6.9882274,0
32152,-1.884564,10.283967,9
32153,-3.942496,2.226593,1
32154,5.501429,7.128245,5
32155,4.5303307,-0.5730896,2
32156,3.2892387,6.6485367,5
32157,5.9655595,3.6516378,3
32158,-4.109163,0.4784736,1
32159,-4.820601,8.731441,7
32160,14.276851,7.767744,0
32161,-0.7937778,5.061767,8
32162,14.258551,8.180258,0
32163,-1.8899295,9.299885,9
32164,1.2703767,14.27834,4
32165,16.74636,7.0714626,0
32166,1.0584093,6.6875143,8
32167,-3.9180765,2.1441693,1
32168,4.6862497,4.8017526,5
32169,4.3153996,-0.33922502,2
32170,4.0904937,-1.9366295,2
32171,5.820124,3.4044895,3
32172,0.8324349,13.669012,4
32173,-4.0830774,8.16513,7
32174,-3.8764477,9.994027,7
32175,-0.6520619,5.1296144,8
32176,6.324848,5.3692455,3
32177,-1.5818448,9.718816,9
32178,0.6041727,13.341111,4
32179,-2.697583,-0.083260186,1
32180,10.081094,3.3594356,6
32181,-0.21595125,5.7938194,8
32182,1.4475019,14.442512,4
32183,11.001086,2.6808531,6
32184,14.572722,8.453274,0
32185,-4.4144826,8.760108,7
32186,-0.0329325,14.0384,4
32187,-3.8731146,2.3951433,1
32188,0.49606913,14.376349,4
32189,-3.667,2.0913498,1
32190,-3.1813757,11.384645,7
32191,-1.8918209,15.277361,4
32192,5.7965336,6.54833,3
32193,6.1100707,3.362868,3
32194,6.431779,5.045067,3
32195,-4.1710844,8.410541,7
32196,-0.8953602,10.935101,9
32197,-4.3253527,8.324723,7
32198,4.9115124,7.155084,5
32199,-0.85058963,5.1521997,8
32200,4.343303,6.9127493,5
32201,-1.8208513,9.623742,9
32202,1.5913607,-0.23014626,2
32203,6.1108956,3.4474878,3
32204,-3.2118244,0.5418298,1
32205,11.124712,2.399416,6
32206,4.2065196,6.7598877,8
32207,16.48793,7.096197,0
32208,-3.792161,11.443625,7
32209,5.9675465,3.9153602,3
32210,15.147608,6.0246434,0
32211,11.661744,3.49871,6
32212,2.703705,0.32591978,2
32213,-2.2198093,15.129645,4
32214,5.1650777,7.5903144,5
32215,-3.6281798,8.268402,7
32216,2.535988,-1.1492356,2
32217,2.8824506,4.476259,5
32218,1.7485921,7.3061657,8
32219,11.26945,3.0530317,6
32220,-3.557797,8.487086,7
32221,15.776637,6.258223,0
32222,11.777075,6.1049128,6
32223,5.892112,3.4271784,3
32224,-1.4863013,-1.8891939,1
32225,-0.5163284,5.8265905,8
32226,0.17127168,7.036956,8
32227,5.992838,3.884334,3
32228,10.8137245,4.6919284,6
32229,-3.8197012,2.1139266,1
32230,10.056156,3.004102,6
32231,-3.7967725,2.1061742,1
32232,1.4911176,14.491814,4
32233,2.692388,4.5248346,5
32234,5.655134,6.3175263,3
32235,-1.550418,9.369501,9
32236,-3.9528677,11.166376,7
32237,16.285387,7.1756625,0
32238,0.9275605,14.956547,4
32239,-1.8183662,9.3568125,9
32240,10.740717,3.3880336,6
32241,11.24823,2.723231,6
32242,10.878769,3.6966386,6
32243,4.254237,-0.65988016,2
32244,-2.9192274,0.30567014,8
32245,-3.9544141,2.3843474,1
32246,-1.7048097,-3.0055647,1
32247,-3.8438778,8.302931,7
32248,3.56346,5.914816,5
32249,-1.6795878,9.692504,9
32250,3.4289203,-0.5816029,2
32251,-1.5099437,9.458293,9
32252,-4.857713,11.78571,7
32253,-0.7907264,5.082195,8
32254,2.641013,5.122585,5
32255,10.974496,2.518539,6
32256,-2.5433788,10.986648,9
32257,10.974503,2.5267575,6
32258,4.0021777,6.78488,5
32259,-0.50349134,5.3352556,8
32260,1.0276116,12.251508,9
32261,-0.426928,5.165666,8
32262,-0.34508413,12.958167,4
32263,4.183235,-0.4189912,2
32264,3.6829557,-1.6538367,2
32265,11.542035,3.072472,6
32266,-3.693245,8.382398,7
32267,5.8857875,3.496265,3
32268,14.273823,6.2372293,0
32269,3.8294685,-0.05861648,2
32270,0.90357244,7.686767,8
32271,-1.0806396,9.824494,9
32272,-0.7119136,15.242104,4
32273,16.353098,7.178232,0
32274,14.447358,6.418587,0
32275,6.1195397,3.4582255,3
32276,14.620214,8.712878,3
32277,2.4549398,4.369062,5
32278,0.18311058,13.684707,4
32279,-0.81561506,5.1019397,8
32280,3.2301664,0.64491063,2
32281,5.898892,3.6112025,3
32282,-3.6271577,11.341462,7
32283,3.1131752,4.655248,5
32284,5.7340174,5.7793064,3
32285,-0.37940615,5.2230268,8
32286,-1.3230327,14.814264,4
32287,2.9512808,5.0418887,5
32288,-4.20226,10.715346,2
32289,-4.1207204,8.334254,7
32290,5.123915,7.3228946,5
32291,-4.468818,8.539573,7
32292,1.9371713,-0.70643514,2
32293,15.936091,6.8908005,0
32294,-4.143178,10.771076,7
32295,-3.3311493,0.9226259,1
32296,-3.7534199,0.6955456,1
32297,2.204386,-0.23677623,2
32298,14.446401,5.8046074,0
32299,7.113954,5.165579,3
32300,1.7452891,7.4471955,8
32301,0.4387843,15.069476,4
32302,10.045705,4.049753,6
32303,2.8389983,5.8561196,5
32304,0.9255724,12.121573,9
32305,10.735872,2.3799675,6
32306,-1.715948,-3.0666144,1
32307,-4.7754054,9.291937,7
32308,-0.050792426,13.082477,4
32309,-0.58685136,5.206467,8
32310,-0.98436755,13.293013,4
32311,-1.6017901,9.8020315,9
32312,10.353365,3.8239343,6
32313,16.31419,8.031851,0
32314,5.8158784,5.413312,3
32315,-3.807969,1.7187814,1
32316,0.5780302,11.929923,9
32317,2.3315146,0.11759958,2
32318,2.0460026,-1.0134835,2
32319,7.045925,4.45257,3
32320,11.43812,4.795334,6
32321,-0.98830485,13.035794,4
32322,3.600663,6.7774944,5
32323,2.5082614,4.828537,5
32324,4.1801605,7.6769657,5
32325,10.950155,3.2151413,6
32326,-3.8267844,0.5003084,1
32327,-3.7720428,8.462008,7
32328,0.15309234,13.411238,4
32329,-0.82143015,5.1579776,8
32330,6.5300555,5.3477597,3
32331,-1.4616864,9.515147,9
32332,-2.1514735,-3.249654,1
32333,16.58211,8.115656,0
32334,-2.8904078,-0.12140834,1
32335,-3.7657838,1.5562707,1
32336,15.032516,6.125219,0
32337,3.8447456,-0.8539958,2
32338,-2.439571,-2.435798,1
32339,7.001763,4.2745757,3
32340,0.84308034,13.977598,4
32341,-1.5241473,15.216077,4
32342,-0.36190954,11.680339,9
32343,3.3472955,5.2925525,5
32344,5.444713,6.693951,5
32345,10.288714,2.4125948,6
32346,-2.0949986,-2.9929478,7
32347,-4.248838,8.756735,7
32348,4.2509923,7.8977656,5
32349,-0.8730508,5.140334,8
32350,-0.39296025,11.723227,9
32351,-1.8243594,9.318457,9
32352,-0.22724025,6.957653,8
32353,-2.468799,-1.9285485,1
32354,2.8009567,6.110367,5
32355,-0.503484,5.468747,8
32356,0.8176275,11.641674,9
32357,10.590074,2.970891,6
32358,-3.136605,-1.8619115,1
32359,-3.439776,9.154852,7
32360,-0.22169131,11.655284,9
32361,2.4430528,0.08572266,2
32362,4.9413023,6.791244,5
32363,-4.520049,9.351301,7
32364,-5.231878,12.190111,7
32365,-3.4491134,1.1838763,1
32366,0.8768697,11.436658,9
32367,-3.610242,1.158249,1
32368,0.31063414,11.862159,9
32369,-1.5159951,14.778408,4
32370,10.689047,4.51781,6
32371,6.6306806,4.012481,3
32372,15.790595,8.636396,5
32373,-3.8784728,8.895398,7
32374,-0.7510021,11.758176,9
32375,-0.91174465,5.061937,8
32376,6.115804,5.697496,3
32377,-0.9857255,10.369797,9
32378,-3.0585628,-1.8668106,1
32379,6.316326,5.510061,3
32380,1.3800209,12.063138,9
32381,10.716908,2.2335653,6
32382,3.251934,0.5230804,2
32383,16.673937,7.9686933,0
32384,1.7875487,14.486953,4
32385,7.0430217,5.134072,3
32386,5.2969275,7.598301,5
32387,-1.6610069,15.4119425,4
32388,15.602515,7.0836535,0
32389,-0.90322,5.101474,8
32390,0.8714796,6.5259957,8
32391,-1.2275437,14.840662,4
32392,-2.5928361,-0.2580183,1
32393,-3.7414753,0.39028904,5
32394,3.6080363,6.585703,5
32395,-4.2924147,8.5786495,7
32396,1.9877743,12.093338,9
32397,2.9878528,5.753896,5
32398,6.2758894,5.4297338,3
32399,15.96368,6.7141128,0
32400,0.75069016,6.069565,8
32401,7.0125203,4.911403,3
32402,10.237965,3.8404365,6
32403,-0.7756255,10.232129,9
32404,0.6259407,6.2309895,8
32405,2.070862,-0.11645411,2
32406,-1.059036,-3.0140975,1
32407,-0.72744626,5.1294265,8
32408,4.152321,-0.89461887,2
32409,6.4505763,6.4453797,3
32410,-1.8301191,10.589727,9
32411,-3.957856,1.8694272,1
32412,-1.8645952,13.801548,4
32413,-3.5817275,2.0043416,1
32414,6.982821,5.1758204,3
32415,2.6830919,5.21779,5
32416,-1.2087038,10.569764,7
32417,-4.229505,8.280858,9
32418,4.2412276,-1.4856436,2
32419,-1.3734744,10.020253,4
32420,6.3975625,4.9826226,3
32421,6.3556128,3.7692142,3
32422,6.5808024,6.28668,3
32423,16.482544,8.011082,0
32424,2.1588595,-0.67220855,2
32425,-1.0119565,13.133513,4
32426,2.3432262,4.669192,8
32427,16.654348,7.2957573,0
32428,-3.9159136,11.284703,7
32429,-1.0857404,9.977982,9
32430,1.823267,-0.51915735,2
32431,11.127529,2.6756177,6
32432,-4.1196885,10.320884,7
32433,-0.9430361,9.98019,9
32434,5.2448893,4.744657,3
32435,2.5851936,-0.28678054,2
32436,11.465962,6.128387,6
32437,2.2006893,-0.1693182,2
32438,1.9394044,-0.51310265,2
32439,-4.2657514,1.6112365,1
32440,-1.7370127,-3.0370066,1
32441,-4.578168,8.74752,7
32442,0.82529885,14.043803,4
32443,-1.3764575,9.444525,9
32444,5.5430427,6.1226497,3
32445,-3.7092624,1.2984874,5
32446,-1.4646524,-4.132552,1
32447,-4.050874,2.7166991,1
32448,-0.021384185,13.636013,4
32449,-3.9045427,2.4808109,1
32450,-3.0171204,9.193627,2
32451,-1.3013781,9.595889,9
32452,1.3165648,7.231016,8
32453,-0.95538694,5.063366,8
32454,14.814148,6.991968,0
32455,11.186862,2.6251445,6
32456,-1.2561975,11.8174095,8
32457,-1.3905888,9.805898,9
32458,0.020311281,13.690814,4
32459,16.533459,6.755419,0
32460,-4.525772,9.228333,7
32461,16.567377,8.160286,0
32462,-4.12622,0.07410501,1
32463,16.60189,6.67055,0
32464,10.537744,4.227177,6
32465,-3.6497636,1.6112292,1
32466,0.7978509,13.36912,4
32467,-0.8781045,5.0731187,8
32468,0.9863601,6.774168,8
32469,-1.4232168,15.185362,4
32470,-5.1790047,12.0661745,7
32471,-0.88578993,5.0755787,8
32472,-4.2635736,2.2405481,1
32473,-0.93718743,5.052574,8
32474,-3.3422415,-1.321382,1
32475,15.535215,5.700636,2
32476,5.7109222,4.3145704,3
32477,11.367383,3.2895608,6
32478,0.027289249,5.7830124,8
32479,6.620962,3.8306189,3
32480,1.5763514,7.6432805,8
32481,3.2144127,0.28298786,2
32482,-2.2037978,-2.4030423,1
32483,-0.828846,10.329908,9
32484,5.29481,4.390875,3
32485,3.2787368,0.32017446,2
32486,-0.97771245,-3.3699727,1
32487,-1.4608593,15.352172,4
32488,5.472622,7.7784557,5
32489,16.096296,7.139934,0
32490,5.0151024,5.6570525,3
32491,-1.3329185,10.26663,9
32492,6.0480723,7.5810566,5
32493,16.431093,6.8599224,0
32494,14.237706,7.5397625,0
32495,6.8821726,4.3616333,3
32496,-3.3516731,-1.5122608,1
32497,-3.5612206,8.2254305,7
32498,-1.4406435,14.824085,4
32499,10.854061,2.6744273,4
32500,11.064457,4.524262,6
32501,2.71464,5.220482,5
32502,0.57845795,5.6930985,8
32503,-0.94862145,5.0908237,8
32504,1.7915659,12.067401,9
32505,6.799304,4.741054,3
32506,3.2305484,5.674192,5
32507,-3.6958165,0.20316342,5
32508,3.9538245,-1.8483709,2
32509,-0.98919165,5.089037,8
32510,3.653449,0.42043298,2
32511,2.4350278,4.827303,5
32512,1.2962761,14.455434,4
32513,-0.6734417,13.465959,4
32514,14.690882,7.497244,0
32515,-4.5221915,9.997195,7
32516,1.0651181,6.1567583,8
32517,11.1474285,3.027341,6
32518,-1.384109,13.818827,4
32519,2.6385026,5.240544,5
32520,14.970351,6.957547,0
32521,3.1543822,0.28050488,2
32522,10.705807,2.4018745,6
32523,2.5015523,-0.0842527,2
32524,-0.45393792,13.31321,4
32525,3.640354,-0.8875467,2
32526,14.225208,6.217457,0
32527,-4.185544,9.361006,7
32528,-2.178672,-2.8803275,1
32529,-3.3855808,8.388466,7
32530,-1.85859,-3.5177333,1
32531,16.81558,7.7399855,0
32532,-1.5118814,11.418414,9
32533,2.6891985,4.7338037,5
32534,-1.9119061,-3.0882087,1
32535,-4.206123,2.5294943,1
32536,-1.510537,-1.8552079,1
32537,2.7624588,4.8692985,5
32538,-3.5048616,11.247776,7
32539,6.6006966,4.0103774,3
32540,-2.7034144,-1.9882917,1
32541,14.647524,7.820766,0
32542,-3.7093832,8.5352,7
32543,-1.554003,-2.269113,1
32544,1.3763783,6.59002,8
32545,1.8950073,-0.8440576,2
32546,11.328109,3.075733,6
32547,4.2063327,6.5143986,5
32548,3.5745225,6.9637666,5
32549,11.072249,5.878275,6
32550,15.677317,8.84262,0
32551,-5.297601,12.051426,7
32552,1.6027267,12.310924,9
32553,1.9866868,7.067246,8
32554,-1.6899126,-3.8519077,1
32555,1.7808213,12.164556,9
32556,0.42325577,14.00471,4
32557,15.306228,8.641276,0
32558,-0.8453032,12.395583,4
32559,-2.261993,-1.5504608,1
32560,0.70702475,13.68624,4
32561,1.7785504,-0.5560417,2
32562,-0.6504289,-4.04215,1
32563,5.8670244,5.677083,3
32564,14.856603,8.912067,0
32565,0.6389275,14.002329,4
32566,4.025109,7.335836,5
32567,4.4025273,7.6623597,5
32568,15.824005,8.82696,0
32569,10.7662115,5.3768477,6
32570,3.0064216,6.625754,5
32571,-3.0068703,9.886289,7
32572,10.822635,3.3488762,6
32573,-0.18658274,13.125436,8
32574,15.083502,7.1255198,0
32575,14.951242,8.782604,0
32576,10.607629,2.3942947,6
32577,-1.4064304,-2.560481,1
32578,1.3296422,14.515082,4
32579,1.8364953,-0.6746715,2
32580,-5.489445,10.471488,7
32581,6.8877263,4.943695,3
32582,2.7612555,5.647886,5
32583,0.879805,14.442424,4
32584,-3.5773373,8.93336,7
32585,5.3277903,7.1468887,5
32586,5.2651954,5.240812,3
32587,11.4970045,5.966805,6
32588,5.8363714,6.2041087,3
32589,-3.927929,10.573679,7
32590,2.588699,-0.3917347,2
32591,-0.13397805,6.4146442,8
32592,10.03957,3.5690467,6
32593,0.8054551,11.739854,9
32594,-1.3722094,10.441472,9
32595,2.2011445,-0.26273638,2
32596,1.419098,6.127198,8
32597,-3.472506,-1.4791095,1
32598,4.7317657,7.3780117,5
32599,-3.831116,10.14799,7
32600,5.355312,7.799288,5
32601,1.821647,-0.67772436,2
32602,-1.8786845,13.740716,4
32603,5.305602,7.1697164,5
32604,-5.3863573,10.6524,7
32605,15.0198145,6.7772727,0
32606,2.712753,-1.0787324,2
32607,0.08267518,6.393765,8
32608,-4.4922466,11.053092,7
32609,15.4950905,7.843572,0
32610,6.102038,6.123796,3
32611,3.1324036,0.18779169,2
32612,-2.5412889,-3.0590925,1
32613,-4.322674,9.823525,7
32614,2.9724398,6.2803507,5
32615,1.0789406,6.1878924,8
32616,2.688204,5.9921412,5
32617,0.64294606,6.023617,8
32618,-1.4345505,11.356819,9
32619,7.0130954,5.560031,3
32620,-3.3114226,9.957956,7
32621,15.465515,8.471159,0
32622,5.8327293,7.736357,8
32623,11.093268,5.465417,6
32624,10.2062645,4.038255,6
32625,14.935023,6.507052,0
32626,-4.6941648,9.606889,7
32627,1.8503736,-0.6845084,2
32628,0.029831355,13.519172,4
32629,-3.9990819,10.593539,7
32630,3.0086908,-1.2255722,2
32631,10.637082,4.5636034,6
32632,-1.7508503,-2.790983,1
32633,11.032546,4.690559,6
32634,3.5582201,-1.9202449,2
32635,-3.274493,-1.5921266,1
32636,0.7163722,6.0513864,8
32637,1.805848,-0.8365637,2
32638,1.3834598,6.6542873,8
32639,0.80880284,7.4641867,8
32640,2.1547139,0.33639163,2
32641,-0.29453832,6.41198,8
32642,5.603086,4.8541174,3
32643,-4.33851,11.036428,7
32644,6.7445645,5.3067408,3
32645,-5.087685,11.415227,7
32646,5.420179,7.5082955,5
32647,-0.626438,13.634604,4
32648,-0.5000954,10.811299,9
32649,-4.962841,11.239486,7
32650,2.9747126,-1.6784165,2
32651,-5.277244,11.848191,7
32652,6.813115,6.1324296,3
32653,5.6345487,4.9211493,3
32654,2.9571326,-1.2950454,2
32655,-5.0427384,11.971587,7
32656,5.2093506,5.303934,3
32657,-0.91165143,13.885837,4
32658,11.722895,4.575158,6
32659,5.386169,6.9649787,5
32660,-2.0294127,-3.105925,1
32661,-0.7660753,13.129697,4
32662,-4.2798934,11.222321,7
32663,5.9653783,5.49153,3
32664,5.1658616,5.518808,3
32665,5.785739,5.1939745,3
32666,14.044287,6.1822414,0
32667,0.67023,6.9776855,8
32668,5.960545,4.5042353,9
32669,-0.23070604,13.0325985,4
32670,11.799864,4.60507,6
32671,4.289071,7.429253,5
32672,-0.26072046,12.120481,9
32673,-0.45018092,12.935241,4
32674,3.6276417,6.4570746,5
32675,-1.0526667,-2.8495548,1
32676,0.070355706,12.385383,9
32677,-2.073697,-3.906554,1
32678,2.2508044,0.1294682,2
32679,1.9386588,12.225734,9
32680,5.897268,5.205353,3
32681,-4.809796,11.755747,7
32682,14.6831255,7.704731,0
32683,1.1328174,14.239993,4
32684,3.568612,6.8065233,5
32685,5.3063126,5.289165,3
32686,4.852397,7.4230328,5
32687,-4.746787,11.585994,7
32688,6.0870686,6.597246,3
32689,6.134636,5.5173726,3
32690,15.216883,7.377968,0
32691,6.923146,5.4316273,3
32692,10.976849,4.8996873,6
32693,14.978707,8.408368,0
32694,10.8090925,4.6408105,6
32695,1.7777946,-0.47643432,2
32696,10.220167,4.80556,6
32697,4.938429,7.704926,5
32698,5.1971574,7.3705864,5
32699,5.0837097,7.363605,5
32700,-3.8233411,10.007268,7
32701,11.588358,5.689198,6
32702,3.8892164,6.644399,5
32703,5.7896404,5.319624,3
32704,-2.2272038,-0.7948514,1
32705,-1.3450129,-2.4910882,1
32706,0.51270366,11.650625,9
32707,4.9951806,6.801831,5
32708,14.821378,6.504708,0
32709,2.3606856,-1.0057188,2
32710,-1.8175389,-1.7298653,1
32711,5.575938,7.292015,5
32712,1.745537,7.6810756,8
32713,0.6915184,12.129357,9
32714,0.1657416,12.073774,9
32715,0.6949713,11.908246,9
32716,-4.8399463,11.051165,7
32717,0.27833182,7.1456738,8
32718,-2.8595836,-1.5468571,1
32719,0.42067885,14.611469,4
32720,4.0281577,7.410209,5
32721,-1.570176,-1.7274243,1
32722,-0.005869519,6.1796865,8
32723,14.595353,6.5318666,0
32724,2.389962,4.321986,5
32725,11.154694,5.774605,6
32726,3.3845797,-1.9387538,2
32727,14.541285,6.0992713,0
32728,-4.6729736,11.01975,7
32729,1.4025009,11.86199,9
32730,6.6509027,5.1021285,3
32731,10.381652,5.0778103,6
32732,0.064796455,11.612499,9
32733,0.5485818,7.038013,8
32734,11.722348,6.519076,6
32735,0.5911059,7.1576457,8
32736,10.956761,5.806177,6
32737,5.260044,7.088424,5
32738,-3.6814592,10.522103,7
32739,10.927386,6.007468,6
32740,-4.4424186,11.320705,7
32741,-0.8124952,-3.3514814,1
32742,0.3729888,6.2570057,8
32743,-1.6489698,-4.174881,1
32744,1.8874393,-0.5489384,2
32745,0.043519586,11.82373,9
32746,15.18818,7.401115,0
32747,4.9270854,4.585088,8
32748,3.995471,7.3600664,5
32749,0.3900879,11.989886,9
32750,5.464636,7.3853855,5
32751,2.1801198,-0.27055058,2
32752,10.111423,3.6404397,6
32753,6.838521,4.8325834,3
32754,9.968722,4.1895943,6
32755,5.4462123,7.570365,5
32756,-1.9911771,-3.8690279,1
32757,5.309382,7.64996,5
32758,4.440781,6.690436,5
32759,1.5060686,12.4095,9
32760,2.3675466,7.2747273,8
32761,0.053394064,13.605089,4
32762,-0.41736084,13.941717,4
32763,1.9230123,-0.9842282,2
32764,5.020464,4.735038,3
32765,-2.7636554,-2.9342332,1
32766,0.97550654,6.051475,8
32767,0.2671016,12.175466,9
32768,2.5404153,-1.0234573,2
32769,-0.49235356,12.933686,4
32770,1.1315414,7.2080703,8
32771,0.71441364,11.996905,9
32772,1.271852,14.288857,4
32773,-2.7100518,-2.8515344,1
32774,2.5530005,7.039363,8
32775,6.08923,5.930293,3
32776,7.1153584,4.4064536,4
32777,1.9412904,12.15852,9
32778,15.632664,8.050966,0
32779,1.8714584,-0.7079098,2
32780,4.343867,-1.5032629,2
32781,15.228715,7.9562597,0
32782,10.086525,2.6302674,6
32783,11.426843,6.1705036,6
32784,1.0541339,7.9046636,8
32785,14.648123,7.7980533,0
32786,6.528635,6.663405,3
32787,-0.70334196,12.965912,4
32788,5.44817,7.011983,5
32789,15.302481,7.362819,0
32790,6.809074,5.0910907,3
32791,10.931198,5.454931,6
32792,4.0013638,-1.972246,2
32793,14.3685255,7.4078903,0
32794,6.5240803,6.8656087,3
32795,-2.6781685,-1.7828242,1
32796,1.3529752,7.1321907,8
32797,2.0296996,-0.30976802,2
32798,0.17088445,14.609466,4
32799,5.902418,5.643874,3
32800,15.174301,7.328385,0
32801,-0.3868567,14.001976,4
32802,0.2098725,13.715489,4
32803,10.34083,4.5063276,6
32804,6.3371754,5.7861137,3
32805,1.8382971,6.8338876,8
32806,1.2690719,7.275632,8
32807,-2.9283235,-1.499101,1
32808,-1.2878156,-3.9886446,1
32809,2.1954691,-0.08446725,2
32810,14.349029,7.751189,0
32811,6.6697936,5.893107,3
32812,-4.635506,11.969622,7
32813,-0.5346622,13.309898,4
32814,-0.66297406,-3.5063777,1
32815,4.7094026,7.0175757,5
32816,-1.0441241,10.29881,9
32817,10.133545,3.741211,6
32818,3.7177377,-0.71286756,2
32819,-4.4960427,11.424929,7
32820,-3.6565866,10.701314,7
32821,-0.3082654,11.795503,9
32822,9.943736,2.604104,5
32823,-3.3728817,-2.0903459,1
32824,-3.3539116,-0.32721668,1
32825,1.9012203,-0.6609592,2
32826,11.299535,6.137531,6
32827,6.5496845,4.866696,3
32828,4.3083735,7.1336823,5
32829,-0.6429182,13.120501,4
32830,-0.06461316,13.437888,4
32831,4.9285207,7.2447906,5
32832,0.8901447,14.335339,4
32833,10.725699,5.1642733,6
32834,14.564118,7.8591247,0
32835,-3.2296145,-2.2223523,7
32836,4.730167,-1.3639342,2
32837,2.2769158,7.030644,8
32838,-0.28496045,14.105505,4
32839,11.348342,4.9915056,6
32840,4.5268054,7.2075434,5
32841,11.136768,5.2573986,6
32842,-1.2550973,-4.227435,1
32843,14.37858,7.107077,0
32844,-5.3995395,10.290109,7
32845,2.140961,0.10530407,2
32846,15.027227,7.906683,0
32847,5.634618,5.2151732,3
32848,-0.8695483,11.393946,9
32849,-4.455528,11.546644,7
32850,4.900521,5.336911,3
32851,-0.30043316,13.925019,4
32852,-1.1103965,-3.6682484,1
32853,-3.1692948,10.118022,7
32854,3.7025588,-1.6141651,2
32855,-1.8907428,-1.7550272,1
32856,2.826741,0.11272363,2
32857,-0.5082569,11.7624235,9
32858,14.051279,6.5281076,0
32859,-2.2854948,-1.9575967,1
32860,0.2617598,11.625031,9
32861,-4.7320213,11.468566,7
32862,0.46901566,14.710179,4
32863,-2.1900306,-1.1114366,1
32864,1.5219266,7.5301757,8
32865,-0.33053416,14.018288,4
32866,11.672987,6.104871,6
32867,14.575379,7.363238,0
32868,11.576398,5.6918,6
32869,15.319488,6.8999467,0
32870,5.5503607,7.565069,5
32871,-3.4717605,-1.4048481,1
32872,2.1882198,0.015727678,2
32873,-4.6683865,11.095894,7
32874,0.28603643,5.8101497,8
32875,5.1986713,7.225711,5
32876,9.88078,3.1763618,6
32877,-4.9483485,11.144469,7
32878,1.0116352,13.123399,9
32879,-2.604753,-0.18856613,1
32880,11.86746,6.340049,0
32881,6.194688,3.9238427,3
32882,1.4611087,12.1981535,9
32883,6.886225,4.9148297,3
32884,0.9995575,6.587993,8
32885,5.506894,5.0820546,3
32886,-1.0916661,-2.69803,1
32887,-3.3711865,-0.76109344,1
32888,-3.8334332,8.896643,7
32889,10.583435,4.5551662,6
32890,-1.7796147,-1.476851,1
32891,-1.1754118,11.775607,9
32892,-1.9316052,-2.9308667,1
32893,-4.5696115,10.4859295,7
32894,11.349898,5.7085843,6
32895,-0.97796184,13.556052,4
32896,-4.7050343,10.25981,7
32897,6.577184,4.4322057,3
32898,-0.27251965,11.936208,9
32899,14.404952,7.2371283,0
32900,6.0003753,4.2214136,3
32901,1.9935992,-0.14962426,2
32902,4.948135,7.3454227,5
32903,11.419235,4.834154,6
32904,1.0212207,11.548451,9
32905,14.795555,7.571302,0
32906,-1.8699833,-3.843263,7
32907,1.211815,6.804188,8
32908,5.3688183,7.0875483,9
32909,0.7147548,11.46326,9
32910,1.7491045,12.590732,9
32911,-1.2779672,13.692463,4
32912,10.67895,3.8077154,6
32913,6.290314,5.3538356,3
32914,-1.3172388,-2.4039416,1
32915,4.9177012,6.615146,5
32916,-1.285435,11.093825,9
32917,-0.7240028,13.69982,4
32918,3.5905833,-0.60741645,2
32919,2.1419587,7.3635335,8
32920,-3.2832618,9.662934,7
32921,-1.6134272,-2.0891976,1
32922,10.815235,4.092484,6
32923,5.665936,7.265827,5
32924,-4.380356,12.063891,7
32925,15.328475,7.9044313,0
32926,-5.47398,10.454253,8
32927,11.766793,5.940281,6
32928,3.329935,-1.343753,2
32929,10.215472,4.450956,6
32930,2.1038952,12.787259,9
32931,5.6888847,4.889697,3
32932,10.629256,2.2460485,6
32933,6.829007,5.565669,3
32934,1.8369098,-0.9321793,2
32935,2.2231276,7.019889,8
32936,0.17562465,6.1770067,8
32937,-1.8892909,-1.5668063,1
32938,11.769377,6.5114403,6
32939,-0.5780214,13.535895,4
32940,6.032281,5.7654138,3
32941,-4.1358995,10.664588,7
32942,10.990419,4.195214,6
32943,4.4310317,6.6564984,5
32944,6.94685,6.048746,3
32945,-4.989187,11.039573,7
32946,14.866971,7.2018895,0
32947,2.3412008,-0.6236229,2
32948,0.754041,7.2187514,8
32949,2.1158426,-0.5981278,2
32950,14.37368,7.939599,0
32951,14.488426,8.257209,0
32952,14.943203,6.9437017,0
32953,15.146347,8.443937,0
32954,6.082148,7.589286,5
32955,-4.7209034,10.43114,7
32956,-4.7377095,9.861522,7
32957,-3.7391248,10.556246,7
32958,-3.2008622,-2.3905263,1
32959,-0.4702271,11.342311,9
32960,6.237379,6.6318116,3
32961,4.9356346,7.0019045,5
32962,1.198607,5.907163,8
32963,-0.7701451,11.31694,9
32964,6.206919,6.3071885,3
32965,1.4386398,6.6767726,8
32966,15.894035,7.0529933,0
32967,0.3077803,11.688722,9
32968,1.6397109,7.580516,8
32969,10.933162,4.1731944,6
32970,-1.2879143,10.265684,9
32971,1.9936426,6.8360324,8
32972,0.31351614,12.2436695,9
32973,1.9452348,-0.28022483,2
32974,-3.5884879,1.2222165,1
32975,6.771595,5.707009,3
32976,1.0340769,14.667206,4
32977,11.734028,6.603793,6
32978,11.007724,4.206371,6
32979,-1.6122991,-2.3798406,1
32980,-4.1610003,10.313401,7
32981,2.2225065,0.23971938,2
32982,1.4642993,7.379634,8
32983,0.9261775,11.766337,9
32984,5.9494042,5.556629,3
32985,1.8549007,-0.46117923,2
32986,-0.9898408,-4.4093957,1
32987,5.0518174,7.1133184,5
32988,-5.0860567,11.842911,7
32989,2.0233557,-0.12909427,2
32990,6.9308996,5.7762666,3
32991,1.6225065,-0.119466096,2
32992,5.8434873,7.55651,5
32993,-0.52306455,13.477665,4
32994,11.815682,6.092471,6
32995,1.555152,6.8102164,8
32996,2.953402,6.6508136,5
32997,-0.28629488,13.915077,4
32998,2.1119685,-0.32443696,2
32999,10.829779,5.619695,6
33000,5.647693,5.2278905,3
33001,5.0354223,7.5894938,5
33002,5.265256,4.9447,3
33003,15.353303,6.6340685,0
33004,6.20938,4.931059,3
33005,-2.9183671,0.57211745,1
33006,11.101938,5.750164,6
33007,3.8659875,-0.90488094,2
33008,2.8062892,0.007887008,2
33009,6.0823574,3.787283,3
33010,11.532032,6.481093,6
33011,-0.88786817,14.980718,4
33012,-2.102824,-1.0594308,1
33013,2.7683744,4.4427266,5
33014,0.12653424,12.441019,9
33015,11.405971,2.788376,6
33016,3.9272027,-1.7013841,2
33017,-4.107025,8.284038,7
33018,-0.33527428,5.3355327,8
33019,0.3010288,6.969043,8
33020,14.443644,6.6651373,0
33021,0.28656882,10.980467,9
33022,7.0441074,5.585772,3
33023,16.711086,7.1504827,0
33024,-2.7297986,-2.073428,1
33025,-3.8008502,2.2244422,1
33026,0.850592,6.9374766,8
33027,3.9615345,-0.108413585,2
33028,5.591871,4.3601723,3
33029,6.1053867,3.7814043,3
33030,10.56674,4.7747574,6
33031,-0.891977,15.263159,4
33032,10.470313,5.2649794,6
33033,2.5815396,4.4350896,5
33034,10.088189,2.3740413,6
33035,10.795483,2.1994007,6
33036,0.88249344,6.389086,8
33037,-3.9839242,8.205935,7
33038,0.2564421,6.2859616,8
33039,0.28624853,6.8924417,8
33040,10.138129,4.617942,6
33041,-0.93733805,9.823044,9
33042,14.992653,8.720988,0
33043,16.71995,7.1301646,0
33044,1.7335926,12.6884775,5
33045,-3.8912575,1.9403812,1
33046,3.0848634,6.5453596,5
33047,3.7434454,-0.10706378,2
33048,-0.3549028,-4.451237,1
33049,6.1551576,3.5768337,3
33050,-3.2370725,11.038858,7
33051,-1.1663009,15.289318,4
33052,0.27175388,11.823539,9
33053,2.8410847,4.543649,5
33054,6.2954993,6.5462,3
33055,11.289292,2.5376332,6
33056,11.749715,4.8914104,6
33057,-3.742955,8.001131,7
33058,11.768543,6.6047497,6
33059,-0.7996461,6.095952,8
33060,1.772664,-0.5113942,2
33061,-1.0339144,9.919104,9
33062,-2.1501133,-1.0300301,7
33063,11.374388,2.7196922,6
33064,0.15364689,15.055262,4
33065,2.8704958,-0.67814344,2
33066,14.444104,7.5557213,0
33067,-4.6381,8.5615425,7
33068,2.669558,-1.242699,2
33069,-3.5149677,1.7345971,1
33070,-0.66748816,13.404642,4
33071,2.8653562,4.643581,5
33072,1.2981128,7.4029455,8
33073,11.606604,3.1578743,6
33074,5.234507,7.673108,8
33075,3.6547031,-0.72623706,2
33076,10.351115,2.800657,6
33077,2.5721767,4.611734,5
33078,14.481297,6.297845,0
33079,16.052744,7.1548004,0
33080,5.9747863,5.903597,3
33081,2.5905664,4.464325,5
33082,-3.691859,9.869567,7
33083,-1.4994494,15.164596,4
33084,-1.2771145,-2.43678,1
33085,3.5028238,-0.25823998,2
33086,-0.46617466,-4.4573298,1
33087,16.405964,7.5891213,0
33088,2.9607713,-1.7460039,2
33089,-0.5321084,5.4514356,8
33090,2.9007452,-0.3915564,2
33091,-3.2838583,-0.25906628,1
33092,-2.0516973,-1.1667565,1
33093,-4.9180923,9.180052,7
33094,3.2913125,-1.5739648,2
33095,-3.93707,1.4623368,1
33096,2.5923147,-0.24989218,2
33097,0.19291593,6.0912113,8
33098,-1.484823,9.852931,9
33099,5.627569,4.053137,3
33100,10.704636,3.3128586,6
33101,0.14572294,7.193096,8
33102,10.9737425,5.676645,6
33103,-4.2744517,8.592276,7
33104,-3.4105532,9.439649,7
33105,-3.865778,1.5241156,1
33106,1.3812426,14.376905,4
33107,-4.262074,8.646781,7
33108,-3.267513,-1.6828063,1
33109,-4.292609,8.695207,7
33110,-1.5641062,-3.170478,1
33111,16.450426,6.9685197,0
33112,14.660501,6.7937074,0
33113,-3.0078874,0.8619158,1
33114,5.4279604,5.1532288,3
33115,-1.5670211,14.793423,4
33116,10.471596,2.9452212,6
33117,-0.47959813,14.947478,4
33118,14.050451,6.8095984,0
33119,-0.6059046,14.513242,4
33120,1.7334249,-0.9103846,2
33121,2.8374448,4.718917,5
33122,-3.3894293,-1.0772338,1
33123,-3.8666184,8.192893,7
33124,-2.6902103,-3.320162,1
33125,-1.3030844,14.760532,4
33126,2.0508747,12.429308,9
33127,-1.0413078,14.080362,4
33128,-4.295709,12.1062,7
33129,-1.3113666,9.855224,9
33130,5.362442,6.2044897,9
33131,-4.092541,8.287603,7
33132,5.4347897,5.195862,3
33133,3.8591087,-0.19379206,2
33134,-3.2743194,9.204704,7
33135,11.432814,2.8591151,6
33136,15.02271,6.748082,0
33137,2.8023193,4.7962537,5
33138,4.7143574,6.984265,5
33139,5.5229445,4.180881,3
33140,-2.9420807,-2.961207,1
33141,-0.4546233,10.171295,9
33142,14.676784,7.88755,0
33143,-0.89655966,14.66636,4
33144,1.3354754,12.377834,9
33145,5.578172,4.0160847,3
33146,6.6451044,6.011535,3
33147,-0.638789,10.444769,9
33148,14.634069,7.619756,0
33149,16.463585,7.0719495,0
33150,-0.661053,-4.2273865,8
33151,-0.12913442,5.6511726,8
33152,2.0114512,7.5748167,8
33153,-4.130129,8.222226,7
33154,11.356977,5.966074,6
33155,-1.5605811,9.920354,9
33156,-0.77078533,10.837821,9
33157,16.623106,7.2402577,0
33158,2.507026,-0.50382,2
33159,11.34157,2.7029045,6
33160,1.9566163,-0.26919305,2
33161,5.5336905,3.8391676,3
33162,2.4629984,7.40296,8
33163,16.570545,6.8718777,0
33164,-3.8386748,9.178224,7
33165,-1.3014684,15.150758,4
33166,-2.5335362,-3.5675857,1
33167,11.415649,2.6620696,6
33168,3.5036461,-1.5833817,2
33169,5.589126,3.830004,3
33170,-3.9401693,10.426055,7
33171,-4.063681,8.176813,7
33172,14.47512,8.143292,0
33173,15.821693,6.2059927,0
33174,1.2929851,12.251199,9
33175,-3.3470848,0.47496477,1
33176,-2.4315326,-3.543074,1
33177,-0.97350824,15.183863,4
33178,9.860357,3.058771,6
33179,0.12196767,6.387394,8
33180,2.6115713,0.19941874,2
33181,0.19164701,5.5731044,8
33182,0.059613675,11.386349,9
33183,-2.5425987,-0.4447245,1
33184,4.437527,-1.2124697,2
33185,3.6506224,-1.0068179,2
33186,5.911336,5.5513177,3
33187,-0.6715972,10.264209,9
33188,-2.6591096,-2.7058947,1
33189,5.501403,4.0368505,3
33190,-2.2533634,-3.6638656,1
33191,-3.4872193,0.48092902,1
33192,15.454922,8.5152645,0
33193,-0.5223731,6.131231,8
33194,5.147814,4.7115774,3
33195,-1.4871931,15.10023,4
33196,-3.2685227,9.996311,7
33197,3.9278688,-0.15499882,2
33198,-3.5390315,-0.9701739,8
33199,-1.060689,10.531458,9
33200,4.039511,7.4667253,5
33201,-0.2600537,5.738261,8
33202,0.9209713,6.0861073,8
33203,3.2805078,0.41455552,2
33204,0.73879945,14.32686,4
33205,1.1822898,6.053939,8
33206,5.4841657,7.0954056,5
33207,11.33244,2.8412292,6
33208,6.0904207,4.8469467,3
33209,11.306375,2.8050659,6
33210,4.024853,-0.1951383,2
33211,-0.7280177,9.98939,9
33212,0.3453193,11.549659,9
33213,2.417185,-0.55255127,2
33214,15.09962,7.316247,0
33215,-1.4862903,9.794011,9
33216,5.7048607,6.649245,5
33217,11.289043,2.5653398,6
33218,-1.0292851,12.910594,4
33219,16.46225,6.9167676,0
33220,3.3061697,6.969476,5
33221,2.5804114,4.5920243,5
33222,5.188935,7.666016,5
33223,6.373749,4.178931,3
33224,-0.94831127,-3.8957443,1
33225,5.872091,3.914496,3
33226,0.9292601,12.239883,9
33227,11.031268,2.7340736,6
33228,14.940329,8.863662,0
33229,6.198972,4.2695813,3
33230,14.554565,6.529025,0
33231,-2.7693818,0.019072587,1
33232,-1.9601471,10.529984,9
33233,2.5691752,-0.56899804,2
33234,-4.884191,11.305276,7
33235,2.5879245,4.6312346,5
33236,-0.4116529,11.315637,9
33237,16.68184,7.005432,0
33238,15.784719,8.718608,0
33239,5.5508533,3.9353244,3
33240,6.393761,5.4657745,3
33241,-4.337903,8.3519745,7
33242,4.9225764,7.30067,6
33243,-4.015903,2.163783,1
33244,14.7691345,7.4626145,0
33245,2.5141797,4.4047117,5
33246,1.7823077,12.676383,9
33247,2.8846614,4.652653,5
33248,1.0310227,13.603341,4
33249,-1.1003306,9.644361,9
33250,2.7997475,-1.6838012,2
33251,0.03189856,6.5563807,8
33252,2.1707559,12.256421,9
33253,16.751148,6.809523,0
33254,16.659512,6.720582,0
33255,-1.1759158,10.026295,9
33256,0.79926234,11.750091,9
33257,15.632542,7.397237,0
33258,10.834372,4.3839407,6
33259,-3.235244,-0.14845836,1
33260,3.3244364,6.486637,5
33261,2.1123283,-0.8974362,2
33262,-0.23278102,13.270537,4
33263,5.5273914,5.624896,3
33264,10.934778,5.392914,6
33265,-0.6713546,14.122411,4
33266,-2.3998067,-2.37014,1
33267,3.3490837,6.646247,5
33268,-1.9237729,-3.999392,1
33269,11.331376,4.6763797,6
33270,0.50704825,7.066588,8
33271,-4.5730033,9.298989,7
33272,11.586265,6.090109,6
33273,-0.4494854,6.2091856,8
33274,3.8461385,-0.6196923,2
33275,-1.5015306,9.957066,9
33276,6.3946047,5.4018607,3
33277,15.601495,6.81747,0
33278,1.5790019,6.778015,8
33279,-3.72948,1.5020591,1
33280,-5.0687046,9.419881,7
33281,2.0785704,-0.34038424,2
33282,-1.0069526,14.664995,4
33283,5.9615197,5.5161967,3
33284,-5.157288,12.003585,7
33285,-1.6062965,14.761772,4
33286,-0.73133075,11.981467,9
33287,-5.392947,10.362341,7
33288,3.5477476,7.1758356,5
33289,1.5842322,7.0744104,8
33290,3.4825943,0.6068992,2
33291,-0.7993423,10.17249,9
33292,15.033539,8.390712,0
33293,16.386454,7.4492545,0
33294,4.511245,7.1507907,5
33295,-3.8630936,2.2881458,1
33296,1.7915658,-0.10588103,2
33297,1.8562325,-0.38599715,2
33298,-2.3808975,-3.6499598,1
33299,5.5978665,4.9080453,3
33300,-1.3298004,10.411415,9
33301,-1.6232613,14.907408,4
33302,15.299376,7.5959334,0
33303,3.106764,5.9896827,5
33304,-5.2225537,12.124697,7
33305,11.726193,4.0085373,6
33306,-1.0835289,5.399007,4
33307,-4.9706426,10.721508,7
33308,-0.95398587,10.46846,9
33309,-0.18542485,5.93945,8
33310,-0.995197,-4.3415656,1
33311,-1.2430477,10.219129,9
33312,0.2671803,15.048215,4
33313,0.07595219,10.908394,9
33314,11.487364,4.6004043,6
33315,-3.8697212,9.45979,7
33316,6.291596,4.294538,3
33317,-1.7088823,14.557603,4
33318,10.924687,5.8077354,6
33319,-3.5304108,1.6482456,1
33320,1.5117679,14.494473,4
33321,2.5443504,4.7843494,5
33322,0.66755956,14.326524,4
33323,-0.522593,5.752281,8
33324,3.5989654,7.0288763,5
33325,-0.22515345,6.4784093,8
33326,-1.135906,-3.7271142,1
33327,15.749885,7.6644297,0
33328,11.272598,6.3495884,6
33329,-0.75137615,9.88343,9
33330,15.61911,8.58311,0
33331,5.209542,4.1224327,3
33332,-1.8431865,-2.0338006,1
33333,1.9180374,-0.32795838,2
33334,3.0214655,-0.72137994,2
33335,-3.6652734,8.4024,7
33336,1.641756,12.182969,9
33337,-0.59668875,5.8740897,8
33338,5.7195415,7.4610868,8
33339,-4.136794,2.0839727,1
33340,4.8151207,7.967995,5
33341,11.167143,2.9204452,6
33342,2.4403658,-0.13516241,2
33343,-4.2327523,1.8965515,1
33344,6.3845353,5.2390423,3
33345,16.105013,7.130253,0
33346,-0.8418873,14.058137,4
33347,-2.111225,15.045538,4
33348,-5.3881617,10.715665,7
33349,2.4524868,4.668917,5
33350,14.328461,6.1111107,0
33351,5.451658,4.302493,3
33352,4.4974184,6.765604,5
33353,0.06903846,10.528565,9
33354,-2.7534997,-0.33886862,1
33355,-1.9149212,15.255579,4
33356,-4.045997,11.216003,7
33357,4.8160634,4.5871754,3
33358,2.1810458,12.7118635,9
33359,-1.1181177,15.272675,4
33360,-0.28674385,12.198469,9
33361,1.9499902,-0.13637611,2
33362,-3.8863618,8.666656,7
33363,16.5395,7.731635,0
33364,1.8959483,0.25427556,2
33365,2.359681,4.367787,5
33366,0.51154226,12.130171,9
33367,16.704338,7.698026,0
33368,-1.913583,-3.009572,1
33369,-4.035882,2.8265872,1
33370,-2.9085135,-2.4611728,1
33371,4.9003873,4.754929,3
33372,0.5856842,11.473941,9
33373,2.1408,-0.6390804,2
33374,-2.4127564,-3.42407,1
33375,-0.56922144,10.492302,9
33376,5.032288,7.828558,5
33377,-3.6445382,0.24556643,1
33378,15.397612,5.724444,0
33379,11.827118,4.339175,6
33380,-1.4122847,10.183882,9
33381,16.253614,7.4749527,0
33382,0.34931567,6.542201,8
33383,-3.8559546,2.2491493,1
33384,-3.765353,8.58844,7
33385,-4.142582,2.0286174,1
33386,0.45433027,6.7587233,8
33387,-0.56512845,6.251101,8
33388,-0.67893004,9.87638,8
33389,16.72691,7.671283,0
33390,14.477375,6.653274,0
33391,-2.2581575,15.093966,4
33392,14.47062,6.519639,0
33393,-4.7516155,8.495138,7
33394,-3.1201084,-2.2050304,1
33395,-4.0377207,8.201532,7
33396,-0.757388,-3.3934274,1
33397,11.046129,2.68632,6
33398,-0.5884588,-4.1832986,1
33399,5.2317276,4.2943864,3
33400,6.943879,5.9483433,3
33401,11.857506,4.9332013,6
33402,1.719091,12.695032,9
33403,16.527285,7.951134,0
33404,5.7021856,7.6685767,5
33405,-4.5477533,9.11083,7
33406,-3.0794146,10.575526,7
33407,5.7365084,4.888667,3
33408,-4.3182054,10.949913,7
33409,2.57983,5.206668,5
33410,10.238576,2.717758,6
33411,-1.3238895,14.324531,4
33412,5.5312734,4.22238,3
33413,1.8174931,0.014216368,2
33414,1.838294,-0.3880878,2
33415,-1.6180815,14.000049,4
33416,-2.0560565,-1.198606,1
33417,-3.8075867,1.3879063,1
33418,-3.1980515,-2.413717,1
33419,-0.026582884,6.131521,8
33420,4.72361,7.3572326,5
33421,5.12038,4.5750265,3
33422,-2.8388958,10.013633,9
33423,-5.0424204,8.9531765,7
33424,0.7648234,6.170413,8
33425,-3.8130836,2.3838673,1
33426,1.7363187,14.51895,4
33427,16.663631,6.9865494,0
33428,-2.4187045,-2.744081,1
33429,11.372435,4.284941,6
33430,-3.699743,8.926617,7
33431,-4.4779673,8.506403,7
33432,5.6388655,5.845583,3
33433,-4.2164135,1.274043,1
33434,11.239647,6.263732,6
33435,2.1281524,-0.117982864,2
33436,11.089146,4.711084,6
33437,2.5878823,4.7847834,5
33438,1.8850534,-0.9765042,2
33439,-0.7857092,5.29279,8
33440,-2.2548292,-3.3364217,1
33441,-3.9240718,-0.4845113,1
33442,15.005826,8.650178,0
33443,-2.1388626,10.013938,9
33444,6.873335,6.2591653,3
33445,5.5713124,4.339904,3
33446,-0.8106895,-4.4237423,1
33447,-0.10293704,6.884224,8
33448,3.5903592,7.189436,5
33449,2.0418437,-0.2597952,2
33450,11.6905155,5.967348,6
33451,-0.18346202,6.6473823,8
33452,1.1195022,6.8833413,8
33453,0.1443434,6.368099,8
33454,10.261839,2.2800734,6
33455,-4.217927,8.783324,7
33456,-1.6141722,-3.689419,1
33457,-4.2105684,1.9645247,1
33458,-1.8054906,-3.6059222,1
33459,-4.4697266,8.4749,7
33460,1.0712106,6.5317507,8
33461,-0.7869961,9.919592,9
33462,-1.6499751,-4.061883,1
33463,2.0687466,0.01562515,2
33464,14.285525,5.8168154,0
33465,15.637348,6.3894644,0
33466,-3.5344663,11.1576605,7
33467,-1.8257356,-1.4410925,1
33468,5.981503,6.042893,3
33469,2.5501423,-1.4140153,2
33470,-5.1047373,10.40318,7
33471,5.739928,5.007203,3
33472,2.1781292,12.660094,9
33473,1.1781236,14.301336,4
33474,10.414697,4.468794,6
33475,2.9890501,6.3154817,5
33476,-0.21445058,5.994776,8
33477,11.03242,4.6713834,6
33478,-1.1794422,14.596615,4
33479,-4.2334814,11.777443,7
33480,-3.317351,-1.4541278,1
33481,1.2144911,7.14991,8
33482,15.227733,7.2589498,0
33483,0.008596452,12.267674,9
33484,10.944377,3.4723983,6
33485,15.368355,8.266418,0
33486,11.470686,5.8708405,6
33487,-3.0701425,-1.9190621,1
33488,2.7130363,-1.0990659,2
33489,3.047718,-1.4542108,2
33490,0.6935798,7.002872,8
33491,6.08057,6.008714,3
33492,14.645774,8.6185055,0
33493,0.5802327,15.016554,4
33494,4.7040753,7.414825,5
33495,2.9761715,6.244006,5
33496,14.501093,8.545998,0
33497,11.85592,4.9391956,6
33498,-0.57261395,-4.2300763,1
33499,-4.8605328,11.772643,7
33500,5.984319,6.4746847,3
33501,15.911418,8.188517,0
33502,3.7804015,6.777603,5
33503,-1.4199903,-3.2621284,1
33504,-3.202104,10.609562,7
33505,-4.381164,10.719185,2
33506,-2.6765203,-3.3920357,4
33507,6.1309857,6.486831,3
33508,-0.55860627,-4.0835595,1
33509,0.7116875,14.347852,4
33510,5.202281,6.3913603,3
33511,3.047149,6.283647,5
33512,14.707808,6.4089475,0
33513,11.011144,3.6721878,6
33514,1.0378478,6.842485,8
33515,-5.131269,10.905474,7
33516,-1.7311605,-1.8890418,1
33517,0.9958617,6.788701,8
33518,11.779451,4.9464436,6
33519,0.67932767,6.6590977,8
33520,11.2792015,5.702104,6
33521,-3.18876,10.023621,7
33522,14.423236,8.33649,0
33523,-1.0409664,13.638298,4
33524,-4.156952,11.729222,7
33525,-4.0597944,11.029539,7
33526,2.131144,-0.122354686,2
33527,-4.191943,9.793235,7
33528,5.853838,7.687796,5
33529,5.56381,4.714644,3
33530,-4.0891666,11.271772,7
33531,-0.79728395,11.061412,9
33532,6.8883514,5.832722,3
33533,1.4046361,6.657049,8
33534,14.694275,7.711991,0
33535,-1.4845929,-2.1404905,1
33536,15.09445,7.171687,0
33537,2.9515781,4.964296,5
33538,14.366467,8.38813,0
33539,1.3401356,6.582763,8
33540,3.3919482,-0.93450105,2
33541,3.1059241,-1.5546334,2
33542,10.102153,3.1216736,6
33543,-4.1477475,10.80196,7
33544,0.615848,12.214649,9
33545,0.6123891,14.324477,4
33546,0.67295325,6.3816004,8
33547,2.5370948,-1.1248732,2
33548,11.048347,5.4017034,6
33549,11.111498,5.065379,6
33550,11.254698,5.8953085,6
33551,0.4422516,14.701604,4
33552,-0.638066,12.458583,4
33553,3.5435183,6.7775173,5
33554,0.6903291,14.080694,4
33555,3.7546551,6.367296,5
33556,-1.2024829,-2.8281834,1
33557,0.56774414,6.1086483,8
33558,-2.4849274,-3.4490526,1
33559,10.994542,4.1467724,6
33560,10.981214,5.4688153,6
33561,-0.38778242,14.190619,4
33562,4.8221583,6.821173,5
33563,-0.37968734,14.195615,4
33564,10.258862,4.929518,6
33565,-0.42814654,14.264099,4
33566,6.9274616,5.3901625,3
33567,-2.9498622,-2.2724566,1
33568,6.833929,4.2962303,3
33569,1.2359803,7.0299654,8
33570,0.3931264,7.174498,8
33571,-3.9587367,11.25532,7
33572,10.938794,4.3870177,6
33573,3.9532492,6.721843,5
33574,1.4534509,14.47005,4
33575,3.2661114,6.5561757,5
33576,1.9632128,7.020187,9
33577,-2.4335723,-3.1311054,1
33578,14.045998,7.735375,0
33579,0.44022876,6.461879,8
33580,-4.303146,1.7391549,1
33581,-1.3248048,11.986872,9
33582,-3.8922963,10.26764,7
33583,5.5795546,4.1390147,3
33584,11.60354,6.0039544,6
33585,10.371555,3.152171,6
33586,-1.5004971,-4.1242533,1
33587,6.443498,4.120902,3
33588,10.948797,3.8379114,6
33589,5.6015277,4.5501223,3
33590,6.215907,4.75942,3
33591,3.2543147,-1.7199471,2
33592,0.49964786,12.471837,9
33593,4.2581725,-1.1202375,2
33594,6.370932,4.7268424,3
33595,11.514454,4.364062,6
33596,-2.1933255,-2.6003501,1
33597,-0.9927503,10.759673,9
33598,4.8249683,7.9743943,5
33599,-0.9463606,10.524488,9
33600,-2.5332437,-2.0150602,1
33601,11.810069,5.2198267,6
33602,5.00549,6.762951,5
33603,3.5946128,6.440245,5
33604,10.55946,2.824116,6
33605,2.775399,5.824714,5
33606,0.5060439,12.535226,9
33607,5.6169477,4.449457,3
33608,14.463128,7.0513554,0
33609,5.8963766,6.083813,3
33610,2.2398407,12.813012,9
33611,2.9033961,5.382699,8
33612,-1.2133582,12.206545,7
33613,-4.1322503,1.4896597,1
33614,0.70310366,14.899469,4
33615,10.435881,3.0757916,6
33616,-4.6737666,9.693443,7
33617,3.4990277,6.8170443,5
33618,-4.2744646,9.362603,7
33619,10.723795,3.6462188,6
33620,2.9840555,-1.1874372,2
33621,0.6689927,6.5869713,8
33622,4.7266564,7.124488,5
33623,-3.103076,-0.65306795,1
33624,6.6710825,4.9576993,3
33625,-1.0650887,10.960744,9
33626,9.820852,3.7600145,4
33627,-3.1553762,10.004879,7
33628,-1.9315852,-3.5473917,1
33629,11.033317,4.852495,6
33630,1.01161,14.67468,4
33631,5.674905,4.9687066,8
33632,3.5336745,6.1869793,5
33633,5.8699846,6.462091,3
33634,-0.8136748,-4.354839,1
33635,-3.684719,10.332877,7
33636,0.75618386,7.3727956,8
33637,0.34808406,14.217446,4
33638,0.16904408,13.488762,4
33639,-4.325446,11.402993,7
33640,15.45435,7.7783794,0
33641,15.423313,8.255401,0
33642,2.0657408,12.389621,9
33643,-0.21028474,11.119683,9
33644,4.1898966,-1.1256913,2
33645,15.031069,7.028441,0
33646,-1.6482257,-3.609621,1
33647,15.183341,7.7060885,0
33648,-0.8647992,-3.8629458,1
33649,6.0319304,6.261066,3
33650,-1.5238401,13.967296,4
33651,-3.4709985,10.960744,7
33652,-1.3705857,-3.760822,1
33653,-1.7733066,11.257595,9
33654,-1.5368977,-3.5406218,1
33655,5.8835993,5.6418867,3
33656,-4.9982915,12.072002,7
33657,14.979647,7.189689,0
33658,-3.2690647,-2.1999776,1
33659,2.5908558,-1.3617367,2
33660,-4.798331,11.856937,7
33661,15.197535,6.7353725,0
33662,1.9532351,-0.061897006,2
33663,-2.646373,-3.3152308,1
33664,0.5418418,6.326109,8
33665,14.65082,7.0802236,0
33666,3.0314653,-1.214451,2
33667,-1.7588301,-3.4689283,1
33668,0.7417322,6.515699,8
33669,14.73908,7.3691926,0
33670,14.904626,6.8824153,0
33671,1.2134042,14.01323,4
33672,3.5632133,-0.9630169,2
33673,14.752257,8.7651615,0
33674,5.8348966,7.1510477,5
33675,-2.669511,-3.0012813,1
33676,-3.8596106,11.220355,7
33677,14.206794,7.4265,0
33678,2.3335426,4.7195425,8
33679,0.25451732,13.763726,4
33680,4.0128546,-1.4612665,2
33681,-4.0642066,11.715136,7
33682,0.28702256,12.349612,9
33683,0.99712795,12.21797,9
33684,-2.4254334,-2.9232118,1
33685,14.617681,6.9074025,2
33686,1.7740848,-0.8792875,2
33687,14.917891,6.532096,0
33688,3.4603531,-1.3233001,2
33689,10.643297,4.1931343,6
33690,4.474014,6.3597784,5
33691,2.3447323,-1.2122697,2
33692,11.090955,4.5299387,6
33693,11.218673,2.962646,6
33694,6.3147717,5.6726995,3
33695,3.825195,-1.5535043,2
33696,0.009839051,10.975332,9
33697,4.2194777,-1.6406534,2
33698,3.152732,-0.85552037,2
33699,-0.41277888,11.604562,9
33700,3.182186,6.2476,5
33701,-0.39358416,11.160908,9
33702,-1.1357316,14.361332,4
33703,15.726972,6.6880884,0
33704,10.127369,3.238519,6
33705,-2.4356303,-0.5321572,1
33706,-2.5835145,-3.4071817,1
33707,2.3062036,-0.8230811,2
33708,-1.0755322,12.435594,4
33709,5.5404735,4.9905295,3
33710,-3.755949,8.36426,7
33711,-0.22699682,14.687299,4
33712,1.351895,12.698376,9
33713,3.3423638,6.3445134,5
33714,0.7042822,13.663166,4
33715,10.391445,3.1772978,6
33716,2.2095323,-0.6618855,2
33717,-4.8221526,10.092812,7
33718,-0.58280015,13.274416,4
33719,0.014085258,6.3119807,8
33720,0.30314377,13.268685,4
33721,-1.1669316,11.457815,9
33722,6.3786883,4.7124786,3
33723,15.294661,6.9992,0
33724,10.96387,3.7826436,6
33725,-1.6518159,-1.8086988,1
33726,0.22226758,13.420512,4
33727,2.5896358,-1.18904,2
33728,9.9470825,2.7144575,6
33729,4.923158,4.7523212,3
33730,10.526781,4.3021235,6
33731,-0.39378133,14.576912,4
33732,14.415061,7.6012497,0
33733,3.5813403,6.278105,5
33734,3.668479,5.923459,5
33735,11.023166,4.1585445,6
33736,-4.324959,11.881846,7
33737,-4.2249937,9.47581,7
33738,-0.9287442,11.9789,9
33739,15.616697,7.0534663,0
33740,0.6478985,13.978162,4
33741,-3.5480065,0.7954876,1
33742,11.674127,5.201412,6
33743,3.5169613,-0.8784186,2
33744,0.3801689,12.334907,9
33745,5.21989,4.1369395,3
33746,-1.5994059,11.509059,9
33747,-0.13065852,14.619718,4
33748,4.8244596,7.3942065,5
33749,3.5704675,6.143001,5
33750,-3.601547,0.6085094,1
33751,11.044137,3.701945,6
33752,-1.5430478,13.105043,1
33753,-5.103838,9.738269,7
33754,5.9013143,4.5937147,3
33755,-0.45150667,6.055626,8
33756,-0.22011392,12.324557,9
33757,-0.4596272,10.782644,9
33758,5.1351643,5.2477217,3
33759,-5.1929355,11.8497095,7
33760,4.9859447,5.451645,3
33761,-0.31009415,13.827799,4
33762,0.43398407,11.739165,9
33763,5.2711806,4.651332,3
33764,-2.001296,10.235304,9
33765,0.4853053,6.6555624,8
33766,0.18281169,6.329441,8
33767,3.3308496,6.370701,5
33768,-4.622293,8.777043,9
33769,-2.3230658,-2.754039,1
33770,1.2988816,7.223516,8
33771,0.9234409,6.083312,8
33772,6.0808682,6.6157146,3
33773,3.5836375,6.4639635,5
33774,-2.1763566,-2.839865,1
33775,2.909737,-1.1004575,2
33776,15.287874,8.707472,0
33777,0.85922474,6.439154,8
33778,1.471492,6.736415,8
33779,10.517386,4.580351,6
33780,-3.5718863,1.2201236,8
33781,-2.4604623,-2.0916185,1
33782,10.108808,4.1679664,6
33783,-0.0021137355,11.656794,9
33784,1.2782303,12.429018,9
33785,2.4474518,-0.94462395,2
33786,6.082901,6.1692605,3
33787,-0.12140014,14.077694,4
33788,-3.3889186,8.468161,7
33789,14.259589,5.828243,0
33790,12.012981,6.5276337,6
33791,-0.3125996,11.035509,9
33792,1.2889289,13.960894,4
33793,-0.03448369,11.037882,9
33794,10.242904,4.3434606,6
33795,6.2723193,4.255971,3
33796,2.4758174,-1.4046892,7
33797,-4.90543,9.843072,7
33798,-3.265207,9.988929,7
33799,-2.1610966,-1.8031131,1
33800,-3.7731965,-0.4848449,1
33801,0.06626827,6.5002,8
33802,0.90937954,7.700893,8
33803,0.08840738,14.148453,4
33804,1.7622774,-0.5771879,2
33805,0.022591762,13.886531,4
33806,-1.5330012,10.782215,9
33807,2.4502006,-0.8123605,2
33808,4.8765397,7.0293627,5
33809,-3.6710007,9.285532,7
33810,1.8562506,7.3129864,8
33811,3.6610324,6.4606647,5
33812,11.634811,5.689768,6
33813,0.5149382,5.850671,8
33814,10.896605,5.5913887,6
33815,3.7121625,6.5574303,5
33816,0.48810673,14.026589,4
33817,5.2848926,4.743763,3
33818,6.633181,5.682102,3
33819,3.1741242,-1.0659698,2
33820,1.0661889,7.2131567,8
33821,3.8646007,-1.013845,2
33822,-0.6920283,10.263241,9
33823,16.179632,7.1228228,0
33824,0.040997922,13.617273,4
33825,4.4758315,6.085072,5
33826,-2.7569492,-1.7344899,1
33827,-0.3643474,5.664581,8
33828,6.111147,5.693036,3
33829,11.457674,3.9477456,6
33830,-3.4940248,10.833086,7
33831,15.263979,6.6856756,0
33832,3.5960255,-0.8460845,2
33833,-0.35607934,14.909171,4
33834,-3.796754,11.760303,7
33835,14.75989,6.214523,0
33836,-4.0223045,11.570095,7
33837,5.2138047,4.5610385,3
33838,-3.1412086,10.637306,7
33839,-0.0067040264,6.41991,8
33840,6.922071,5.8273344,3
33841,-2.6556175,-1.9074436,1
33842,-3.829904,1.1442287,1
33843,14.615042,6.6312976,0
33844,16.448332,8.164246,0
33845,5.361668,4.4021077,3
33846,0.4436138,14.400782,4
33847,15.337445,6.8194146,0
33848,14.610309,8.18282,0
33849,-0.6265435,14.808939,4
33850,-2.250394,-2.0533247,1
33851,-4.712994,10.555335,7
33852,1.4092888,14.235102,4
33853,-0.4156847,13.818296,4
33854,6.6606812,5.243462,3
33855,0.714112,11.547558,9
33856,1.5240271,-1.290141,1
33857,2.5627384,-0.246124,2
33858,4.083894,6.593787,5
33859,1.031317,11.617052,9
33860,0.7576171,11.862001,9
33861,-2.7128325,-1.2044506,1
33862,1.3246845,12.59346,9
33863,2.0979896,-0.40506223,2
33864,15.541823,8.714184,0
33865,-2.493882,-0.34798294,1
33866,3.2128034,6.4851255,5
33867,-4.962333,9.915781,7
33868,-1.5245267,-3.4178946,1
33869,-2.5739481,-0.17403693,1
33870,-4.7808404,11.317553,7
33871,10.01199,2.8071496,6
33872,-0.8895832,13.50599,4
33873,-4.27942,10.073544,7
33874,14.587143,8.3643875,0
33875,5.190252,4.415913,3
33876,4.951828,7.2820497,5
33877,5.2598143,4.4727025,3
33878,3.3795664,-1.3182396,2
33879,11.256684,4.1199055,6
33880,6.5386415,4.6889334,3
33881,3.078933,-0.8962587,2
33882,0.19895494,14.575302,4
33883,0.30730683,5.681591,8
33884,0.36777672,14.383825,4
33885,-5.007122,9.735118,7
33886,11.07257,3.4625015,6
33887,10.810519,4.227867,6
33888,1.1262233,14.226623,4
33889,-1.0441515,13.073102,4
33890,2.3761308,7.2374496,8
33891,-0.89575785,11.629762,9
33892,3.4831014,6.4059587,5
33893,0.0012352833,6.3632307,8
33894,0.7871597,13.86976,4
33895,0.30183077,6.01695,8
33896,5.472827,5.617412,3
33897,2.1049848,-0.9244945,2
33898,0.61758935,6.8849373,8
33899,-0.3289525,10.922526,9
33900,-0.5183357,14.5685,4
33901,11.014459,2.925209,6
33902,-0.8732903,-3.598944,1
33903,3.546372,6.321683,5
33904,15.490305,8.76525,0
33905,3.008577,5.6070786,5
33906,3.142146,-1.1197327,2
33907,-0.19765902,11.119153,9
33908,6.177793,4.806959,3
33909,3.863633,6.466706,5
33910,10.623798,5.050972,6
33911,5.2222743,4.1415343,3
33912,-4.9148436,11.929914,7
33913,-4.8941236,10.997028,7
33914,14.448497,8.082451,0
33915,-0.31841516,14.451817,4
33916,10.783355,3.9648871,6
33917,5.222959,5.081815,3
33918,-0.7014775,-4.319722,1
33919,10.936247,4.2655187,6
33920,-4.9805655,11.406396,7
33921,15.9075165,7.424907,0
33922,0.2559289,14.315465,4
33923,14.719782,6.4251814,0
33924,-2.8188052,-2.8946276,1
33925,-0.6327687,14.552489,4
33926,-0.4492764,13.0542345,4
33927,10.324951,3.0829246,6
33928,4.7758975,7.938905,5
33929,10.975755,3.9879572,6
33930,3.1737723,-1.6636838,2
33931,-0.59605116,10.69919,9
33932,-0.57378846,13.926057,4
33933,15.664655,6.278436,0
33934,10.131247,4.3711343,6
33935,-3.44736,0.66288966,1
33936,-2.0252392,-3.8446884,1
33937,-2.9917665,-1.0140642,1
33938,2.9060469,0.104657784,2
33939,5.2495522,4.310411,3
33940,14.204679,7.379553,0
33941,3.6337345,-0.91142386,2
33942,-2.9212763,-2.8422742,1
33943,-2.8186312,0.6013015,1
33944,-0.8956355,11.1160755,9
33945,15.385943,6.2233887,0
33946,0.71495634,5.9194107,8
33947,15.952394,6.5950747,0
33948,1.1554235,12.093287,9
33949,-3.1062434,0.9577083,1
33950,-3.9047513,11.343594,7
33951,4.607978,-1.0513761,2
33952,0.8839582,14.622432,4
33953,7.1265726,5.3009043,3
33954,4.54253,7.315269,5
33955,-1.6000178,14.674254,4
33956,1.0743799,7.7495947,8
33957,-4.3788643,9.28701,7
33958,-0.83537406,12.574357,4
33959,-0.23675495,6.036836,8
33960,10.856183,5.1049576,6
33961,-2.0239546,9.960119,9
33962,5.818664,5.8746133,3
33963,16.11732,6.670105,0
33964,-3.8891475,9.891042,7
33965,-3.7505515,2.0675743,1
33966,5.755367,5.2026224,3
33967,4.660478,-0.6492201,2
33968,2.4397454,4.6863103,5
33969,6.2138906,4.2699003,3
33970,5.832789,4.928712,3
33971,-1.3554566,14.602092,4
33972,4.191943,6.7867765,5
33973,3.1024904,5.389125,5
33974,-1.6057951,11.336543,9
33975,11.144198,2.6028016,6
33976,2.2938075,12.727645,9
33977,-4.3689003,9.195897,7
33978,15.277124,6.448403,0
33979,-0.51512563,6.1746216,8
33980,10.8991,5.1494603,6
33981,-1.7104543,10.684679,9
33982,3.8226635,-1.7060502,2
33983,15.725879,6.914783,0
33984,10.792016,4.726277,6
33985,-4.164087,2.1245286,1
33986,6.817418,5.6105123,3
33987,4.4405494,-0.50055975,2
33988,-4.3983054,10.348363,7
33989,5.9264984,4.77969,3
33990,1.0756806,11.950488,9
33991,-1.8046921,15.130163,4
33992,-2.8641555,-2.7884068,1
33993,5.027624,6.60098,5
33994,-0.027688215,13.896428,4
33995,-3.7235045,8.272561,7
33996,-3.7705789,10.807222,7
33997,-0.5742219,5.124699,8
33998,-2.6402705,-3.3574326,1
33999,-2.1782084,9.399411,9
34000,-0.14664976,12.990915,4
34001,0.06290327,5.556601,8
34002,2.4695725,4.9529176,5
34003,10.953466,2.7143633,6
34004,-3.9185264,0.2009193,1
34005,3.1486819,5.1947546,5
34006,6.6361685,4.596848,3
34007,16.409086,6.955256,0
34008,-1.847822,-3.4606838,1
34009,11.005929,3.1860259,6
34010,5.8945465,3.8540008,1
34011,-0.069956005,7.0665507,8
34012,11.3803,6.3192196,6
34013,-1.7437966,10.316361,9
34014,15.409521,8.3173065,0
34015,-1.7710497,14.304577,4
34016,14.1676,6.0636144,0
34017,-3.85049,0.8345332,1
34018,6.06268,6.124882,3
34019,-0.6136163,10.867127,9
34020,1.1908311,7.4782515,8
34021,3.3588433,6.4536066,5
34022,0.31583068,13.88242,4
34023,6.8879914,4.643783,3
34024,10.294541,2.610496,6
34025,15.457814,5.960774,0
34026,5.990585,6.280529,3
34027,-2.0675023,14.296773,4
34028,0.34195018,13.411886,4
34029,-0.27130252,6.4262266,8
34030,0.546688,5.8014336,8
34031,-1.2391391,10.924743,9
34032,-5.0832686,11.955727,7
34033,-4.2781286,1.5249746,1
34034,5.6796227,7.381196,8
34035,-1.4572525,15.229501,4
34036,14.367745,7.168321,0
34037,16.259174,6.4796615,0
34038,-1.771079,-3.317656,1
34039,2.6553266,5.377071,5
34040,2.1465163,7.642236,8
34041,3.6183004,4.9223766,5
34042,-0.20846267,6.024739,8
34043,-1.0903176,15.170314,4
34044,0.6588984,12.185822,9
34045,15.772847,6.363628,0
34046,10.335951,5.0257087,6
34047,-3.9851851,9.123004,7
34048,2.5666935,-1.077962,3
34049,11.211532,2.8634725,6
34050,4.5928054,5.796606,5
34051,15.708275,6.179653,0
34052,2.2826626,12.861149,9
34053,-3.5076947,1.5331162,1
34054,16.009243,6.6778126,0
34055,-3.9426587,8.991521,7
34056,1.6459904,-0.05372603,2
34057,16.277426,6.815287,0
34058,5.1069827,5.677057,3
34059,10.824097,2.250548,6
34060,10.768986,2.336666,6
34061,0.32048166,5.650852,8
34062,3.1880226,-0.7349782,2
34063,-1.8355678,10.482242,9
34064,14.610748,8.76855,0
34065,2.858886,4.815426,5
34066,-0.5463331,11.055176,9
34067,-2.0545697,15.062904,4
34068,2.3760128,7.054129,8
34069,-3.9347365,8.772612,7
34070,14.75345,7.496981,0
34071,11.310912,2.7795978,6
34072,0.30012807,12.022685,9
34073,16.250582,6.6703258,0
34074,-2.6626413,-1.5291868,1
34075,-0.326375,5.6685944,8
34076,6.5111628,5.029756,3
34077,-4.0088243,2.2038164,1
34078,1.506796,-0.64837307,2
34079,-4.3500447,9.021699,7
34080,-2.345573,-1.4891632,1
34081,-4.3735104,8.5043125,7
34082,4.9172363,7.5711403,5
34083,-3.8142421,2.1713839,1
34084,15.554848,6.3075867,0
34085,5.8422422,3.598275,3
34086,14.845949,6.348563,0
34087,4.6026096,-0.8320569,2
34088,-4.348859,10.521744,7
34089,5.9617934,3.7634802,3
34090,-2.3387218,9.457982,9
34091,-4.085309,2.408307,1
34092,6.200251,5.0624886,3
34093,-2.0897374,15.142828,4
34094,-3.7907488,10.304897,7
34095,4.535212,-0.49284753,2
34096,-0.95887715,-3.6391878,1
34097,16.617582,6.7598433,0
34098,1.4071214,7.286495,8
34099,16.701435,6.864242,0
34100,12.017193,6.4926004,6
34101,-2.2045405,15.080526,4
34102,1.2723603,14.308165,4
34103,-1.0811158,10.064128,9
34104,0.7350122,11.73382,9
34105,6.2346888,4.1932864,3
34106,11.505782,6.2528076,6
34107,-0.49907202,5.286053,8
34108,2.1476653,7.062224,8
34109,-1.8765379,15.2169075,4
34110,-3.6974325,8.351957,7
34111,-3.9719677,8.568598,7
34112,5.3427505,7.270942,5
34113,4.613273,-0.9184217,2
34114,3.947959,6.785043,5
34115,5.9504733,6.938816,5
34116,4.4846644,-1.5378503,2
34117,11.364337,3.0115194,6
34118,-4.935665,11.645117,7
34119,6.1705956,4.138614,3
34120,6.8699174,6.232322,3
34121,11.3321705,2.7284951,6
34122,7.277065,5.3132353,5
34123,-0.9559346,9.956145,9
34124,10.842999,5.2519536,6
34125,10.975607,2.5628517,6
34126,-1.5487223,9.796181,9
34127,6.5733547,4.0656304,3
34128,4.5163093,6.8455763,5
34129,4.0707374,-0.69934845,2
34130,0.81728506,14.57076,4
34131,4.4830236,-0.65477073,2
34132,-4.3397355,12.127358,7
34133,-1.8318771,15.06123,4
34134,2.2820456,-0.563064,2
34135,11.375057,2.6972215,6
34136,4.504097,-1.5394505,2
34137,2.6043358,4.4900484,5
34138,-1.2014049,13.4529,4
34139,3.4139276,5.7889514,5
34140,4.949091,4.6814966,3
34141,-3.8118372,0.8523067,1
34142,-3.8184676,9.343549,7
34143,5.402301,4.267994,3
34144,0.9482281,14.287787,4
34145,6.9081264,6.236526,3
34146,0.5400121,14.020251,4
34147,0.010554685,11.443521,9
34148,3.9801283,6.8520594,5
34149,-4.708587,9.253291,7
34150,1.4402342,7.652044,8
34151,-0.12999132,6.158667,8
34152,14.649349,8.657046,0
34153,-4.1488914,8.611048,7
34154,1.3423631,7.8032446,8
34155,4.6384544,-0.7594367,2
34156,-0.4470858,-4.4437013,1
34157,4.517748,-0.83517885,2
34158,-1.907551,-1.4797328,1
34159,3.7734046,5.689409,5
34160,-3.7752352,11.397259,7
34161,-3.6535175,8.290617,7
34162,-3.4648895,-1.2777423,1
34163,-1.0952626,9.87048,9
34164,-1.7577434,-3.0712175,1
34165,-0.6350575,5.6508803,8
34166,-4.30774,1.3291881,1
34167,4.6331205,-0.68213993,2
34168,-2.41608,-2.2191975,1
34169,-4.0368013,2.2018182,1
34170,4.9816465,4.735195,3
34171,6.516703,4.2621436,3
34172,14.446336,7.9408956,0
34173,-3.9628592,2.4903142,1
34174,10.561163,3.126444,6
34175,6.543142,4.1836543,3
34176,2.017553,12.82611,9
34177,15.212289,7.938029,0
34178,-4.077114,9.260753,7
34179,-1.0453262,-3.321177,1
34180,6.157633,4.7790427,3
34181,3.1230655,-0.79674107,2
34182,2.5323725,-0.27837119,2
34183,5.897916,6.027452,3
34184,0.6497536,12.061933,9
34185,-0.1810132,13.869666,4
34186,9.812559,2.8923233,6
34187,4.205106,7.3594403,5
34188,6.52815,4.97977,3
34189,11.298959,6.089695,6
34190,6.616973,5.1101046,3
34191,-4.801997,11.710957,7
34192,-1.032533,15.299197,4
34193,0.5374231,6.8204074,8
34194,1.2415634,7.235147,8
34195,-0.06704864,12.241865,9
34196,0.075852945,11.723101,9
34197,14.729123,8.7121315,0
34198,11.444459,4.3612504,6
34199,-1.3824556,-4.0237937,1
34200,-4.183578,11.7739725,7
34201,3.4097683,-1.6245908,2
34202,3.855551,-0.65519965,2
34203,5.605189,5.6466713,3
34204,4.8132615,4.9026785,3
34205,-0.07852788,13.734119,4
34206,-1.4201888,-2.4730422,1
34207,-3.7147968,10.155907,7
34208,6.596173,5.2216263,3
34209,-0.14636856,6.3960285,8
34210,-0.074643545,14.825006,4
34211,-1.0963051,11.805111,9
34212,0.6944109,6.6983385,8
34213,15.043413,8.31249,0
34214,2.540282,-1.1574097,2
34215,-2.9310758,-2.2110493,1
34216,1.6877321,14.193499,4
34217,3.4481726,-1.5975946,2
34218,1.6384078,-0.29220682,2
34219,6.929402,6.1252685,3
34220,10.922198,4.7129073,6
34221,0.28855142,13.719221,4
34222,-1.1966318,-2.4992208,1
34223,-3.7042944,9.867535,7
34224,1.3577955,12.211218,9
34225,0.08415886,6.9776716,8
34226,4.0601845,-1.4109647,2
34227,-0.8402228,11.194456,9
34228,4.116738,-1.9822359,2
34229,-4.3332257,11.96482,7
34230,-4.365705,11.230309,7
34231,-4.579006,11.690202,7
34232,-5.0875387,11.197246,7
34233,-3.711327,11.362653,7
34234,-0.38705817,12.611023,4
34235,6.121766,5.7648926,3
34236,0.36395982,6.2133427,8
34237,14.414301,6.7880883,0
34238,15.607546,8.3067465,0
34239,5.1777606,5.7543545,3
34240,-0.08068427,12.896722,4
34241,-2.4741156,-3.4238756,1
34242,3.542442,6.292128,5
34243,0.36499143,6.7745194,8
34244,15.25182,6.574109,0
34245,-4.9946,11.945054,7
34246,14.202094,7.9539895,0
34247,10.834121,4.76887,6
34248,-0.9790811,12.0394945,9
34249,-0.034307983,14.546386,4
34250,4.1875806,-1.2692145,2
34251,14.548053,7.507156,0
34252,3.7108488,0.15358585,2
34253,3.73032,-1.7746341,2
34254,0.09286369,12.083336,9
34255,10.784177,5.5542417,6
34256,2.099569,-0.26835796,2
34257,1.0669395,6.653585,8
34258,-0.35344136,11.122585,9
34259,5.8146014,5.7680764,3
34260,11.282118,4.2414746,6
34261,-1.2684289,-2.9602349,1
34262,14.605053,7.2969255,0
34263,-2.0807376,-3.3233223,1
34264,-1.3104517,-3.5241616,1
34265,-4.671553,11.352848,7
34266,1.4359915,14.193829,4
34267,-3.9365187,11.052173,7
34268,6.282512,5.35473,3
34269,-2.1611068,-3.3370864,1
34270,2.8631067,5.937461,5
34271,11.329631,5.9479294,6
34272,-2.4508579,-3.7233102,1
34273,14.448024,6.6915145,0
34274,5.118671,7.4333167,5
34275,-0.62374824,13.655689,4
34276,2.9478865,5.583777,5
34277,11.35264,5.517481,6
34278,-3.9308157,11.117217,7
34279,-0.25258622,14.037164,4
34280,-1.6056315,11.451913,9
34281,-0.3762855,13.739767,4
34282,-3.1676347,-2.4969323,1
34283,14.214667,7.212189,0
34284,11.732363,4.6024427,6
34285,11.553435,5.6789193,6
34286,0.5059994,6.0328703,8
34287,3.09142,0.23033234,2
34288,3.403696,6.24409,5
34289,5.733974,6.270393,3
34290,0.3072185,14.3613825,4
34291,-1.6331886,-2.3772354,1
34292,0.73268074,12.448238,9
34293,5.948294,5.9422717,3
34294,-0.111481264,12.96117,4
34295,10.878532,5.571653,6
34296,14.938722,7.204029,0
34297,1.2930421,7.356122,8
34298,-4.059515,10.918143,7
34299,4.1636424,7.1098213,5
34300,-0.7495457,12.3314085,9
34301,0.9382547,11.819266,9
34302,14.581795,8.632789,0
34303,-0.79182243,13.4432,4
34304,6.331018,6.8459496,8
34305,14.363805,7.252327,0
34306,4.9859962,4.9077682,9
34307,-4.6623206,11.278845,7
34308,2.8631709,-1.1744982,2
34309,3.2478762,5.0527196,5
34310,4.1158156,-1.7455039,2
34311,0.24424309,7.030819,8
34312,1.3207886,6.921591,8
34313,0.94979304,6.4125166,8
34314,-5.146626,12.247408,7
34315,6.06319,5.6242623,3
34316,7.0067005,4.4461017,3
34317,-4.404995,10.87863,7
34318,5.072342,5.3764358,3
34319,0.8666932,6.8592296,8
34320,1.3303968,7.598403,8
34321,0.48189783,12.048334,9
34322,5.8136406,7.7754226,8
34323,3.3152356,-0.17289804,2
34324,11.630005,6.354067,6
34325,3.6220965,5.6189666,5
34326,2.1526341,-0.04283145,2
34327,6.07408,5.8866005,3
34328,-3.9624348,2.6159518,8
34329,-2.6036685,-2.107423,1
34330,-1.4579101,10.712192,9
34331,-4.4415693,10.657753,7
34332,1.903139,12.4022665,9
34333,5.8487844,5.5013466,3
34334,-2.507311,-3.4211764,1
34335,1.0602772,12.020637,9
34336,10.557908,4.4751415,6
34337,-1.8665888,-2.82447,1
34338,-1.0653137,10.83028,9
34339,1.440681,12.136846,9
34340,3.1143222,6.646572,5
34341,0.8947051,11.667507,9
34342,11.2494335,5.211846,6
34343,11.611469,5.3822403,6
34344,-4.44958,9.845227,7
34345,14.939846,7.6840067,0
34346,-0.26664078,13.510891,4
34347,-0.10177058,11.689461,9
34348,1.487701,14.033273,4
34349,-0.051581033,13.3405695,4
34350,11.193414,4.984684,6
34351,5.363817,5.3554134,3
34352,14.311161,5.834789,0
34353,-4.2270436,11.018723,7
34354,-0.044104498,13.559711,4
34355,15.067625,8.441207,0
34356,15.123834,8.084366,0
34357,-0.35626683,13.82483,4
34358,15.749425,7.493171,0
34359,-2.5721116,-2.7055907,1
34360,11.529964,3.9514856,6
34361,-0.06987038,14.542542,4
34362,5.066644,7.389016,5
34363,6.562463,5.3301325,3
34364,5.241914,5.8204136,3
34365,2.9581022,4.891333,5
34366,6.8220396,5.2570047,3
34367,-1.1184067,14.006183,4
34368,4.822788,4.9157267,3
34369,14.347926,6.960252,0
34370,3.047826,6.374717,5
34371,3.0281386,-0.94740105,2
34372,0.76582617,6.914497,8
34373,-2.2334225,-1.6884667,1
34374,10.152596,2.4834015,6
34375,0.4576888,7.052565,8
34376,1.2937399,7.2377577,8
34377,0.030487131,11.638341,9
34378,-5.3149247,10.709262,7
34379,-0.65084404,14.059819,4
34380,11.162217,4.5404277,6
34381,16.414019,8.213729,0
34382,1.052992,6.0268707,8
34383,-0.8597004,-3.4015288,1
34384,5.5927186,4.3004704,3
34385,3.3272464,-1.4336419,2
34386,-3.1108253,10.137815,7
34387,6.0062237,5.424018,3
34388,-2.2217636,-2.7593603,1
34389,-0.437315,14.667056,4
34390,5.81295,5.879768,3
34391,3.2444136,5.373017,5
34392,14.652289,6.794591,0
34393,10.821158,3.6998713,6
34394,14.428653,5.9106517,0
34395,-5.199905,11.229232,7
34396,5.6129537,5.488403,3
34397,1.169184,7.1909747,8
34398,-0.49448282,11.609895,9
34399,-2.2502427,9.879522,9
34400,3.9353778,7.0602603,5
34401,15.794754,8.719563,0
34402,-1.1837741,-2.7257566,1
34403,-1.9192765,-2.9003267,1
34404,0.8674789,7.6724453,9
34405,3.7232873,-1.278197,2
34406,16.801405,7.215378,4
34407,6.1182427,5.4535522,3
34408,3.2158952,-1.9104683,2
34409,0.06428032,14.887559,4
34410,-3.2798278,8.091861,7
34411,2.8974867,5.0443144,5
34412,-2.056062,-3.2815528,1
34413,11.06014,3.9172862,6
34414,-0.31808767,11.828417,8
34415,-5.085401,10.946238,7
34416,15.381866,7.445511,0
34417,0.87838966,6.9200325,8
34418,-3.7847865,0.042938713,1
34419,-1.5550537,10.855252,9
34420,0.706307,11.765876,9
34421,14.975971,8.600773,0
34422,2.0232148,7.777824,8
34423,-2.5475826,-2.4795833,1
34424,1.2001189,14.015848,4
34425,2.5177054,-0.5662772,2
34426,-2.7759752,-2.9726412,1
34427,5.742082,5.728263,3
34428,0.03776373,15.142768,4
34429,-1.2645024,13.394844,4
34430,-1.3714592,12.715232,4
34431,3.6162932,6.340539,5
34432,-4.1560154,10.345607,2
34433,10.731687,4.208055,6
34434,-4.6204653,11.462353,7
34435,-4.6755133,9.49241,7
34436,1.8040403,-0.4825877,2
34437,1.9927499,6.8436103,8
34438,2.8995538,6.4087453,5
34439,-0.16756012,10.93533,9
34440,14.270921,7.757481,0
34441,3.3758702,-1.3044069,2
34442,2.7045867,-1.6484032,2
34443,3.061161,-1.2112738,2
34444,2.867507,-0.79722166,2
34445,-5.467936,12.053874,7
34446,-4.9287634,11.038884,7
34447,10.306307,3.0237355,6
34448,5.1894846,6.5963244,5
34449,-0.51538366,14.070481,4
34450,3.63475,-1.8301178,2
34451,15.2372265,8.4922695,0
34452,1.3438268,7.319007,8
34453,3.913057,6.759716,5
34454,-3.814341,9.031316,7
34455,0.46351787,7.1029596,8
34456,11.1328125,5.769923,6
34457,15.2093725,6.259208,0
34458,0.978779,13.895646,9
34459,-5.501485,11.013637,7
34460,2.4769232,7.12157,8
34461,5.4841776,3.9400704,3
34462,4.237263,-1.4365842,2
34463,2.80775,5.02665,5
34464,0.6876582,13.817509,4
34465,0.02014208,14.99419,4
34466,10.835283,5.3554015,6
34467,-2.9540074,0.047527466,1
34468,1.2329073,14.751602,4
34469,1.8476053,7.2106695,8
34470,-2.5579073,-3.2530484,1
34471,15.393494,7.132936,0
34472,-5.097694,10.115792,7
34473,3.077461,5.108716,5
34474,4.1795263,6.4603314,5
34475,4.1954675,-1.7199711,2
34476,1.6102425,12.272081,9
34477,-5.4231267,10.681147,7
34478,4.7086554,7.381221,5
34479,3.420336,0.56757224,2
34480,15.134516,7.58002,0
34481,5.4717665,4.2214656,3
34482,0.39955837,11.987907,9
34483,-2.8094354,-1.9574441,1
34484,2.2128828,-0.8916891,2
34485,-5.2810383,10.205341,7
34486,3.0038402,12.181006,0
34487,-5.238214,10.256025,7
34488,10.611458,4.3371625,6
34489,-0.28964472,12.008099,9
34490,11.345664,5.475779,6
34491,0.99664646,11.953764,9
34492,10.767386,5.0687056,6
34493,-2.7211034,-1.8275039,1
34494,1.8893303,-0.6000827,2
34495,3.850376,-1.6119444,2
34496,1.4906441,12.28995,9
34497,0.67224383,15.034665,4
34498,-0.34782526,13.83961,4
34499,10.661176,4.047293,6
34500,5.8799844,3.931918,8
34501,-5.314115,11.4044695,7
34502,14.51795,7.994417,0
34503,-4.8858943,9.820038,7
34504,2.1682773,12.599297,9
34505,3.7214131,5.6782646,5
34506,-3.8493505,10.090919,7
34507,0.6897183,14.978382,4
34508,15.635701,8.796284,0
34509,2.642306,4.7266645,5
34510,0.09650039,6.832753,8
34511,16.15438,8.14833,0
34512,-0.77879125,-3.8048668,1
34513,-1.9874763,-1.2061993,1
34514,15.225322,8.711161,0
34515,-2.050149,-1.6281159,1
34516,-3.4440625,9.664771,7
34517,0.32568654,11.612139,9
34518,-3.6258142,9.203743,7
34519,15.31717,5.7930946,0
34520,10.140562,4.5971966,6
34521,4.038608,-1.5872126,2
34522,11.700349,4.4963303,6
34523,14.86978,7.205953,0
34524,5.6995955,7.618489,8
34525,5.650308,4.903482,3
34526,6.878095,6.097082,3
34527,3.4217575,6.0645804,5
34528,-3.8575985,11.293086,7
34529,10.428341,3.3719435,6
34530,-0.36757672,14.618752,4
34531,-1.0621102,-2.922348,1
34532,3.4318314,0.60316205,2
34533,0.9734916,7.656332,8
34534,0.56646216,6.82135,8
34535,10.427237,3.0439177,6
34536,5.8676505,6.2850246,3
34537,-0.94575465,14.8493,4
34538,14.358961,7.3416038,0
34539,10.425116,2.7107327,6
34540,2.0763214,7.1423025,8
34541,15.491408,7.5248923,0
34542,-3.001982,10.244433,1
34543,11.244225,5.4562087,6
34544,-1.0137206,11.292162,9
34545,-0.44428885,14.834073,4
34546,11.0485735,3.8983796,6
34547,5.5194263,3.7662814,3
34548,5.3328567,4.675782,3
34549,0.44996452,11.699899,9
34550,-1.9123348,14.343321,4
34551,5.68055,5.6134605,3
34552,6.4237304,5.3162346,3
34553,15.376969,8.307698,0
34554,1.9502438,6.441609,8
34555,15.118766,7.3073316,0
34556,-3.3159556,9.656379,3
34557,3.8645344,6.094773,5
34558,2.2040427,0.24925274,2
34559,4.28043,-1.6732329,2
34560,-4.4104795,8.355434,7
34561,3.1085272,5.65733,5
34562,15.123155,6.370294,0
34563,0.97122794,7.631687,8
34564,-3.991372,11.058754,7
34565,1.7478195,7.0583625,8
34566,-1.5664954,-2.0966554,1
34567,1.0147634,7.785551,8
34568,-4.2367373,10.345186,7
34569,-0.68776286,11.196062,9
34570,-0.72302926,12.812237,4
34571,-0.6736966,14.769573,4
34572,0.8323379,14.014956,4
34573,3.4500425,-1.480161,2
34574,2.7269194,7.4102535,8
34575,0.5040293,6.7769837,8
34576,-3.9087248,10.465113,7
34577,1.7639047,7.0332103,8
34578,11.47163,6.30921,6
34579,3.1104677,5.3356986,5
34580,14.818932,7.1805625,0
34581,3.509612,5.238017,5
34582,14.032241,7.7248554,0
34583,-1.1284726,10.860062,7
34584,5.1227527,7.0093474,5
34585,-1.3335814,-2.3132963,1
34586,14.826999,7.914031,0
34587,5.7802405,4.580134,3
34588,-1.4940338,-3.9471903,1
34589,10.291268,3.266526,6
34590,-0.56208855,-3.9954393,1
34591,-0.80018616,10.526794,9
34592,-0.47481272,12.193232,9
34593,-0.034367625,14.981277,4
34594,2.3292181,7.049067,8
34595,-3.7076485,0.41825053,1
34596,0.7493631,13.759662,4
34597,5.3196955,4.948057,3
34598,0.94573396,12.159733,9
34599,-5.223379,11.130504,7
34600,-3.1963263,9.8977995,7
34601,10.835206,4.2704153,6
34602,3.48522,6.145557,5
34603,-1.0434021,11.36454,9
34604,2.0904973,-1.0148554,2
34605,6.023037,4.031304,3
34606,2.1694148,-0.23499857,2
34607,5.5878377,4.8909893,3
34608,2.1830077,12.363528,9
34609,-5.136199,10.017826,7
34610,5.209246,7.0858154,5
34611,-0.15069644,13.61375,4
34612,-1.8486875,-1.4999795,1
34613,-2.6641383,-2.678789,1
34614,1.658002,-0.674147,2
34615,0.05604929,11.466423,9
34616,1.9497727,12.927548,9
34617,-3.0203562,0.62965614,1
34618,-3.6416636,10.067207,7
34619,15.922349,6.6336555,0
34620,3.225913,-1.2008488,2
34621,11.120256,3.0155153,6
34622,6.046756,5.675333,3
34623,16.57147,7.218733,0
34624,9.977298,3.7882524,6
34625,-3.5546227,1.919616,1
34626,4.8712106,6.3771825,5
34627,4.3781757,-0.6549719,2
34628,11.212975,5.023723,6
34629,5.696951,4.5722194,3
34630,6.608701,5.3396416,3
34631,-1.2145233,15.13223,4
34632,-2.7184663,-0.10393513,1
34633,-5.1282043,9.760945,7
34634,14.239128,7.0836124,0
34635,-0.5685855,5.3962154,8
34636,4.7474737,-1.1989557,2
34637,-1.3549746,10.324037,9
34638,-1.8782707,-2.070882,1
34639,15.222733,8.514146,0
34640,-1.7389276,-2.8764334,1
34641,-3.6299932,1.6885837,1
34642,6.78663,5.5754747,3
34643,4.585635,-1.0035747,2
34644,5.517675,4.5362,3
34645,6.105627,4.3770976,3
34646,6.9216256,5.1992626,3
34647,-5.1420736,9.61535,7
34648,10.044087,4.2519636,6
34649,-0.30904233,5.437965,8
34650,1.3975582,-0.6401707,2
34651,-1.5839502,9.779102,9
34652,10.1678,4.657956,6
34653,16.5616,6.782549,0
34654,11.356021,6.325294,6
34655,-3.8664553,2.2656627,1
34656,15.306736,8.189379,0
34657,4.1972494,-0.8387218,2
34658,11.722312,6.527552,6
34659,6.1024923,3.6712363,3
34660,-3.4213433,11.270179,3
34661,-4.8837004,8.730803,7
34662,15.651869,8.327329,0
34663,-0.522786,5.0536213,8
34664,4.082619,-0.21078785,2
34665,-3.08142,8.329519,9
34666,-3.1281917,10.016512,7
34667,-3.9974227,1.0911862,1
34668,-1.5734274,10.276333,9
34669,0.06343175,6.4595113,8
34670,-4.1851363,8.9837055,7
34671,11.068751,2.6473947,6
34672,6.3738704,6.5838695,3
34673,-4.421062,9.272714,7
34674,3.6510055,6.7259183,5
34675,3.5580964,0.07051358,2
34676,-4.4140315,11.80904,7
34677,-5.371021,11.140776,7
34678,2.2732503,12.763094,8
34679,-3.8605509,1.4615242,1
34680,2.9712646,-1.4986681,2
34681,-3.830352,1.469459,1
34682,-1.0830789,14.532155,4
34683,-1.8971864,14.702842,4
34684,5.641401,5.107171,3
34685,5.624991,4.1407557,3
34686,10.087725,3.5959167,6
34687,-4.269468,8.728594,7
34688,2.2346165,12.761945,9
34689,-4.837691,9.296739,7
34690,-3.5950682,10.655101,7
34691,-0.29484996,5.308588,8
34692,4.3036704,6.898558,5
34693,-1.7278981,10.355123,9
34694,-1.0755193,10.106984,9
34695,5.987061,3.821545,3
34696,0.52743953,7.0658975,8
34697,11.1954155,3.0305095,6
34698,12.0474415,6.311765,6
34699,16.38973,6.992751,0
34700,9.918709,3.3686397,6
34701,6.2281504,3.9735014,3
34702,-3.904412,10.131637,7
34703,11.695392,5.4373646,6
34704,-4.6331434,12.0354185,7
34705,-4.051035,2.186131,1
34706,14.20075,7.349322,0
34707,-3.2086678,0.6219784,8
34708,14.185646,7.3604155,0
34709,-1.4308418,14.90473,4
34710,6.635688,5.4013214,3
34711,2.4433582,4.3620615,5
34712,6.9910793,5.6948,3
34713,3.9958732,6.1200647,3
34714,14.995371,5.5777,0
34715,-1.0079606,10.048066,9
34716,6.5727296,6.153832,3
34717,4.409652,-1.3927653,2
34718,3.7636976,-0.22227275,2
34719,-0.6858762,5.1818542,8
34720,5.555345,7.1151524,5
34721,5.895225,3.7627304,3
34722,0.7645051,6.1363854,8
34723,-3.5790749,1.5903488,1
34724,2.6431692,-1.3658767,2
34725,-3.821565,2.1497371,1
34726,2.30195,-0.75403446,2
34727,2.7605438,4.435175,5
34728,5.773855,4.5637603,3
34729,-1.1698177,9.662992,9
34730,16.160875,8.689632,0
34731,16.271452,8.367065,0
34732,-4.856896,11.617692,7
34733,-1.081774,15.061655,4
34734,-0.07547137,5.514596,8
34735,-0.9910204,15.3105345,4
34736,6.8731318,4.9298162,3
34737,16.077522,7.26644,0
34738,0.9378465,6.004279,8
34739,-2.65805,8.91444,9
34740,6.5796447,6.712145,3
34741,11.385628,3.799296,6
34742,-1.1676053,14.001789,4
34743,-2.090451,9.296538,9
34744,0.25001204,13.215672,4
34745,4.733885,-0.8413276,2
34746,3.8121178,-0.30480075,2
34747,4.698503,-1.4064288,2
34748,11.693018,6.446715,6
34749,-4.045652,2.5447056,1
34750,-0.13329867,11.9138155,4
34751,-5.433533,11.041806,7
34752,-0.8189847,14.472361,4
34753,-0.66451657,9.980093,9
34754,-2.525223,-2.343712,1
34755,2.6152592,4.399515,5
34756,0.25991672,13.633158,4
34757,-4.0870132,1.9722466,1
34758,2.0409002,7.753823,8
34759,-4.290945,1.6111017,1
34760,4.2240853,6.9093223,5
34761,-0.8877361,9.999723,9
34762,-2.4193628,-0.89801407,1
34763,-0.9491513,5.6553855,8
34764,0.5986931,12.247221,9
34765,10.53716,2.187389,6
34766,0.018502155,6.109455,8
34767,11.3274,3.3385448,6
34768,3.8981066,-1.227695,2
34769,-1.4386799,9.856633,9
34770,-0.03948511,7.037344,8
34771,15.396056,6.4941483,0
34772,-4.6028495,10.434544,7
34773,15.925106,8.311289,0
34774,-4.324071,11.582295,7
34775,15.486634,6.236013,0
34776,10.482329,4.2183437,6
34777,-3.4434276,1.5304949,1
34778,-1.3644195,-2.3385825,1
34779,-0.55234987,5.919399,8
34780,0.31681162,14.83181,4
34781,-1.7823652,14.512544,4
34782,-1.3462821,-2.7805178,1
34783,11.242274,3.4038665,6
34784,0.12275213,14.097626,4
34785,-3.4700706,8.009554,8
34786,2.129846,12.491957,9
34787,-0.6461243,5.3890467,8
34788,6.4012103,5.7019897,3
34789,4.8499722,-1.2444408,2
34790,2.0107048,12.74937,9
34791,11.285363,3.5726674,6
34792,-1.3864062,-2.473075,1
34793,6.3063226,3.8553894,3
34794,0.6836177,7.2546086,8
34795,3.7377942,0.2689457,2
34796,-3.0979028,-1.9866654,1
34797,-0.66813457,10.03201,9
34798,14.298883,7.744087,0
34799,4.7138233,-1.0506203,2
34800,3.7323456,7.4358163,5
34801,-0.6879752,10.404843,9
34802,4.6896944,5.174276,3
34803,16.688713,6.799107,0
34804,1.3846763,7.6678767,8
34805,6.8882647,4.0925007,3
34806,4.4599686,6.721468,5
34807,-4.4237247,8.546527,7
34808,-1.3216391,11.81968,4
34809,-1.9053686,15.144218,4
34810,1.2070795,14.053005,4
34811,2.7454603,4.4585285,5
34812,10.474301,4.406597,6
34813,-0.8409182,5.1643105,8
34814,0.28105727,5.8368154,8
34815,6.0303173,4.8046618,3
34816,10.873977,5.6334877,6
34817,2.5533514,4.469998,5
34818,2.0856488,12.493417,9
34819,-1.0957212,5.4284163,8
34820,2.1412838,7.0180645,8
34821,2.3453305,4.3629684,5
34822,1.8314247,12.769247,9
34823,-1.6187857,15.093231,4
34824,-0.44433895,10.419291,9
34825,-4.132032,9.04482,7
34826,-2.877906,-0.8586018,1
34827,11.009975,2.5962625,6
34828,6.00078,6.346616,3
34829,6.8988357,4.0366664,5
34830,-1.1141102,12.972355,4
34831,4.4757924,-1.0302522,2
34832,6.6124134,6.118693,3
34833,4.612932,-0.9331395,2
34834,-0.7538322,10.936109,9
34835,-4.667925,8.743983,7
34836,10.194423,4.3486533,5
34837,-4.8825407,9.416641,7
34838,1.4597317,11.929666,9
34839,16.74592,7.167622,0
34840,11.78297,5.9630933,6
34841,2.6796541,4.5186453,5
34842,0.3834687,7.384418,8
34843,3.6292188,5.3134747,5
34844,-0.93369573,10.89615,9
34845,5.96197,3.2606604,3
34846,5.042911,4.8094993,3
34847,15.617325,6.2907395,0
34848,2.4236333,0.085025035,2
34849,-2.9664576,0.75352514,1
34850,2.8872998,-0.7414569,2
34851,4.3645387,-0.8902767,2
34852,-2.7145612,-2.6298916,1
34853,5.543675,3.973078,3
34854,14.229218,7.129571,0
34855,-1.8033456,14.773667,4
34856,4.015527,0.68098867,2
34857,2.785849,4.5659857,5
34858,5.1020064,7.4603653,5
34859,11.152619,2.5997672,6
34860,-0.06907364,14.829486,4
34861,-3.64402,8.092026,7
34862,6.48805,4.915716,3
34863,-0.6678185,5.4204783,8
34864,2.0949109,-0.28564537,2
34865,-0.4684467,10.369642,9
34866,6.305005,4.989051,3
34867,16.230503,6.9077187,0
34868,4.9241266,7.456396,5
34869,-3.8953166,1.2250147,1
34870,0.32330096,6.8114157,8
34871,4.445555,-1.1082536,2
34872,0.2631981,6.711448,8
34873,6.014542,3.8370934,3
34874,-1.6158677,-1.8670968,1
34875,-1.7961674,15.26497,4
34876,-1.7802248,10.462172,9
34877,2.9672148,4.781586,5
34878,-0.9099943,11.87027,9
34879,10.885992,2.4655154,6
34880,-5.077737,11.314026,7
34881,-4.3041034,8.372603,7
34882,3.3723574,6.354489,5
34883,-0.5295009,4.999963,8
34884,-2.0044003,-3.482472,1
34885,-1.1142541,9.604353,9
34886,2.1078997,12.668867,9
34887,15.80538,6.6853228,0
34888,3.578116,7.3951635,5
34889,-3.5919094,0.698285,1
34890,-5.3415766,12.06194,7
34891,3.5417316,-0.45012143,2
34892,1.5180969,12.264193,9
34893,6.4140353,4.2724514,3
34894,10.474783,3.0171041,6
34895,-1.835625,15.292506,4
34896,10.187074,4.6524615,6
34897,11.20489,2.6047187,6
34898,5.5624585,5.2944565,3
34899,-4.778284,8.685584,7
34900,0.7439403,6.733744,8
34901,-0.5584795,5.126707,8
34902,15.02658,7.5747004,2
34903,-1.461973,9.8954935,9
34904,15.676247,8.585846,0
34905,10.661609,3.0337553,6
34906,3.7167377,0.21092024,3
34907,3.4456348,-0.9303294,2
34908,2.6137254,5.5857687,5
34909,-4.3866444,9.061934,7
34910,-0.28590763,5.306374,8
34911,-3.116337,0.9145101,1
34912,0.38506895,7.377504,8
34913,4.225697,6.0848875,5
34914,-3.2953436,10.311605,7
34915,11.082837,3.357438,6
34916,-4.642114,10.1198845,7
34917,3.843745,-1.1430483,2
34918,10.433793,3.7710671,6
34919,10.878376,2.4359128,0
34920,2.6935391,12.428116,9
34921,-0.20877008,5.729495,8
34922,-2.4805307,-3.2447577,1
34923,-3.1238556,0.8341428,1
34924,10.523057,3.6113644,6
34925,-4.8141265,9.19154,7
34926,-1.7336352,-4.075409,1
34927,-3.3336442,0.71421427,1
34928,2.96438,-0.07820374,2
34929,-0.6468128,5.815469,8
34930,-1.3963193,11.726224,9
34931,5.5675635,4.5862193,3
34932,3.9076128,6.50033,5
34933,-0.22643855,6.210083,8
34934,-2.6703236,-0.7923103,7
34935,-5.0767846,10.1943245,7
34936,2.4916205,-0.53825337,2
34937,-3.8510408,-0.6233616,1
34938,-3.5288084,-1.2174846,1
34939,-4.7321477,9.475244,7
34940,-1.282586,11.638631,9
34941,-4.816987,9.483064,7
34942,1.749443,14.504595,9
34943,15.260962,5.766822,0
34944,2.430439,0.19002652,2
34945,-3.0721836,0.5087886,1
34946,1.3078704,7.6026993,8
34947,-1.6902765,14.622021,4
34948,0.09255089,14.9046545,4
34949,-1.8167099,15.011381,4
34950,-1.2066016,-4.358062,1
34951,-4.128521,8.330079,7
34952,5.4897137,7.4381495,5
34953,-2.0114818,15.029557,4
34954,-0.010762827,10.872503,9
34955,-1.4048257,14.946938,4
34956,10.464309,4.931517,6
34957,-0.6651871,10.458781,9
34958,14.432395,7.253973,0
34959,-4.28428,8.420203,7
34960,10.65755,4.811556,6
34961,4.2896085,-1.1412339,2
34962,1.0437994,12.5795765,9
34963,10.74923,2.3910255,6
34964,4.082879,-0.97432464,2
34965,2.7611198,4.8880854,5
34966,0.38222182,6.9727826,8
34967,5.889253,3.9730275,3
34968,1.6592405,6.5779653,8
34969,-1.2416424,10.131504,9
34970,-4.3710375,10.587566,7
34971,-1.7604454,14.966481,4
34972,-4.762619,10.525762,7
34973,5.954693,3.7638912,3
34974,2.207109,7.622055,8
34975,-1.3872864,10.212876,9
34976,2.099729,-0.05283654,2
34977,15.51049,6.11557,0
34978,0.22262834,5.786294,8
34979,0.29563305,5.8319297,8
34980,-1.8957078,-2.9438784,1
34981,-4.8901324,9.276814,7
34982,-4.7508035,12.003879,7
34983,-0.74314153,10.541915,9
34984,3.8586433,6.320081,5
34985,15.349874,5.9638777,0
34986,1.4724048,7.020914,8
34987,5.5785174,4.0671926,3
34988,0.79651797,13.402967,4
34989,15.394771,5.7576075,0
34990,-2.3633013,-3.6388447,1
34991,-1.1783116,15.232301,4
34992,-1.3282819,-3.0659072,1
34993,11.095719,3.4268832,6
34994,-0.93015134,14.91714,4
34995,6.601254,4.134403,3
34996,5.0301,6.948601,5
34997,-4.8549285,9.297652,7
34998,-4.1606107,11.795752,7
34999,15.510804,6.063532,0
35000,-1.8196675,-3.6760492,1
35001,-2.846965,0.09949991,1
35002,-0.2610992,11.129017,9
35003,-1.6098089,14.875976,4
35004,0.6982176,12.282337,9
35005,-0.20455462,5.321803,8
35006,-0.8061865,-4.0696087,1
35007,-0.0152256545,5.14638,8
35008,-0.7391111,-4.142045,1
35009,-3.8822782,1.3886117,1
35010,5.9990273,6.049813,3
35011,4.4267745,-1.0566468,2
35012,14.35899,8.2861395,0
35013,-1.2077848,10.468118,9
35014,3.1713767,0.2665139,2
35015,6.242639,3.8828015,3
35016,-0.19157946,12.313774,9
35017,-0.5482577,5.246572,8
35018,-0.71558374,6.2116933,8
35019,-0.64356,10.355007,9
35020,3.485446,-1.4613838,2
35021,-0.43312955,6.016838,8
35022,4.7858844,4.863133,3
35023,4.377145,-1.0913455,2
35024,-1.3761367,11.6591215,9
35025,0.12322401,6.008464,8
35026,12.035083,6.474107,6
35027,11.069739,3.623993,6
35028,15.592269,7.9950123,0
35029,3.075176,5.130341,5
35030,6.3143544,6.4097705,3
35031,4.429859,-0.84312564,2
35032,-3.4075048,9.901562,7
35033,11.017316,3.290484,6
35034,10.400232,2.8343432,6
35035,4.370904,-1.1470159,2
35036,0.22710368,6.875303,8
35037,10.865057,2.6726553,6
35038,0.39804393,6.590989,8
35039,16.000593,7.280934,0
35040,3.8412666,6.0034733,5
35041,4.1112685,6.2341805,5
35042,1.4260348,6.4595494,8
35043,5.5856543,4.618846,3
35044,2.3991752,7.3789387,8
35045,5.5274997,4.680514,3
35046,3.9543989,7.103236,5
35047,11.099144,3.6142123,6
35048,-0.97487026,-4.3871746,1
35049,5.8359866,4.8265424,3
35050,16.343845,7.902601,0
35051,3.993529,-0.44631967,2
35052,-1.8033421,-2.9719787,1
35053,-4.8727546,8.856956,7
35054,-0.45153457,11.905629,9
35055,11.329416,2.742082,6
35056,15.199649,8.058025,0
35057,3.1673362,5.1093864,5
35058,5.5772343,5.1999755,3
35059,-0.9279655,10.294461,9
35060,15.132383,6.5367575,0
35061,-0.2275915,5.8125877,8
35062,4.5471835,7.5163283,5
35063,15.809278,6.4409547,0
35064,16.481943,7.667446,0
35065,-1.6239196,9.859346,9
35066,6.190496,6.6097474,3
35067,16.24885,7.3539653,0
35068,-0.81384856,12.469336,9
35069,-3.51458,1.808449,1
35070,2.150047,12.4335375,9
35071,4.3584924,-1.0092462,2
35072,1.1867061,6.6375837,8
35073,5.978617,3.463726,3
35074,15.184734,8.227085,0
35075,-1.4677761,14.920156,4
35076,2.559526,-1.0994912,2
35077,3.6892502,5.785145,5
35078,-0.50510424,14.045087,4
35079,10.8053,2.5037365,6
35080,-1.0858953,11.684819,9
35081,-5.0187883,10.0742035,7
35082,3.6564274,6.333479,5
35083,-0.26850516,6.460289,8
35084,1.2623658,11.616643,9
35085,-1.3350122,10.325145,9
35086,6.7051783,6.1479735,3
35087,16.018265,7.377311,0
35088,5.7254076,7.608919,8
35089,-4.2716503,2.2658098,1
35090,1.7280446,-0.34660658,2
35091,4.062043,-1.2007699,2
35092,3.7490478,-1.5927823,2
35093,5.957893,4.05713,3
35094,-1.6655021,-3.6284277,1
35095,-1.82413,14.552771,4
35096,-0.69605947,5.644673,8
35097,4.578277,6.0253143,5
35098,-0.83172,12.953568,4
35099,11.226221,3.0139165,6
35100,4.2693515,6.92368,5
35101,-4.544054,8.940109,7
35102,-3.1918793,9.399156,7
35103,-0.4409252,6.1092696,8
35104,2.3545208,-0.90884364,2
35105,-2.6985013,9.059239,9
35106,4.4216022,-1.0857726,2
35107,16.334652,6.557567,0
35108,-2.4496315,-2.4707382,1
35109,-4.301806,2.0709295,1
35110,3.1336553,0.4810569,2
35111,3.717627,-0.13657203,2
35112,3.2452283,-0.8982903,2
35113,5.8752,3.7701898,3
35114,3.6465867,6.7126274,5
35115,-1.9510883,15.132454,4
35116,-0.72707963,-3.8017173,1
35117,3.2088206,4.7032886,5
35118,-0.021939248,11.022032,9
35119,11.122443,2.6950948,6
35120,1.5635452,7.089267,8
35121,-4.2941203,8.287864,7
35122,5.435976,5.0700073,3
35123,-0.6116726,5.815566,8
35124,1.9898397,-0.10929878,2
35125,-1.9149475,9.375045,9
35126,-1.1488454,12.857086,4
35127,-0.7819104,10.929992,9
35128,4.527229,-1.75405,2
35129,0.7949719,6.4388967,8
35130,-4.1380925,10.235922,7
35131,10.482889,2.8037844,6
35132,5.8437967,6.2388377,3
35133,4.2054024,5.9505167,5
35134,3.6392107,-1.0473669,2
35135,-0.68781346,10.795428,9
35136,0.88558847,12.693686,4
35137,4.054798,-0.7663111,2
35138,3.1332102,0.23432913,2
35139,5.9220886,4.4699,3
35140,10.1515255,4.0132294,6
35141,-1.9525207,14.766776,4
35142,-0.13053337,13.198306,4
35143,5.8233414,4.3082247,3
35144,0.9817923,14.468641,4
35145,1.1237935,6.1240015,8
35146,10.501976,3.1696558,6
35147,3.8026843,5.111774,5
35148,14.667586,6.9356594,0
35149,-4.331838,1.0832697,1
35150,-4.9985743,10.6805,7
35151,4.040334,5.3032775,5
35152,-1.154541,15.385345,4
35153,3.926452,-0.7138105,2
35154,10.787658,4.458312,6
35155,5.917755,4.008627,3
35156,4.9948697,4.735743,3
35157,16.562258,6.963718,0
35158,11.626442,6.457773,6
35159,-3.9805033,2.5634184,1
35160,-1.6362375,11.522069,9
35161,3.5872188,0.26358512,2
35162,6.716471,5.9721103,3
35163,-3.7065845,1.6139435,1
35164,4.513929,7.046387,5
35165,6.591619,4.214076,3
35166,0.21636596,13.137901,4
35167,3.7984695,-0.8366804,2
35168,-4.309544,1.3998147,1
35169,10.851877,2.3061879,6
35170,6.245433,5.229995,3
35171,4.052702,5.573913,5
35172,5.3050857,7.2544622,5
35173,6.330393,3.7517736,3
35174,-0.71952796,10.564099,9
35175,16.349016,6.5979733,0
35176,-4.9290476,11.252296,7
35177,-4.3955197,9.056992,7
35178,-0.84295166,13.801696,4
35179,-1.3634961,15.029946,4
35180,4.9793577,5.6320295,3
35181,11.039518,2.9684222,6
35182,0.7414878,12.407815,9
35183,-1.5864381,14.758968,4
35184,11.574109,6.292863,6
35185,16.278652,6.5066113,0
35186,-0.9250316,13.324473,4
35187,3.310769,4.8131614,5
35188,0.46100482,12.294348,9
35189,-0.7906963,10.540999,9
35190,6.597439,6.2790885,3
35191,-1.1995115,10.126575,9
35192,15.424864,5.8044233,0
35193,-0.2752301,6.609224,8
35194,-0.93606335,11.631871,9
35195,6.6145577,4.5224876,3
35196,-3.1994627,9.555205,7
35197,-3.4917533,0.2845825,1
35198,3.9101312,0.744462,2
35199,-4.237137,9.322394,7
35200,11.466341,5.251608,6
35201,-1.3602461,14.174201,4
35202,2.2111416,0.07465947,2
35203,-4.4354477,9.347832,7
35204,11.244258,5.9275646,6
35205,-3.500543,-0.1802438,6
35206,10.13998,2.58715,6
35207,4.0854583,5.57788,5
35208,5.1230416,5.0219,3
35209,16.558298,6.8556833,0
35210,10.4184675,4.617426,6
35211,11.020033,2.6398895,6
35212,-2.074554,-3.8766634,1
35213,10.720059,2.2858589,6
35214,5.454908,7.0671144,5
35215,3.4061933,0.0750072,2
35216,3.1501195,-1.6224154,2
35217,16.174646,6.592426,0
35218,0.06948801,11.783974,9
35219,11.390918,2.8362098,6
35220,4.624876,-1.3408247,2
35221,5.973693,4.4366965,3
35222,11.285359,5.5838037,6
35223,-3.3694744,9.0478735,7
35224,4.2553062,5.993966,5
35225,-5.2137775,9.906499,7
35226,4.9940553,5.5986614,3
35227,-1.7165787,15.012951,4
35228,4.404105,6.8781953,5
35229,-1.8505867,14.341205,4
35230,1.6028807,7.393209,8
35231,5.674073,4.6551147,3
35232,0.22295761,7.6922107,8
35233,-1.8488123,10.21444,9
35234,10.141617,4.605802,4
35235,3.3461857,-0.8190596,2
35236,1.4696101,-1.3272443,1
35237,0.32967117,5.6880174,8
35238,10.643193,2.9782612,6
35239,-1.7357459,10.463135,9
35240,3.0382266,-1.2843294,2
35241,10.804097,2.467103,6
35242,0.7144374,6.878183,8
35243,16.42985,6.850151,0
35244,-2.799007,-2.640785,1
35245,-1.5838889,9.483375,9
35246,0.48649424,7.0266376,8
35247,3.8952775,5.350377,5
35248,5.749714,6.2977095,3
35249,5.9411774,4.0144167,3
35250,2.7804587,-1.1277338,2
35251,0.07817937,5.507803,8
35252,-1.4487724,-2.010431,1
35253,0.37385842,6.179587,8
35254,1.5747542,14.517002,4
35255,-3.9282422,9.724696,7
35256,0.10636757,14.930431,4
35257,-4.1546555,1.7912984,1
35258,-0.46744713,14.55661,4
35259,-1.734497,14.970797,4
35260,-3.232277,9.045366,7
35261,16.180481,6.3381767,0
35262,14.825691,7.2048144,0
35263,-1.9085785,14.358297,4
35264,1.2616212,7.0884604,8
35265,0.37642947,5.5816226,8
35266,-3.1080465,-2.1519518,1
35267,4.9952903,6.406795,5
35268,3.3311646,6.5844254,5
35269,3.7007458,-0.6970862,2
35270,-1.6109993,-3.9470913,1
35271,5.1576867,4.865611,3
35272,6.074032,6.7445836,3
35273,-1.1841502,10.01563,9
35274,5.125075,7.7664304,5
35275,15.947121,5.9917507,0
35276,2.3265705,4.441635,5
35277,-4.5287848,8.97416,7
35278,-2.3879473,-2.3494635,1
35279,3.71219,-0.2810515,2
35280,11.226585,4.6971645,6
35281,-4.012013,1.6527475,1
35282,15.056278,7.643419,0
35283,-1.372814,10.311634,9
35284,11.490781,5.6748104,6
35285,-3.750075,0.80414706,1
35286,-1.6308271,-1.8389937,1
35287,3.800228,5.0505834,5
35288,1.931277,-0.7516093,2
35289,-3.7884269,1.362594,1
35290,2.5075479,-0.25952575,2
35291,-4.026549,8.893981,7
35292,-0.2680358,12.07875,9
35293,-1.8644707,15.13978,4
35294,16.251448,7.5646853,0
35295,0.05374738,5.6079507,8
35296,1.1796713,12.73544,9
35297,10.966981,2.3920949,6
35298,3.5180511,-0.23694558,2
35299,-4.134276,1.7802159,1
35300,1.1078774,6.5318947,8
35301,4.5411305,-0.7257181,2
35302,14.417303,8.471491,0
35303,-4.049607,1.791047,1
35304,0.477,14.380113,4
35305,10.882288,2.652248,6
35306,-4.771707,11.900483,7
35307,0.21043219,5.477016,8
35308,1.5916487,7.006494,8
35309,-0.39919686,5.9190927,8
35310,9.932589,3.0989463,5
35311,15.902711,6.6206646,0
35312,0.8901763,14.7409115,4
35313,-3.4317374,0.015035302,1
35314,1.2268523,14.335198,4
35315,3.6566296,-0.9623812,2
35316,-4.375549,9.749611,7
35317,5.637735,4.6903687,3
35318,10.5534315,2.343543,6
35319,-0.9167446,14.963907,4
35320,14.636392,6.6308527,0
35321,-4.041451,8.993727,7
35322,11.011395,4.3728385,6
35323,-0.30356357,6.428708,8
35324,1.7898002,12.728997,4
35325,-0.22684942,10.671824,9
35326,3.5053883,7.3186955,5
35327,16.324026,6.7259626,0
35328,-1.2785842,-4.242454,1
35329,-4.0601654,0.6004928,1
35330,0.603046,12.271889,9
35331,4.4514294,-1.0286052,2
35332,-2.2417517,9.936251,9
35333,5.8646665,4.5284224,3
35334,-3.7508507,9.976192,7
35335,-1.5683757,15.326738,4
35336,6.446216,5.2518873,3
35337,-4.0756626,8.3495655,7
35338,1.1230993,6.8490376,8
35339,-0.5059797,5.9456086,8
35340,2.7633693,-0.85938966,2
35341,-1.6970178,9.68091,9
35342,11.280276,4.607188,6
35343,15.793082,7.2341495,0
35344,1.8140277,-0.2361636,2
35345,-2.9443018,0.6222598,1
35346,5.906721,5.8217907,3
35347,3.5699627,-1.0923395,2
35348,15.386586,7.845284,0
35349,6.8023205,4.5215883,3
35350,2.751381,5.8707633,5
35351,-3.9231184,8.400621,7
35352,-0.56276095,-4.1446066,1
35353,-0.55751616,6.3479123,8
35354,5.739485,5.1008916,3
35355,-0.8785074,10.114732,9
35356,2.432093,-0.22044657,2
35357,-2.8064837,0.045615867,1
35358,1.7029191,12.155924,9
35359,-2.6511757,-0.33316815,1
35360,-1.2582924,-3.141418,1
35361,-4.7663145,9.740993,7
35362,-1.6384583,14.381555,4
35363,-2.1116655,14.4423065,4
35364,1.1108656,7.386922,8
35365,0.76352865,6.029118,8
35366,6.87374,6.3082623,3
35367,-3.1472173,0.47084504,1
35368,-0.14925404,10.842316,9
35369,3.539429,4.9599323,5
35370,-2.0265703,-3.450281,1
35371,-4.8855715,9.133063,7
35372,-4.3260202,9.538546,7
35373,4.2902575,-1.205513,2
35374,0.4471567,11.851704,9
35375,0.2652797,6.0794563,8
35376,5.9374404,6.8921227,3
35377,11.680722,4.030615,6
35378,2.9097693,-0.83884746,2
35379,6.5835333,3.916906,3
35380,1.3059591,12.099358,9
35381,5.1384387,5.0766964,3
35382,1.0492506,11.918215,7
35383,-0.2368047,6.05386,8
35384,0.92556363,12.384224,9
35385,11.512699,3.0193672,6
35386,-1.9308178,-3.6343148,1
35387,-1.1419481,9.644341,9
35388,5.052703,7.0240545,5
35389,-3.4038959,0.4108631,1
35390,4.320952,6.90233,5
35391,-3.391319,8.361257,7
35392,-0.66240364,14.186666,4
35393,4.1247563,-0.6746647,2
35394,4.12469,6.1756635,5
35395,-3.714055,1.9750355,1
35396,-3.4522529,0.66111153,1
35397,2.6620665,4.471268,5
35398,1.3653871,6.4657216,8
35399,-4.1098604,2.0866952,1
35400,15.506555,6.9581285,0
35401,5.975939,3.261423,3
35402,-0.6016468,14.003017,4
35403,3.698005,-0.13674076,2
35404,-3.4552014,-0.3396043,1
35405,3.7744365,-0.06150854,2
35406,3.2534606,6.23277,5
35407,6.031177,3.6313317,3
35408,15.003609,8.80056,0
35409,16.601755,7.87855,0
35410,3.1806087,-1.2028477,2
35411,11.718109,3.581876,6
35412,0.5098381,13.947776,4
35413,-1.1478149,15.1862135,4
35414,-3.0768733,-1.8109128,1
35415,5.9149165,3.6428413,3
35416,-4.4555883,10.809341,7
35417,-4.3176265,8.292267,7
35418,-0.9043927,12.623368,4
35419,11.465245,2.7886093,6
35420,3.0895152,6.583974,5
35421,-0.8972114,10.121668,9
35422,6.784923,5.9086213,3
35423,16.53133,7.112581,0
35424,11.764483,6.0390043,6
35425,-1.0362893,15.255751,4
35426,11.241444,5.971558,6
35427,-4.011113,1.9142616,1
35428,1.6062692,6.6592836,8
35429,-2.1630752,15.129039,4
35430,-3.9661987,1.8390591,1
35431,16.321285,7.326555,0
35432,15.281234,8.337878,0
35433,11.297141,2.7709162,6
35434,6.8948073,6.0030813,3
35435,-4.156839,2.5811741,1
35436,-1.2497933,-2.841817,1
35437,4.649751,-0.68455106,2
35438,1.460277,6.865644,8
35439,11.645275,3.7219186,6
35440,-1.1570671,9.77308,9
35441,-4.5506306,9.436514,9
35442,1.6568707,14.582504,4
35443,3.4724672,-0.024011733,2
35444,-0.65156466,11.742204,9
35445,3.4664466,-0.031762145,2
35446,-3.1809702,10.068181,7
35447,5.8425145,3.9970996,3
35448,-2.9457614,-1.9745914,1
35449,16.685287,7.7644277,0
35450,-5.0678883,12.3161125,7
35451,-3.668885,8.448564,7
35452,11.513282,6.274223,6
35453,4.7626066,-0.9013969,2
35454,3.4860725,-1.3070601,2
35455,-1.3198304,10.066101,9
35456,1.9443343,-0.90735,2
35457,4.146658,-0.8355151,2
35458,5.8540707,5.8397884,3
35459,5.908081,3.5870283,3
35460,0.8630317,7.5036507,8
35461,-2.2180657,15.133861,4
35462,4.792251,7.441898,5
35463,16.420942,6.856205,0
35464,2.4639935,7.4872627,9
35465,16.243307,6.6757617,0
35466,4.802213,7.326394,5
35467,-0.5657464,5.9796553,8
35468,11.457704,6.3937316,6
35469,-4.5087132,8.425622,7
35470,9.955068,2.8307412,6
35471,-0.60401535,5.3911133,8
35472,1.5954978,14.253698,4
35473,15.879985,6.658907,0
35474,-0.6206131,11.485311,7
35475,-1.5304918,9.400074,9
35476,-3.517319,9.923878,7
35477,0.39759558,5.640854,8
35478,4.357165,-1.4253521,2
35479,-0.6290595,10.390202,9
35480,-0.7497689,-4.5131474,9
35481,16.32911,6.346354,0
35482,-0.809469,13.127704,4
35483,3.8094387,-0.7154767,2
35484,0.21546414,7.061061,8
35485,16.36377,7.7076006,0
35486,6.082729,6.8568954,3
35487,-3.1045408,0.9300432,1
35488,14.774291,6.760564,0
35489,4.078474,-1.0451273,2
35490,-1.2934136,11.936095,4
35491,6.6680636,4.1376657,3
35492,3.9297953,-1.5481026,2
35493,-0.7721386,15.227905,4
35494,3.9419649,-0.82940114,2
35495,3.0475512,5.898539,5
35496,-1.3120753,-2.4481475,1
35497,11.58991,3.7093005,6
35498,4.858701,5.0345607,3
35499,-4.522999,9.34332,7
35500,2.967105,6.4838743,5
35501,-0.110385835,5.708709,8
35502,16.308693,7.4475923,0
35503,-2.218216,10.263345,9
35504,5.770255,6.1863403,3
35505,15.616794,8.35163,0
35506,-1.0303706,10.0764475,9
35507,-4.2935066,1.230425,1
35508,-2.2609327,-2.0221121,1
35509,4.261756,-1.0567982,2
35510,3.0538888,-1.5211251,2
35511,6.737453,4.08159,3
35512,-5.2533245,11.9787035,7
35513,-1.3206134,14.957442,4
35514,-1.8744668,-1.292887,1
35515,3.2559059,4.735656,5
35516,15.686358,7.603812,0
35517,11.308218,3.1137142,6
35518,-3.5238976,10.007198,7
35519,-4.4296346,8.686627,7
35520,5.729607,5.8736086,3
35521,-0.6986121,5.3034925,8
35522,5.5491962,5.058388,3
35523,-2.2182734,9.670622,9
35524,1.3660975,12.278469,9
35525,16.45773,8.056248,0
35526,1.0401012,6.936999,8
35527,-3.954659,2.3237896,1
35528,6.985928,5.8044453,3
35529,4.557932,-0.86187357,2
35530,6.388403,3.9974334,3
35531,5.7404604,3.5984852,3
35532,0.90442604,11.8440075,9
35533,-2.093355,15.064429,4
35534,1.1206431,13.907595,4
35535,2.7282333,4.512161,5
35536,14.62825,7.924806,0
35537,11.021515,2.3402197,6
35538,-1.3555796,-2.9756153,1
35539,-4.4761477,8.598465,7
35540,10.595318,3.6877575,6
35541,-0.658412,5.380907,8
35542,5.43363,5.493072,3
35543,-2.347534,9.695367,9
35544,-3.8327255,11.401591,7
35545,3.427788,6.042224,5
35546,1.2081301,14.631994,4
35547,-0.6435501,5.405201,8
35548,5.746328,4.5829315,3
35549,-3.9263594,8.823132,7
35550,6.637693,6.2069745,3
35551,-1.6364038,14.828394,4
35552,-0.7090611,-3.4925265,1
35553,-3.9508533,8.823875,7
35554,-3.757102,-0.51460177,1
35555,-4.045885,8.920292,7
35556,1.20058,12.5934105,9
35557,6.2541814,3.810937,3
35558,-2.347378,-3.6679454,1
35559,-0.4924887,6.118167,8
35560,-4.506517,8.878714,7
35561,-0.5141805,6.0944467,8
35562,5.732134,5.0156894,3
35563,5.6234636,3.8174927,3
35564,11.177704,4.6981535,6
35565,-3.914429,1.4337807,1
35566,11.7294445,6.2560205,6
35567,2.5689156,4.690115,5
35568,5.1974273,4.927602,3
35569,-0.53252053,5.6998124,8
35570,3.9436502,5.684844,5
35571,4.6445704,-1.0408769,2
35572,3.3965895,-1.4551147,2
35573,-3.9209607,8.820396,7
35574,6.4364066,6.237986,3
35575,11.064385,3.3005075,6
35576,1.2829447,6.57755,8
35577,-0.589691,5.7597823,8
35578,11.040596,5.9539866,6
35579,10.856258,2.576302,6
35580,-3.526034,9.752757,7
35581,-1.6250799,15.141737,4
35582,6.342931,6.850988,3
35583,-1.8846567,14.977394,4
35584,-0.6354278,13.699505,4
35585,-1.9489857,15.151626,4
35586,-3.1345317,-2.2878318,1
35587,-3.9024827,1.5487517,1
35588,11.833159,5.574468,6
35589,-0.29506674,5.8022184,8
35590,-0.24772637,14.155707,4
35591,-0.729442,5.306039,8
35592,-1.1125566,-3.4059474,1
35593,-1.7577229,9.918093,9
35594,-4.0845456,11.35418,7
35595,-3.0227964,0.13241905,1
35596,-2.2475069,-2.9472325,1
35597,4.6641984,-1.074966,2
35598,0.9922671,12.143089,9
35599,4.740801,-0.95187825,2
35600,-3.7449484,-0.42370376,1
35601,10.757743,2.3832119,6
35602,3.4904485,6.668482,5
35603,-1.5880729,9.76733,9
35604,2.1681566,7.2313576,8
35605,-1.8343836,10.41592,9
35606,2.550737,-1.2195101,2
35607,11.381354,2.8395772,6
35608,4.622012,7.0081253,5
35609,2.7936835,4.678686,5
35610,6.621143,5.527472,3
35611,3.1927218,4.713425,5
35612,16.545341,8.215995,0
35613,5.9875693,3.5155807,3
35614,11.173006,5.254248,6
35615,5.7827787,3.5424063,3
35616,-1.3508109,14.790448,6
35617,-0.7774487,5.569538,8
35618,3.4428585,7.043487,5
35619,-0.73199713,5.484243,8
35620,15.3401375,7.593772,0
35621,-3.7010317,2.0240703,1
35622,6.532811,6.0902257,3
35623,-1.6229078,9.779003,9
35624,-1.6192713,13.326612,4
35625,-3.663973,9.189892,7
35626,-0.8000954,15.148782,4
35627,11.563309,3.498356,6
35628,3.3160093,7.228729,5
35629,-0.8100355,5.8027954,8
35630,3.2192562,0.54890496,2
35631,5.575973,3.7146118,3
35632,12.096074,6.6218624,0
35633,-4.196372,8.567185,7
35634,15.168559,8.756832,0
35635,-1.8593373,15.063635,4
35636,-3.2333345,8.998287,7
35637,-5.115433,10.008939,7
35638,3.9005675,-0.90260017,2
35639,16.267351,7.6052194,0
35640,5.797949,5.820008,3
35641,-2.0093966,9.849332,9
35642,-2.058786,-1.5240811,1
35643,5.5314703,3.7656894,3
35644,3.4194365,-1.8977573,2
35645,-4.0287642,8.873074,7
35646,15.439234,8.497564,0
35647,-1.9543599,10.0866165,9
35648,-4.718881,10.58311,7
35649,5.7173243,3.9082322,3
35650,4.929596,7.4336777,5
35651,16.432829,7.0929084,0
35652,2.3491323,0.084341384,2
35653,4.541269,-0.92352736,2
35654,-0.7668316,-3.9816194,1
35655,16.535696,7.8552504,0
35656,-0.83022124,12.875454,4
35657,-3.4677312,1.5887057,1
35658,6.4198966,4.2547474,3
35659,16.17617,7.604746,0
35660,15.235786,8.539643,0
35661,-3.8983443,1.7847303,1
35662,1.5708609,14.596456,4
35663,16.564842,7.59744,0
35664,10.692084,3.4165027,6
35665,-1.3167536,15.324977,4
35666,1.64679,12.191399,9
35667,16.450697,7.607305,0
35668,-3.836996,8.798895,7
35669,-3.938345,1.5252938,1
35670,1.8254588,-0.7247099,2
35671,16.19156,7.284118,0
35672,-0.05995617,11.726066,9
35673,-1.5184621,15.115829,4
35674,3.961588,5.701103,5
35675,-2.7124264,9.503949,7
35676,-0.6431487,10.726205,9
35677,-1.8496158,9.855831,9
35678,1.6332049,-0.23949687,2
35679,4.4563518,-0.9402975,2
35680,16.043346,7.669146,0
35681,16.483704,6.9518566,0
35682,11.601451,6.329748,6
35683,11.164688,2.8682337,6
35684,11.016688,5.252146,6
35685,4.2924657,-1.1541246,2
35686,-3.5596724,-1.3769339,4
35687,10.861023,2.3215294,6
35688,5.693946,5.791174,3
35689,4.65763,-1.1236552,2
35690,2.7135801,-1.556396,2
35691,4.7483425,-1.1610082,2
35692,6.5861554,5.7546124,3
35693,-1.9100991,9.945525,9
35694,5.444845,5.9490542,9
35695,-1.9791768,10.246195,9
35696,-3.370032,10.937661,7
35697,15.131366,8.34025,0
35698,-2.6682777,-3.3665307,1
35699,-1.5605636,-2.5298326,1
35700,15.437343,7.32938,0
35701,3.553934,-1.7487334,2
35702,5.3718386,7.7157273,5
35703,6.024149,5.9940667,3
35704,0.3053137,6.700479,8
35705,1.108687,14.343944,4
35706,0.4473504,6.3980684,8
35707,4.0291038,5.6894646,5
35708,15.00906,8.918634,0
35709,11.397845,6.1787677,6
35710,-3.436754,0.5540636,1
35711,-4.7094646,11.319794,7
35712,14.6379,8.663577,0
35713,1.6142238,6.554996,8
35714,10.970543,5.3874025,6
35715,-0.33460385,12.205655,9
35716,-0.48110858,14.239492,4
35717,14.851801,6.825696,0
35718,11.652528,6.010063,6
35719,-2.4488559,-3.3552117,1
35720,14.654679,8.771581,0
35721,3.464412,-1.7545733,2
35722,-2.2300344,-3.0811715,1
35723,6.9834805,5.555238,3
35724,-0.35736883,11.406046,9
35725,0.9067895,13.769645,4
35726,10.04408,2.3880765,6
35727,5.709326,7.1429477,5
35728,-3.1678996,10.639467,7
35729,11.333178,6.281418,6
35730,1.7431372,7.2832384,8
35731,-5.058395,12.178111,7
35732,0.8027279,11.443687,9
35733,1.6950295,6.6845345,8
35734,12.012631,6.4984617,6
35735,0.42506936,12.003174,9
35736,10.819448,4.426197,6
35737,-1.340437,-2.4798903,1
35738,3.643998,5.527155,5
35739,14.583102,7.3701673,0
35740,14.387095,8.020455,0
35741,0.892515,12.258037,9
35742,14.583331,7.861235,0
35743,3.4723158,6.3384037,5
35744,6.2912607,6.5214586,3
35745,-4.737677,11.823752,7
35746,15.132368,8.487752,0
35747,4.367611,6.740897,5
35748,-1.784258,14.134965,4
35749,-2.1577058,-1.478329,1
35750,11.729654,6.580464,6
35751,2.3783052,7.280884,8
35752,1.5902138,14.505631,4
35753,11.339026,6.224078,6
35754,-3.5373454,11.055186,7
35755,0.9767089,12.238526,9
35756,-1.9947872,-1.5752698,1
35757,14.781884,7.2322044,0
35758,1.7655644,-0.75331205,2
35759,0.6733388,14.046518,4
35760,-1.4858884,11.113271,9
35761,-1.2246045,-2.7913213,1
35762,1.1727334,7.03489,8
35763,1.3664472,12.321025,9
35764,1.6857159,6.696088,8
35765,5.8281646,5.4974523,3
35766,5.901644,7.192773,5
35767,1.7970376,7.290856,8
35768,10.69298,2.5694225,6
35769,-0.4246852,13.743911,4
35770,3.0742552,-1.5550438,2
35771,-0.050827526,13.948242,4
35772,1.4376986,6.6706276,8
35773,-4.7974386,11.936727,7
35774,-1.6567364,-2.6605992,1
35775,14.668948,6.432188,0
35776,2.01762,6.891859,8
35777,-2.2979672,-1.3175422,1
35778,15.3146515,8.913154,0
35779,3.3667476,-1.4834739,2
35780,0.7564243,14.851837,4
35781,-4.7172904,11.051042,7
35782,15.335194,8.716304,0
35783,1.2408992,6.1491117,8
35784,4.522225,6.3671913,5
35785,3.2929842,-1.3103471,2
35786,1.6028482,12.309107,9
35787,3.0658565,6.243908,5
35788,1.4002079,6.7973566,8
35789,-0.4236868,11.200939,9
35790,-3.417093,9.694819,7
35791,11.604128,6.144558,6
35792,-2.2942903,-0.7209549,1
35793,15.464734,6.416048,0
35794,4.8854876,4.8116207,3
35795,11.495233,5.731968,6
35796,5.8751483,5.481029,3
35797,3.2269511,5.3604174,5
35798,-3.5374928,-1.1981163,1
35799,3.4060514,5.8052115,5
35800,14.7767935,7.5262437,0
35801,5.7220345,5.6776824,3
35802,3.1716409,0.10290617,2
35803,6.8263125,5.573183,3
35804,0.12790138,12.875673,9
35805,5.756543,4.846678,3
35806,5.89127,6.3345046,3
35807,-0.4583341,11.125061,9
35808,11.064107,5.3627996,6
35809,1.3292052,6.1416826,8
35810,11.360817,5.271828,6
35811,-3.756257,0.2300797,1
35812,0.14735486,12.462005,9
35813,-1.2565782,14.113528,4
35814,5.4277554,4.7753453,3
35815,15.332158,6.966226,0
35816,14.357772,7.0551553,0
35817,11.450426,5.6023507,6
35818,0.36054528,13.300167,4
35819,-2.3661819,-0.58140266,1
35820,-2.1194162,-3.5693583,1
35821,15.335182,6.475156,0
35822,0.489607,14.371205,4
35823,14.949217,6.5794,0
35824,-0.6472195,10.413498,9
35825,11.051659,5.582538,6
35826,-1.5489756,-2.7230399,1
35827,3.7599716,-1.7183381,2
35828,9.891825,3.018279,6
35829,-1.9824286,-1.8303223,1
35830,0.109539464,13.423183,4
35831,-2.2132473,-1.6914393,1
35832,2.381011,-0.8370079,2
35833,6.8139343,4.346131,3
35834,-3.9440663,8.590336,7
35835,4.598209,-1.4751675,2
35836,1.996646,12.922852,9
35837,-4.256787,11.93304,7
35838,4.590463,6.6032095,5
35839,-4.4156084,11.938646,7
35840,-0.23317203,14.69268,4
35841,2.1996436,7.2361064,8
35842,-3.1404881,9.048996,7
35843,1.7367315,7.364902,8
35844,10.077563,2.8504326,6
35845,-4.4235435,11.945507,7
35846,10.270069,2.486901,6
35847,1.3106127,12.220082,8
35848,0.2867055,7.0752025,8
35849,0.033979636,13.994547,4
35850,1.9281168,0.15768331,2
35851,11.240203,5.8434987,6
35852,1.1481857,13.931724,4
35853,14.551717,6.959981,0
35854,0.10653396,12.112331,9
35855,-4.882219,11.980829,7
35856,-1.0212443,-3.3856676,1
35857,14.727798,6.659637,0
35858,5.3438296,7.2256007,5
35859,6.738444,5.024931,3
35860,-3.5839524,10.788575,7
35861,11.537066,6.174132,6
35862,-2.6681187,-3.3067358,1
35863,-3.9005399,11.712451,7
35864,6.515347,6.912582,5
35865,-1.9089969,-3.8413894,1
35866,-0.43567783,13.020903,4
35867,4.4058723,6.5496173,5
35868,10.27275,3.785553,6
35869,6.8497396,5.4512258,3
35870,5.7595563,5.436055,3
35871,-3.6337187,10.830144,7
35872,1.9476169,-0.53754187,2
35873,3.7485974,-1.8531939,2
35874,5.730589,6.2876663,3
35875,0.49270752,13.173024,4
35876,6.8101697,6.381686,3
35877,1.8737833,12.204443,9
35878,2.1955478,12.78828,9
35879,0.9437556,14.06853,4
35880,-2.7568116,-1.7805792,1
35881,6.5664654,6.1024995,3
35882,2.4452958,0.30923557,2
35883,11.67179,6.591753,6
35884,1.1995978,14.488682,4
35885,3.7050662,-1.7240789,2
35886,9.916634,3.1876292,6
35887,3.8175938,-1.8936036,2
35888,10.614049,4.415693,6
35889,5.6435766,7.563357,5
35890,6.1907167,6.6680393,3
35891,6.930616,5.7455163,3
35892,0.50311613,12.399891,9
35893,-1.1148853,10.803791,9
35894,-0.42428848,11.970058,9
35895,-0.20748171,13.972123,4
35896,15.339064,7.411513,0
35897,-1.7844344,-1.5747157,1
35898,6.4162817,6.5861726,3
35899,-4.6510987,11.547379,7
35900,-2.1607728,-1.4345437,1
35901,3.4575796,-1.7242004,2
35902,2.9799495,-1.0979401,2
35903,4.9390416,7.242641,5
35904,-1.5945419,14.168445,4
35905,16.436142,6.4938273,0
35906,4.727792,7.5958176,5
35907,-3.3762255,0.48309684,1
35908,-1.0422976,-3.9262264,1
35909,4.091161,-0.8287331,2
35910,11.474732,5.428029,6
35911,5.630594,4.6806417,3
35912,-1.943085,-3.721049,1
35913,-1.4837837,13.969779,4
35914,5.0477757,5.058124,3
35915,3.3021603,6.186969,5
35916,0.40402028,6.0606623,8
35917,10.324473,2.1971717,6
35918,10.418953,4.2055316,6
35919,-4.7627463,10.162011,7
35920,-3.5969954,11.044923,7
35921,-0.08273595,6.2053895,8
35922,6.2765174,5.0891676,3
35923,15.501054,7.061652,0
35924,5.8745685,7.7146244,8
35925,-3.5932446,-1.248405,1
35926,0.10779595,13.235487,4
35927,2.7856777,-1.1886201,2
35928,-0.46838236,5.9952793,8
35929,5.349338,4.362724,3
35930,2.874919,-1.4817944,2
35931,-1.6807637,14.248819,4
35932,1.2015686,6.618326,8
35933,3.6926565,6.653945,5
35934,15.463869,8.266628,0
35935,10.141335,2.6813278,6
35936,15.335735,7.507674,0
35937,-4.7914414,10.099343,7
35938,-4.18919,10.638173,7
35939,-0.19200121,5.769699,8
35940,1.4452682,7.497832,8
35941,-0.89984024,11.189303,9
35942,-0.49213207,-4.1857142,1
35943,3.3082192,4.769389,0
35944,6.1245146,6.4302993,3
35945,-3.3630738,0.26520404,1
35946,1.1872702,14.771624,4
35947,2.6035726,-0.8877161,2
35948,10.616411,2.5090811,6
35949,5.4376664,4.28349,3
35950,0.97820026,7.1019354,8
35951,-1.8002454,14.397582,4
35952,0.8944963,14.291448,4
35953,4.3131657,6.626893,5
35954,6.9428735,5.960465,3
35955,10.072994,2.4397058,6
35956,1.7819554,12.310001,9
35957,-4.25232,8.808647,7
35958,5.80477,7.755615,8
35959,16.11224,7.235387,0
35960,-5.210424,12.143142,7
35961,-4.5727463,10.756003,7
35962,11.7544,6.573535,6
35963,16.492966,6.795868,0
35964,1.4843612,14.084838,4
35965,-4.9211698,10.418482,7
35966,-0.23783237,14.197186,4
35967,-0.5685537,5.8405433,8
35968,11.419642,5.233836,6
35969,5.175331,4.6756697,3
35970,1.855351,-0.20773828,2
35971,16.66985,6.6660013,0
35972,15.189405,7.6481247,0
35973,16.865295,7.206706,0
35974,1.3873638,-0.5250856,2
35975,2.724773,5.4417186,5
35976,5.7471547,7.4601746,5
35977,3.5640364,6.131565,5
35978,-4.5004835,11.315277,7
35979,5.6734066,5.6589813,3
35980,-3.7068176,11.435677,7
35981,-0.15058976,5.905818,8
35982,14.513868,7.2560153,0
35983,-0.31394055,5.6721764,8
35984,5.6890574,4.351471,3
35985,-3.9261284,0.40761602,1
35986,6.1516232,6.250929,3
35987,0.30001947,6.421713,8
35988,11.32161,5.9645576,6
35989,-1.3462194,14.119981,4
35990,-0.4657602,-4.252601,1
35991,-1.7093345,10.5006,9
35992,1.8926659,-0.57025784,2
35993,10.38979,2.214809,6
35994,15.274287,8.398849,0
35995,-3.5112176,-0.06982902,1
35996,2.0145032,12.304982,9
35997,-0.6898428,6.0527086,8
35998,-4.051225,10.242004,7
35999,16.328434,6.920143,0
36000,-1.4033649,10.370953,9
36001,3.951232,-0.6787999,2
36002,10.051238,2.8832679,6
36003,-4.9183955,10.445615,7
36004,1.1923126,12.02618,9
36005,5.5534353,4.8650293,3
36006,3.8840294,-1.8842244,2
36007,-1.7525752,10.243894,9
36008,6.0932746,7.590783,8
36009,4.0511365,-0.8587414,2
36010,1.5999968,6.8249054,8
36011,3.1163704,5.131681,5
36012,-3.1354835,9.181886,7
36013,-4.098447,9.193129,9
36014,11.034827,3.3518517,6
36015,3.6850903,6.5520034,5
36016,2.7261057,-1.2793255,2
36017,-1.8552403,13.9292965,4
36018,5.5971284,6.0204515,3
36019,16.146675,6.6072135,0
36020,1.4183459,6.9986634,8
36021,5.1623216,4.328495,3
36022,14.737454,7.5206046,0
36023,5.680424,5.0153785,3
36024,-1.9242681,11.154847,9
36025,-1.3933401,14.860737,4
36026,4.3971043,7.052016,5
36027,-5.1320076,9.684755,7
36028,3.206673,6.5917997,5
36029,-0.6846218,10.822426,9
36030,-1.8843948,-3.8595698,1
36031,16.298101,6.66249,0
36032,6.3332043,6.542327,3
36033,-3.9248748,-0.08889517,1
36034,0.7191947,6.9186144,8
36035,-1.5939701,10.560106,9
36036,11.515785,6.224866,6
36037,-4.2532144,0.82095206,1
36038,10.7940445,4.5964055,6
36039,2.6602023,-0.6625515,2
36040,14.944773,6.5964913,0
36041,-5.3187685,10.60356,7
36042,-1.4797685,-4.264764,1
36043,-0.4455002,10.989331,9
36044,0.18243808,12.106116,9
36045,-4.0923705,1.1964693,1
36046,4.9096284,6.491695,3
36047,2.8368373,4.5049853,0
36048,6.3331857,5.117585,3
36049,10.200282,2.4792037,6
36050,2.1734514,12.689564,9
36051,2.2123451,-0.69096154,2
36052,-4.473151,11.270751,7
36053,-2.0181105,15.16247,4
36054,0.35287794,6.9497004,8
36055,2.902139,4.6121807,0
36056,3.8416474,-1.5483738,2
36057,5.1199617,4.6026,3
36058,-0.5486269,11.6455345,9
36059,3.5843058,6.5004115,5
36060,2.8804803,6.106564,5
36061,10.017881,2.6848059,6
36062,-0.2949903,11.3222685,9
36063,10.631448,2.4877331,6
36064,2.0423982,-0.1476042,2
36065,3.6671038,6.2534947,5
36066,1.6295394,6.6504016,8
36067,10.377191,2.2015991,6
36068,10.259743,4.0478473,6
36069,-5.4807267,10.338949,7
36070,10.171806,4.4023395,6
36071,-4.132269,0.6480154,1
36072,15.561673,8.186385,2
36073,-1.6318449,14.069698,4
36074,2.0224445,12.715393,9
36075,-1.6998855,14.813614,4
36076,6.429356,6.5443873,3
36077,2.5938184,-0.6976089,2
36078,6.7920384,5.935393,3
36079,10.234769,2.2482812,6
36080,1.9148116,13.158609,9
36081,2.691687,-0.71936846,2
36082,5.8359256,4.856476,3
36083,-1.6438017,10.275873,9
36084,14.465785,7.7531066,0
36085,-3.4265726,0.27367237,1
36086,3.3933241,6.4952917,5
36087,3.9356809,6.5034623,5
36088,-3.9935658,9.832869,7
36089,3.846586,6.3964157,5
36090,15.598932,8.173731,0
36091,2.9486446,6.2832103,5
36092,1.2045919,14.142184,4
36093,4.9748487,4.8739405,3
36094,-1.2891068,-4.0968733,1
36095,-3.8538153,-0.5925127,1
36096,0.027896354,6.2033954,8
36097,-1.23634,14.224721,4
36098,-2.0664155,-3.0668538,1
36099,-0.7711571,5.9959445,8
36100,4.1196084,-1.3101014,2
36101,10.486372,2.3832963,6
36102,1.7265366,12.528491,9
36103,5.890096,3.9243605,3
36104,-4.499935,9.923491,9
36105,-4.8424773,9.129145,7
36106,-2.62439,-3.260555,1
36107,16.820683,7.3545475,0
36108,-2.7879088,-0.7516559,1
36109,1.6627682,11.972504,9
36110,-1.1591451,-3.9623559,1
36111,3.4866805,6.133154,5
36112,4.2976246,-1.0414077,2
36113,9.805654,3.1629322,6
36114,0.8113414,7.2961235,8
36115,-5.4945097,10.522714,7
36116,15.283401,6.242043,0
36117,-3.6696277,0.79814845,1
36118,4.9061675,5.5167365,5
36119,5.3054886,4.7846627,3
36120,2.6193736,0.23644055,2
36121,-0.3908226,6.012214,8
36122,2.2507422,12.685974,9
36123,4.261623,-0.8654519,2
36124,-1.2811693,-3.4573715,1
36125,10.53772,2.2853067,6
36126,3.8601203,7.8086667,5
36127,2.6220682,-0.5059297,2
36128,6.9566026,5.58603,3
36129,10.241679,2.420023,6
36130,5.893621,5.760622,3
36131,-1.389094,14.842003,4
36132,5.171402,5.7607265,3
36133,3.0865405,-1.0806242,2
36134,-4.277377,10.415031,7
36135,-5.100043,9.798956,7
36136,-4.754938,10.579696,7
36137,-0.36758953,5.7489796,8
36138,14.240213,7.0258107,0
36139,-5.3696375,11.7672415,7
36140,-4.1817794,9.948321,7
36141,-2.1052623,-3.5060823,1
36142,2.3878107,-0.4885164,2
36143,15.678248,8.567479,0
36144,10.465738,4.5039587,6
36145,-1.742775,-2.6455903,1
36146,16.12506,8.479565,0
36147,3.1204908,-1.1104672,2
36148,1.2892998,12.0822935,9
36149,6.9869347,5.6716313,3
36150,-3.371251,11.046899,7
36151,0.14693162,14.065797,4
36152,-3.8327796,10.608222,7
36153,5.4229198,7.3932104,5
36154,6.3036976,6.426598,3
36155,11.649432,4.9870024,6
36156,-3.6550927,10.65469,7
36157,-5.160505,12.248976,7
36158,-3.1005616,10.138777,7
36159,0.79619044,6.9623785,8
36160,-0.09646026,12.962748,4
36161,0.16307907,12.102136,9
36162,-1.2888432,10.550695,9
36163,15.935561,8.192402,0
36164,-2.9803789,-2.426232,1
36165,-1.9405316,-2.4682016,1
36166,3.127274,0.5653743,2
36167,2.982255,0.045568354,2
36168,14.327276,7.814641,0
36169,6.153904,6.245174,3
36170,4.320275,-1.4966174,2
36171,0.74320847,13.9057,4
36172,-0.85997456,12.467293,9
36173,5.1986575,7.532939,5
36174,-1.3097804,14.801326,4
36175,11.6547165,5.8934917,6
36176,10.546584,4.9418206,6
36177,-5.2256007,11.602753,7
36178,-3.6540787,10.035685,7
36179,0.7266495,6.963211,8
36180,5.4770107,5.6923666,3
36181,0.28192896,11.223492,9
36182,0.3892487,5.938977,8
36183,15.693572,8.581949,0
36184,11.43411,4.6378284,6
36185,-2.1285949,-1.7926499,1
36186,1.8092952,12.38645,9
36187,3.071696,-1.0375086,2
36188,-5.1632876,11.323259,7
36189,5.9816265,5.863472,3
36190,0.55494684,14.178845,4
36191,0.009749629,14.242608,4
36192,2.1303668,7.1754565,8
36193,5.4105563,7.830652,5
36194,1.413233,12.305692,9
36195,11.601808,6.0505147,6
36196,-0.82223064,11.126648,9
36197,-5.341589,11.980386,7
36198,14.831719,8.335118,0
36199,0.46865612,6.465907,8
36200,1.4140949,14.148964,4
36201,-0.5418008,11.614091,9
36202,-0.22827831,13.070722,4
36203,0.8989358,11.555493,9
36204,-0.8458714,14.32799,4
36205,-5.006772,10.901133,7
36206,6.2286286,6.498833,3
36207,3.766,6.037954,5
36208,-0.12571096,13.379315,4
36209,3.8756754,-1.2283077,2
36210,1.8232801,7.3516035,8
36211,0.022499453,11.401545,9
36212,-1.8750503,13.550556,4
36213,15.234448,8.284028,0
36214,0.82980764,6.5937896,5
36215,-1.6412425,-3.1034672,1
36216,5.9747305,6.5053825,3
36217,5.0503287,7.414518,5
36218,-0.8597406,13.326811,4
36219,0.14466861,6.6985507,8
36220,10.783141,4.573301,6
36221,1.0218911,6.2696233,8
36222,0.58260584,13.61161,4
36223,14.925791,7.0296564,0
36224,0.97084004,6.72129,8
36225,0.11067592,11.333529,9
36226,-0.86336523,15.190619,4
36227,6.534802,4.6223407,3
36228,1.0028168,14.453691,4
36229,3.8456357,-0.27126914,2
36230,-4.9959064,10.630357,7
36231,-5.1453648,12.067927,7
36232,10.2420435,3.3924534,6
36233,0.30543122,6.3975377,8
36234,-4.9378724,11.791295,7
36235,0.38552243,14.371246,4
36236,5.136015,7.34123,5
36237,11.739215,5.6605897,6
36238,0.7202806,13.8373995,7
36239,-3.0625486,-0.19724104,1
36240,-2.9951272,-2.5377302,1
36241,14.868987,7.2504272,0
36242,5.946037,5.4244404,3
36243,0.28056523,13.9391575,4
36244,4.6948457,6.511174,5
36245,4.1017294,6.308683,5
36246,-0.0874937,13.703097,4
36247,6.7762036,4.9265385,3
36248,5.0313954,5.5546184,3
36249,0.43402585,11.127907,9
36250,1.5308481,6.7395525,8
36251,16.022736,8.751431,0
36252,2.9315996,6.2282724,5
36253,4.4657936,7.031409,5
36254,11.646123,6.100173,6
36255,15.215796,8.612766,0
36256,5.7669735,7.6394477,5
36257,-2.2197292,-1.6882988,1
36258,-4.604487,10.03282,7
36259,11.548539,5.091694,6
36260,14.079338,7.157872,0
36261,-0.818661,11.417084,9
36262,5.4814343,5.783963,3
36263,5.538299,5.2808285,3
36264,-2.421554,-3.5895686,1
36265,-1.8296976,-2.4357314,1
36266,4.2336287,-1.2699369,2
36267,11.680867,5.0830255,6
36268,14.931714,8.360567,5
36269,14.378042,6.969512,0
36270,1.6986898,7.3373175,8
36271,-2.2319252,-1.6885226,1
36272,14.539538,6.757191,0
36273,-2.3421552,-2.0877714,1
36274,10.834771,4.870242,6
36275,0.64995587,7.2366567,8
36276,-2.6670792,-0.4823458,1
36277,15.039264,8.449068,0
36278,10.581485,4.7300797,6
36279,-0.9411382,13.143482,4
36280,1.7410955,14.210642,4
36281,-5.1991115,12.277697,7
36282,-1.7936399,10.922257,9
36283,-5.1043396,11.8344345,7
36284,-4.2309465,11.769895,7
36285,11.6301,4.9277277,6
36286,0.43005025,14.372727,4
36287,5.909892,5.5589476,3
36288,-1.2408313,-3.9802392,1
36289,5.0491767,7.4494195,5
36290,15.69848,8.914197,0
36291,11.484503,5.1043215,6
36292,3.8409956,-1.5353963,2
36293,11.466565,5.059669,6
36294,11.357723,3.0586057,6
36295,6.8059497,5.2219586,3
36296,1.5811248,14.545006,4
36297,-2.5287623,-2.3860583,1
36298,6.0192137,5.9162717,3
36299,-0.029957548,6.5162754,8
36300,1.5320818,7.282635,8
36301,6.621545,5.1605263,3
36302,-3.7291048,8.881445,7
36303,5.213484,7.483298,5
36304,15.351473,6.659033,0
36305,11.515708,5.0168114,6
36306,0.63033515,12.402212,9
36307,-5.338994,11.708615,7
36308,10.621426,3.207907,6
36309,4.4972973,7.2935233,5
36310,10.877368,4.8901057,6
36311,2.876551,-1.3899478,2
36312,14.519493,7.566493,0
36313,-5.0166097,10.723338,7
36314,-1.8220794,14.4623995,4
36315,-2.1776798,-1.73787,1
36316,-5.1255407,9.19386,7
36317,-1.9112287,-2.5783272,1
36318,16.22785,8.506737,0
36319,-0.06347863,11.087426,9
36320,-0.41326866,5.1259675,8
36321,3.2065735,-0.48426625,2
36322,0.6580445,14.311921,4
36323,0.3959276,7.3178754,8
36324,5.1050777,5.8199077,3
36325,1.4662209,7.502898,8
36326,3.957932,-1.7353579,2
36327,5.999471,5.8468466,3
36328,-1.4468585,10.20494,9
36329,5.974602,5.4916234,3
36330,4.002784,7.1939964,5
36331,15.189827,7.4008074,0
36332,5.014557,7.1710534,5
36333,-2.458963,-1.0954801,1
36334,-5.0682297,9.392516,7
36335,3.9956415,-0.2217614,2
36336,1.1141819,13.6743555,4
36337,5.6973825,5.4236665,3
36338,5.4449973,4.1599836,3
36339,-0.94601345,14.487479,4
36340,-3.9705474,8.7911,7
36341,3.0680914,5.3101697,5
36342,-1.6251354,14.198179,4
36343,10.913773,3.2576876,6
36344,10.902147,5.9179606,6
36345,-5.3390117,10.271746,7
36346,0.65722394,14.128378,4
36347,-0.39558476,5.4160523,8
36348,-2.5670671,9.407178,9
36349,-0.85484093,9.962709,9
36350,-0.055183753,11.699236,4
36351,16.187468,7.402928,0
36352,-3.1605835,10.395432,7
36353,-2.437201,-0.5245814,1
36354,4.056821,7.4174814,5
36355,3.698072,-0.7769814,2
36356,-3.5843232,-1.278566,1
36357,5.6574073,5.244184,3
36358,11.270628,5.071062,6
36359,-1.3725848,14.497728,4
36360,1.0492105,12.050053,9
36361,2.9958968,5.5429435,5
36362,14.241045,8.076724,0
36363,10.5645,2.2291083,6
36364,-0.33745036,14.017847,4
36365,-4.0697327,8.5060625,7
36366,2.9932444,5.7372174,5
36367,-0.417153,5.1732397,8
36368,-3.5002477,1.0454657,1
36369,-1.5810696,9.733672,9
36370,-1.5408831,11.699458,9
36371,16.422722,7.5148463,0
36372,10.47602,4.309005,6
36373,-3.5878472,0.85614854,1
36374,1.7080569,-0.028759617,2
36375,3.4905882,-0.2908911,2
36376,14.256395,7.391945,0
36377,5.2562327,5.011164,3
36378,-1.7768743,9.624718,9
36379,-1.3149699,15.0295925,4
36380,-3.0256011,-1.7618382,1
36381,2.7803178,5.3043833,5
36382,-2.4421904,-0.9319973,1
36383,10.510651,2.2175782,6
36384,1.4209921,14.266615,4
36385,-4.6121182,8.865392,7
36386,0.034878258,5.633768,8
36387,-0.32072574,5.305227,8
36388,-3.41209,-1.2595371,1
36389,-0.42336565,10.645215,9
36390,10.571399,3.179335,6
36391,15.478301,7.8724804,0
36392,-1.9996088,9.724861,9
36393,15.170881,8.326463,0
36394,-0.08501306,13.740434,4
36395,-4.4740868,9.944238,7
36396,2.2448459,-0.6390128,2
36397,3.6302147,-0.49006882,2
36398,-3.666036,11.412719,7
36399,-1.357213,14.547341,4
36400,0.7086877,13.998214,4
36401,4.058302,-0.85524666,2
36402,-0.70371497,10.967669,9
36403,10.641589,2.4140596,6
36404,-5.2484756,12.050795,7
36405,2.675475,5.3781257,5
36406,6.562199,4.769343,3
36407,2.6587503,4.8422832,5
36408,-3.4657667,-0.10551183,1
36409,3.7342443,5.7942514,3
36410,-2.9736307,-1.930575,1
36411,-4.9759345,9.514054,7
36412,14.042442,7.059645,0
36413,-0.09206232,5.648125,8
36414,15.8148575,7.104179,0
36415,10.778767,2.3075242,6
36416,9.952464,3.119406,6
36417,2.986267,4.7161913,6
36418,0.16914578,12.21314,9
36419,-1.932704,15.005068,4
36420,0.50916713,12.176107,9
36421,-0.26223022,6.358649,3
36422,-0.37278202,-4.454966,1
36423,4.326881,-0.71657443,2
36424,3.302143,5.326631,5
36425,10.667995,2.6539502,6
36426,-1.9647127,-3.3508053,1
36427,5.5508404,5.2445493,3
36428,0.54743433,14.961443,4
36429,-0.0834082,5.622343,8
36430,-3.8457532,9.571307,7
36431,15.837971,8.051042,0
36432,6.177214,6.567432,3
36433,-3.2715738,-0.37328655,1
36434,-0.8392103,12.950438,4
36435,-1.2896868,14.440218,4
36436,-3.2994082,8.663274,7
36437,2.8202293,5.4041038,5
36438,1.9177619,12.29474,9
36439,11.176305,2.8688428,6
36440,14.654216,7.46162,0
36441,-1.2859843,14.357795,4
36442,-0.8202207,-3.714458,1
36443,-3.7781498,8.6465025,7
36444,10.072338,2.838788,6
36445,-0.51870006,5.657965,8
36446,16.131996,6.20229,6
36447,16.216059,8.289495,0
36448,-2.2111976,-2.9239562,1
36449,6.5594697,4.7766366,3
36450,-5.153851,9.779275,2
36451,-3.8596566,-0.5713878,1
36452,3.5692716,7.156078,5
36453,2.5487502,5.0412836,5
36454,4.1615853,7.536595,5
36455,-1.3985269,14.927479,4
36456,0.725937,12.266031,9
36457,-3.1649325,1.0005379,1
36458,5.581525,5.452946,3
36459,-1.0092652,10.274367,9
36460,3.4917526,0.07772098,2
36461,-3.5677106,0.31132758,1
36462,2.8301733,-0.3427115,2
36463,3.78048,-0.43335956,2
36464,1.9736278,12.650499,9
36465,-3.8895712,9.389081,7
36466,0.62735665,14.343554,4
36467,15.696091,8.457577,0
36468,14.708279,7.2033515,0
36469,-3.2977998,-0.2897575,1
36470,5.1882706,7.5183315,5
36471,5.612891,5.261671,3
36472,-4.8568993,11.191123,7
36473,-0.60932714,5.902833,8
36474,1.2163846,12.486251,9
36475,4.746071,-1.0510906,2
36476,14.919841,8.88434,0
36477,-1.6928471,9.990418,9
36478,1.6060178,7.177295,8
36479,-4.7703495,9.562439,7
36480,3.3226652,6.470463,5
36481,-1.4044847,9.800549,9
36482,4.646543,7.040657,5
36483,-2.0397716,14.31455,4
36484,15.284282,7.8624682,0
36485,3.8020546,-0.9922708,2
36486,-0.95738965,10.127078,9
36487,2.7649083,5.34647,5
36488,5.163798,4.6298213,3
36489,-0.9069608,6.0011816,8
36490,-1.2997863,-2.4760325,1
36491,10.600115,2.3291812,6
36492,0.104618944,6.923863,8
36493,2.8045974,5.2171416,5
36494,-1.5882201,13.819748,4
36495,3.2345169,5.319701,5
36496,10.301364,4.693049,6
36497,-1.1551658,10.1526,9
36498,-3.6510024,8.238803,7
36499,-1.3070875,9.907797,9
36500,-1.1409781,11.341491,9
36501,-3.883695,0.7979855,1
36502,-0.07135151,14.906167,4
36503,-0.12969196,5.9620004,8
36504,11.145248,5.9791737,6
36505,3.82907,-0.8690785,2
36506,15.042794,8.626932,0
36507,-1.91236,9.8834,9
36508,6.5571675,6.970995,5
36509,-4.191084,0.6944415,1
36510,-0.5592532,11.873187,9
36511,6.3018227,4.402957,3
36512,-4.6589837,9.607339,7
36513,-0.6959262,14.639023,4
36514,5.879818,7.703308,5
36515,5.525777,5.2827573,3
36516,2.6671357,5.333319,5
36517,-2.2510762,-1.1796386,1
36518,0.65710765,13.562277,4
36519,16.044003,7.724282,0
36520,-1.257978,-4.061068,1
36521,-1.7747558,10.0001335,9
36522,3.229105,-1.8958062,2
36523,10.4288845,2.5370302,6
36524,15.887504,6.3526106,0
36525,5.3901443,5.099287,3
36526,0.24523048,12.781125,9
36527,10.619415,2.3398297,6
36528,5.0244756,7.170833,5
36529,-0.7156242,5.2382503,8
36530,-3.7014353,11.480369,7
36531,-4.637068,8.767219,7
36532,-2.4154773,-3.2488487,1
36533,15.794107,7.9918656,0
36534,-3.4034772,10.2129755,7
36535,-2.98875,0.74568135,1
36536,-3.0223527,-1.8977988,1
36537,15.701146,8.36001,0
36538,-0.47797734,12.109287,9
36539,2.6905007,4.650016,5
36540,0.22839625,14.501869,4
36541,-0.707634,6.0586877,8
36542,6.9368386,5.1642394,3
36543,3.4682348,-0.41428474,2
36544,5.011426,7.1960344,5
36545,-4.426565,9.220938,7
36546,-3.663409,9.444483,7
36547,-3.9767177,8.395834,7
36548,-0.20699845,13.28287,4
36549,15.904817,7.4461703,0
36550,2.0465965,12.809993,9
36551,-3.2882597,-0.32626325,1
36552,1.243452,14.35997,4
36553,3.8103347,-0.59792095,2
36554,-3.6858287,10.383054,7
36555,5.72303,5.0955024,3
36556,4.1563272,6.9584723,5
36557,-0.96957225,14.651095,4
36558,-3.4547908,-1.072893,1
36559,4.0551224,6.274304,5
36560,14.507561,8.330908,0
36561,11.659257,4.828004,6
36562,14.244642,7.616592,0
36563,-4.631647,9.743669,7
36564,16.033905,8.653977,0
36565,0.25531077,7.1644745,8
36566,5.942266,4.8287263,3
36567,0.4127958,11.127122,9
36568,3.0812254,-1.4665012,2
36569,16.056156,7.0403748,0
36570,10.88777,5.671599,6
36571,-3.776418,-0.32256165,1
36572,6.918227,4.7778215,3
36573,3.8124404,-0.17786276,2
36574,11.105998,4.114622,6
36575,6.1637583,4.5877686,3
36576,1.586197,7.4765687,8
36577,-1.0141082,14.683479,4
36578,11.554415,6.3274317,6
36579,4.0158463,6.4275208,5
36580,-3.4051063,10.67902,7
36581,11.672728,4.1314607,6
36582,5.3480115,4.5800877,8
36583,-4.9557223,9.706653,7
36584,0.05104958,13.587592,4
36585,0.27804118,6.6154785,8
36586,15.369593,7.9469504,0
36587,-0.6696123,10.148564,9
36588,3.6593294,6.528804,5
36589,16.596672,8.086008,0
36590,10.510665,3.8476584,6
36591,-3.5597794,1.645029,1
36592,6.182675,5.7013187,3
36593,3.7440996,-0.27245048,2
36594,-2.2670286,-1.0147903,1
36595,7.024157,4.695652,3
36596,-0.13881397,13.021783,4
36597,-1.040128,14.440792,4
36598,1.780863,7.6545763,8
36599,4.069351,6.1915855,5
36600,1.9330403,-0.016020788,2
36601,11.586721,4.6355867,6
36602,4.545281,7.380149,5
36603,-4.851114,9.694595,7
36604,5.818927,6.3681664,3
36605,-0.037891727,6.0504208,8
36606,0.25672796,12.394992,9
36607,-0.583882,10.257191,9
36608,-0.480198,-4.366468,1
36609,4.597943,6.442635,5
36610,0.53333,6.102249,8
36611,-4.7101574,9.603849,7
36612,-5.0271993,11.703458,7
36613,-4.9392605,10.376121,7
36614,4.0022287,-0.10587427,2
36615,-4.164083,8.758126,7
36616,9.954158,3.1129138,6
36617,16.25142,7.890687,0
36618,-0.5858067,-3.9657896,1
36619,-0.78352964,14.133156,4
36620,15.250382,8.001318,0
36621,16.450016,8.171281,0
36622,1.7784511,7.3274426,8
36623,6.572635,4.0255704,3
36624,2.1030796,-0.54721427,2
36625,-2.9472528,-0.029913012,1
36626,-2.3207324,-2.4125361,1
36627,0.23743844,6.559941,8
36628,14.664148,7.8790684,0
36629,-0.7574572,10.65167,9
36630,0.4864074,13.661068,4
36631,3.6333382,-0.24968368,2
36632,-1.0261834,13.668104,4
36633,-3.6016624,0.5272641,1
36634,-0.5363791,14.154537,4
36635,-0.05352543,6.8200808,8
36636,11.41228,4.108592,6
36637,11.3208475,3.1887257,6
36638,2.7699156,4.7112536,5
36639,3.721611,6.301124,5
36640,-0.024119567,13.555427,4
36641,-1.1835607,14.076828,4
36642,2.84811,6.382407,5
36643,-4.9981966,10.598361,7
36644,5.8397627,6.0900416,3
36645,6.646282,4.003051,3
36646,14.066132,6.845297,0
36647,-1.0410033,14.60907,4
36648,0.37501547,7.901211,8
36649,-2.4156518,-1.433104,1
36650,-3.2061033,9.802497,7
36651,0.17392789,6.8237367,8
36652,1.341594,6.5677876,8
36653,11.196348,4.368932,6
36654,-4.012238,9.993943,7
36655,-0.646018,10.937228,9
36656,0.35534796,6.016015,8
36657,-2.8534608,0.23781605,1
36658,4.801506,6.812355,5
36659,-0.68689376,14.790227,4
36660,11.367346,5.718322,6
36661,3.248456,5.2876444,5
36662,2.969533,-0.6078911,2
36663,3.9027526,6.2149205,5
36664,-1.2354704,13.062289,4
36665,11.682892,4.222794,6
36666,-1.6959625,10.498849,9
36667,16.322842,8.128608,0
36668,9.638841,3.712272,4
36669,-2.872258,0.38410905,1
36670,0.98655844,12.780023,9
36671,6.860491,4.54239,3
36672,2.0629504,7.155927,8
36673,11.542345,4.1210713,6
36674,-0.936591,14.520412,4
36675,-0.8342866,14.096647,4
36676,0.6085141,14.225371,4
36677,0.16090088,6.6150036,8
36678,0.8880576,12.26733,9
36679,0.123369455,11.343344,9
36680,2.9592123,-1.6742679,2
36681,-0.0825134,6.325416,8
36682,-1.4264737,-3.652889,1
36683,2.9636436,4.790747,5
36684,7.042537,5.4638257,3
36685,3.9181721,-0.5722357,2
36686,9.905976,3.2505453,6
36687,-2.6127117,-1.7751448,1
36688,-3.6343343,11.309736,7
36689,16.019688,7.6913443,0
36690,3.4668732,7.030474,5
36691,-4.761484,9.836237,7
36692,16.872313,7.446209,0
36693,3.6905944,-0.8272448,2
36694,4.7947154,-1.104986,2
36695,4.1495595,6.259436,5
36696,0.8784714,5.8169284,8
36697,4.0062327,6.3633046,5
36698,11.003284,4.8863335,6
36699,11.661153,4.3768725,6
36700,-4.633628,10.113305,7
36701,11.668253,4.082672,6
36702,11.592359,6.185446,6
36703,11.679948,4.095379,6
36704,4.347595,-0.395759,2
36705,6.4150977,3.8127544,3
36706,-1.0288684,13.786195,4
36707,5.5931296,4.598641,3
36708,0.49006686,6.932136,8
36709,6.124615,4.3974767,3
36710,-0.21693967,5.899298,8
36711,-2.9789352,-0.11061136,1
36712,14.516079,8.028335,0
36713,-5.0383134,9.65846,7
36714,10.02172,4.1973796,6
36715,3.5795684,-0.79993665,2
36716,6.6747794,6.1897326,3
36717,3.2099605,-0.051019527,2
36718,3.6803224,-1.6444398,2
36719,-4.721203,9.323564,7
36720,0.099548064,11.686802,9
36721,4.2067957,-0.46355745,2
36722,4.9549003,7.5283036,5
36723,5.7904625,4.4164457,3
36724,11.892661,5.8481774,6
36725,11.652489,4.2842016,6
36726,0.08730936,14.06666,4
36727,-0.096710995,6.344901,8
36728,2.2522511,-0.44981468,2
36729,4.1987185,6.3872514,5
36730,-4.4144816,10.041635,7
36731,-2.8800325,0.5269005,1
36732,5.69871,6.626329,3
36733,-0.7526926,14.992832,4
36734,14.672333,8.472832,0
36735,-0.96267223,9.924638,9
36736,5.123562,6.9251075,5
36737,16.447,7.825174,0
36738,-1.8949208,-3.556718,1
36739,5.079313,6.960961,5
36740,5.356365,5.0904202,3
36741,16.296015,8.178479,0
36742,0.22384347,14.261917,4
36743,11.41496,4.914058,6
36744,-0.1879006,-4.5260487,1
36745,0.38699132,7.046148,8
36746,10.869492,2.3817146,6
36747,0.0010153989,6.8385344,8
36748,-3.95149,9.342702,7
36749,15.648203,7.815105,0
36750,3.3546097,6.9634466,5
36751,0.31834474,6.9591537,8
36752,-0.80931383,5.1538086,8
36753,3.6963036,-0.28520098,2
36754,1.723817,6.9000597,8
36755,6.05774,5.800825,3
36756,4.6637526,6.8003974,5
36757,0.89562154,11.388447,9
36758,-3.3167834,10.955501,7
36759,-1.3709482,14.154257,4
36760,-4.1684074,11.134946,7
36761,6.2515073,4.1554813,3
36762,-3.4788864,10.838735,7
36763,-4.8632565,9.234148,7
36764,15.011098,6.8345985,0
36765,-3.5287256,1.7501264,1
36766,11.159234,6.178066,6
36767,-4.393019,8.6432,7
36768,1.9650854,-0.34999666,2
36769,11.042963,4.805857,6
36770,1.7197827,7.176583,8
36771,-0.8072719,10.859123,9
36772,9.989063,3.2665324,6
36773,-0.7425657,14.063228,4
36774,4.8855844,6.478687,5
36775,3.5644238,-0.44395134,2
36776,0.8976425,6.7961793,8
36777,-0.4240777,10.5347185,9
36778,-0.88887155,-3.3957906,1
36779,-0.56105703,10.516002,9
36780,14.509298,7.202142,0
36781,4.006662,-1.0642518,2
36782,0.4564582,12.366006,9
36783,15.93228,6.287397,0
36784,10.049458,3.3975275,6
36785,0.1100253,6.739602,8
36786,-3.6395154,-0.58620554,1
36787,3.9472604,6.32859,5
36788,15.941114,8.470579,0
36789,16.454126,8.049328,0
36790,-1.38648,15.025427,4
36791,-1.1822532,13.81586,4
36792,10.451116,3.7495627,6
36793,-0.58811784,10.597875,9
36794,-4.140468,0.95280117,1
36795,-1.4078997,14.042628,4
36796,-4.950982,9.44848,7
36797,15.54538,7.8329673,0
36798,10.904139,4.8322787,6
36799,-5.048105,10.566809,7
36800,5.7843266,7.435454,5
36801,-3.6417134,0.7628388,1
36802,6.9227543,5.930117,3
36803,6.4699707,3.8241014,3
36804,5.387981,7.780274,5
36805,4.225315,-0.63212776,2
36806,-4.913386,12.190119,7
36807,-0.6834229,10.430181,9
36808,-0.75541687,10.911622,9
36809,14.998735,6.9166255,0
36810,11.772327,6.588939,6
36811,-2.1094892,-1.1297708,1
36812,4.956089,6.9134183,5
36813,2.8722854,-0.5015441,2
36814,-1.3802698,-2.8721344,1
36815,5.014197,4.896733,3
36816,0.00013159167,5.59858,8
36817,0.10526598,13.71697,4
36818,-2.75321,-1.8649677,7
36819,3.4200952,5.3725853,5
36820,1.6211698,6.770612,8
36821,10.258553,3.7865455,6
36822,-3.3535182,-0.49110994,1
36823,-4.076161,10.737288,7
36824,15.108055,7.5020967,0
36825,1.3659796,6.1343093,8
36826,10.270486,3.937394,6
36827,-1.023285,11.345294,9
36828,1.7391672,7.2621455,8
36829,15.081746,7.969755,0
36830,1.9186416,12.375874,9
36831,-2.873443,-1.7712065,1
36832,1.3912004,12.318265,9
36833,2.844637,-0.5639379,2
36834,0.88521403,7.6642385,8
36835,5.639574,5.5711393,3
36836,10.864974,5.98158,4
36837,-1.1348584,13.869976,4
36838,9.9633255,3.954016,6
36839,3.2774282,5.2923517,5
36840,-4.3352094,8.919695,7
36841,10.656444,2.9812355,6
36842,14.719988,8.788439,0
36843,-4.5025167,9.937542,7
36844,2.146024,-0.48381454,2
36845,1.5210308,6.595068,8
36846,4.313012,-0.9378159,2
36847,-1.3022382,10.755036,9
36848,14.557012,7.889377,0
36849,16.07857,7.695619,0
36850,3.2706378,6.1225514,5
36851,-3.980078,-0.19764924,1
36852,2.6291528,-1.1824853,3
36853,2.6480377,-0.77836686,2
36854,1.2619668,6.7653375,8
36855,5.3836823,4.8642464,3
36856,-4.6348424,11.622015,7
36857,10.572468,3.0913212,6
36858,2.0195847,-0.5446192,2
36859,-3.6201918,8.9521675,7
36860,0.5060488,12.539736,9
36861,0.91657925,5.7958508,8
36862,5.268119,5.895116,3
36863,-1.4957384,11.041886,9
36864,-0.9782778,-3.3040469,1
36865,1.117413,6.8150005,8
36866,11.838623,6.669833,6
36867,-1.0168104,13.708529,4
36868,1.8550351,-1.1793208,2
36869,15.991197,7.6965485,0
36870,2.6780562,7.469175,8
36871,15.128891,7.898676,0
36872,6.0226135,6.216501,3
36873,-4.0091763,9.612474,7
36874,14.85165,6.318443,0
36875,2.3441463,-0.55674005,2
36876,-4.6927533,9.099777,7
36877,-1.194626,14.66686,4
36878,6.4866667,5.0366883,8
36879,2.8688767,-0.49183765,2
36880,0.8138068,12.060958,9
36881,10.6704035,3.9250336,6
36882,14.646335,8.017288,0
36883,3.787928,5.7611394,5
36884,4.4592,-1.8548617,2
36885,3.3045533,4.704314,5
36886,-0.06416057,13.428358,9
36887,6.04128,5.1215463,3
36888,4.4924574,7.4953537,5
36889,-4.4331574,9.999394,7
36890,10.784872,3.3953037,6
36891,0.5254517,5.92498,8
36892,-1.211329,-3.8015594,1
36893,10.753474,4.529684,6
36894,15.960689,6.0304246,0
36895,10.1429825,2.933593,6
36896,3.8918085,7.0667353,5
36897,-1.1495819,13.899259,4
36898,-2.0873473,-1.0696114,1
36899,5.6485076,5.72916,3
36900,3.1235282,5.169949,5
36901,2.8661444,-0.51733166,2
36902,-3.5418344,9.784667,7
36903,10.570685,3.688143,6
36904,2.576019,-0.062172376,2
36905,9.965644,3.0881782,6
36906,-1.6752367,10.7292185,9
36907,-1.17522,13.429472,4
36908,-1.1040137,-3.1223893,1
36909,-0.9986955,13.773661,4
36910,10.201043,4.5263553,6
36911,5.579976,4.9219956,3
36912,6.9936633,5.9217496,3
36913,0.4949563,5.8859944,8
36914,3.525292,-0.6242588,2
36915,1.01375,6.0442815,8
36916,-3.977406,9.997255,7
36917,5.402422,4.692817,3
36918,3.3868275,5.5730333,5
36919,15.640809,7.7537994,0
36920,0.39189655,12.0346775,9
36921,-3.2338972,-0.9453812,1
36922,-0.77515495,11.27026,9
36923,-0.9610378,14.091873,4
36924,-0.8405982,-4.0558805,1
36925,-4.1343656,9.169858,7
36926,-5.4283776,12.076711,7
36927,0.5075339,6.316881,8
36928,-2.2803068,-0.85233796,1
36929,15.3736105,6.855098,0
36930,-0.8257393,11.714334,9
36931,5.4733987,5.1695013,3
36932,0.8471231,14.203677,4
36933,-3.434339,-0.295001,1
36934,-0.9973384,12.257715,9
36935,-1.5831392,11.017325,9
36936,-3.5018122,10.646206,2
36937,15.131112,6.5471807,0
36938,1.0465254,14.409803,4
36939,3.3366063,5.2679024,5
36940,1.457575,14.367415,4
36941,-0.8425529,13.873603,4
36942,1.4748846,-0.6084028,2
36943,-3.2348332,-0.9068166,1
36944,0.9760508,6.5282617,8
36945,-1.411365,11.048447,9
36946,5.9474597,5.91761,3
36947,-3.2471118,-1.7662072,1
36948,15.396266,7.057299,0
36949,2.9590724,-0.46538624,2
36950,4.5624447,-0.6551508,2
36951,-5.2931056,11.187697,7
36952,0.94101316,14.049389,4
36953,15.679599,6.975784,0
36954,-3.7321775,9.961316,7
36955,-3.263056,-1.4165422,1
36956,-1.6653796,-2.9197538,1
36957,5.1341705,4.675388,3
36958,3.0148122,0.15113139,2
36959,1.1603639,6.0838985,8
36960,1.1668539,11.685357,9
36961,2.6850212,-0.8343954,2
36962,-1.8049334,13.9679985,4
36963,-1.4934397,11.309892,9
36964,-4.1782036,10.322386,7
36965,2.9502077,-0.46471423,2
36966,10.13807,3.7943785,6
36967,-4.112937,9.387871,7
36968,-2.343983,-2.832496,1
36969,-4.4538736,10.712198,7
36970,1.3585764,14.278484,4
36971,-2.2392294,10.18534,9
36972,-4.321072,12.25395,7
36973,-1.4341742,10.676757,9
36974,1.2420301,6.626884,8
36975,15.64883,6.055013,0
36976,0.45805576,14.58532,4
36977,-1.4749963,13.952894,4
36978,1.9819721,-0.7829373,2
36979,3.3512254,-0.49570578,2
36980,11.333318,5.0870285,6
36981,3.6915123,5.7097836,5
36982,3.103382,-1.3566961,2
36983,0.6391987,6.1297784,8
36984,6.3336253,7.2540755,5
36985,10.796677,3.7904477,6
36986,2.241938,7.223526,8
36987,2.7629855,4.704251,5
36988,0.19215967,12.251615,9
36989,3.4695988,5.456875,5
36990,6.982375,6.098081,3
36991,-1.2427512,11.055833,9
36992,-1.781292,-3.6109884,1
36993,-1.1178834,10.598331,9
36994,15.625248,6.095418,0
36995,-4.0038624,0.33277616,1
36996,11.700248,3.899092,6
36997,-2.9755018,0.09078597,1
36998,1.513326,-0.7255355,2
36999,3.0616572,5.3014536,5
37000,1.2131726,14.429415,4
37001,-3.855131,9.588973,7
37002,1.2885976,12.353122,9
37003,10.454745,2.7561572,6
37004,3.662441,7.3074512,5
37005,1.112375,5.959805,8
37006,3.96038,6.7806735,5
37007,2.9101427,-0.40080425,2
37008,-2.7303152,-1.3851935,1
37009,-0.8462065,10.841074,9
37010,1.1295476,13.685243,4
37011,-1.5701586,-2.3221426,1
37012,-2.3633547,-0.65918165,1
37013,5.2574167,5.1037507,3
37014,-2.849997,-2.4530668,1
37015,2.8397546,-0.51241106,2
37016,10.318289,4.731396,5
37017,5.948773,5.4664483,3
37018,10.511604,4.359589,6
37019,-0.862629,13.857649,4
37020,2.8774364,-0.21181384,2
37021,5.5160356,4.936686,3
37022,5.6111407,5.3241215,3
37023,-3.5330725,0.3472543,1
37024,-2.9149005,-1.5844414,1
37025,-1.8271868,10.470273,9
37026,5.114424,4.95904,9
37027,15.74854,7.0393524,0
37028,11.355878,5.9758143,6
37029,-0.74018157,10.865801,9
37030,0.4180979,6.5836816,8
37031,3.6356647,5.62751,5
37032,0.23573631,5.4631057,8
37033,10.839351,3.3463874,6
37034,-3.3012023,9.231904,7
37035,5.610672,5.270936,3
37036,-2.3386776,-3.5629835,1
37037,10.844313,2.7375793,6
37038,3.2260292,0.33178622,1
37039,1.1547705,5.973444,8
37040,2.918573,-0.19682187,2
37041,-4.242866,9.4568615,7
37042,5.709437,4.5342636,3
37043,15.5925255,6.606387,0
37044,11.251753,5.904581,6
37045,-2.7284997,-1.8565577,1
37046,0.91793936,12.599406,9
37047,15.592057,6.608085,0
37048,1.9606197,12.927742,9
37049,3.3317256,5.366949,5
37050,10.950053,3.3948598,6
37051,1.1042507,5.9394875,8
37052,14.367213,6.289992,0
37053,3.252068,-0.44916847,2
37054,6.072021,6.1288633,3
37055,-3.687895,9.542958,7
37056,3.0046704,6.1349006,5
37057,-3.9366286,9.437559,7
37058,-2.292908,-2.6973324,1
37059,16.218273,7.623224,0
37060,-1.2135913,12.0494585,9
37061,-2.5374436,-0.29312128,1
37062,-3.469652,8.173962,9
37063,3.0344217,-0.93310153,2
37064,-4.38555,11.969991,7
37065,5.6572633,4.6881475,3
37066,2.8225963,5.275242,5
37067,-1.340507,14.588692,4
37068,-5.1367736,11.23817,7
37069,2.723811,5.5933566,5
37070,6.077849,7.694642,5
37071,11.679132,3.7145731,6
37072,5.347236,7.539622,5
37073,-4.533144,9.180273,7
37074,1.7759266,14.588155,4
37075,0.75122344,5.753001,8
37076,-0.85883343,15.105141,4
37077,-0.46828693,10.431727,9
37078,6.275162,6.6995,8
37079,15.454961,8.163294,0
37080,0.6055886,14.182437,4
37081,-4.058903,1.5090944,1
37082,5.9035764,4.6493344,3
37083,3.6677432,-0.9762239,2
37084,3.6285613,-0.8199734,2
37085,6.3598065,4.267154,3
37086,5.29593,6.9799304,5
37087,-1.9093531,15.078014,4
37088,-0.618667,11.777064,9
37089,3.2603595,5.4859853,5
37090,-3.698842,8.508448,7
37091,11.740124,4.5286508,6
37092,14.588958,8.700411,0
37093,-4.537887,9.181433,7
37094,-0.34650522,5.246224,8
37095,0.62975097,5.972971,8
37096,0.9924509,6.4965873,8
37097,-0.96510553,10.342408,9
37098,-4.9847803,11.797065,7
37099,16.428268,8.09728,0
37100,-3.1228368,8.989609,7
37101,-3.8311284,1.621981,1
37102,-0.75184184,-3.995581,1
37103,4.2719545,-1.0347403,2
37104,-1.0590732,15.128002,4
37105,5.655341,4.4625096,3
37106,1.6432643,7.576006,8
37107,-4.8063216,9.089464,7
37108,-0.011072329,11.593647,9
37109,0.2492608,5.7440495,8
37110,-2.541814,-3.2749116,1
37111,-0.81971407,9.984219,9
37112,1.4984225,14.18879,4
37113,15.937845,6.743347,0
37114,2.7001626,4.825471,5
37115,-0.6639063,10.495576,9
37116,-3.338253,-0.4691448,1
37117,4.4891157,6.396328,5
37118,5.1471376,5.522457,3
37119,3.2841103,6.534788,5
37120,2.4511135,-0.28097352,2
37121,11.355257,3.5399144,6
37122,0.98044443,6.08567,8
37123,-1.2945848,10.25307,9
37124,5.397582,6.350587,3
37125,-0.072999634,5.528849,8
37126,-1.0560913,11.850305,9
37127,-0.5646685,10.566771,9
37128,0.8409514,14.040468,4
37129,0.11766076,5.6705084,8
37130,0.3473466,6.4176793,8
37131,-5.0368137,9.172102,7
37132,4.974959,5.436299,3
37133,-4.605452,9.235101,7
37134,6.1076016,5.523544,3
37135,5.866388,6.6246347,3
37136,0.393438,12.445866,9
37137,2.9905515,5.125211,5
37138,-0.920796,-3.3631659,1
37139,-3.6659489,2.1450584,1
37140,9.888397,3.7799063,6
37141,15.911516,7.618472,0
37142,10.689979,4.708355,6
37143,3.9798462,-0.8517979,2
37144,0.31540084,14.012116,4
37145,3.8389661,-1.0139185,2
37146,-4.447549,11.180722,7
37147,-3.447835,9.093175,7
37148,4.073139,7.1112356,5
37149,0.5191309,5.927245,8
37150,0.32983178,11.925465,9
37151,3.5109022,-0.60457814,2
37152,-0.36891446,5.198794,8
37153,16.190525,8.090696,0
37154,-0.20236334,-4.531393,1
37155,-3.9240422,1.5051633,1
37156,-0.1752961,14.07395,4
37157,3.2854548,-1.025089,2
37158,15.711086,8.654235,0
37159,11.180133,3.5083187,6
37160,3.537442,5.65664,5
37161,6.0653205,4.3646064,3
37162,-1.8871856,10.675299,9
37163,5.9000216,4.5539713,3
37164,4.7556877,7.5316052,5
37165,-4.239803,8.903727,7
37166,5.6342745,5.422501,3
37167,6.3469815,4.789249,3
37168,-3.5712,8.78803,7
37169,5.855019,4.632179,3
37170,0.33293983,7.14654,8
37171,-1.4554583,15.322513,4
37172,2.2156096,-0.057281375,2
37173,10.582672,2.6244466,6
37174,6.1078415,6.282375,3
37175,10.697719,2.636235,6
37176,-0.009763643,13.547172,4
37177,10.70312,2.5307674,6
37178,0.79848814,5.924237,8
37179,-3.816532,0.00025258987,1
37180,2.606869,5.50558,5
37181,3.2153406,5.8299217,5
37182,-2.552301,-1.9553288,1
37183,15.813958,6.703254,0
37184,1.3086815,6.7866735,8
37185,0.5342537,5.627958,8
37186,7.0176153,5.7399554,3
37187,3.4157991,-0.9414373,2
37188,5.650697,4.9294343,3
37189,16.329414,7.9914327,0
37190,-2.1549199,-3.7814503,1
37191,-4.010653,1.6581656,1
37192,15.486667,8.250596,0
37193,-3.8352497,8.559028,7
37194,10.291913,2.410048,6
37195,11.463201,3.7392817,6
37196,-1.8801888,-1.728746,1
37197,6.289378,5.4903684,3
37198,0.7630843,6.2285204,8
37199,3.0139542,-0.4047439,2
37200,-1.7141376,-3.323726,1
37201,-3.958766,0.6539542,1
37202,0.31691176,5.919123,8
37203,-3.875862,9.178082,7
37204,6.049773,6.5186024,3
37205,6.6125593,4.6654425,3
37206,-1.5007218,10.903665,9
37207,-3.6563904,-0.3197999,1
37208,10.797488,5.144618,6
37209,6.7426353,4.9452868,3
37210,3.1840482,-0.0026711137,2
37211,-0.6549,10.485313,9
37212,-5.276536,12.108206,7
37213,-3.5828152,1.2956136,1
37214,1.384168,-0.72220355,2
37215,-4.4674277,9.412467,7
37216,2.8011446,5.2575808,5
37217,10.521435,2.604425,6
37218,10.877167,4.7008524,6
37219,0.3142913,5.6542826,8
37220,14.302079,5.9974484,0
37221,-1.8478922,15.161121,4
37222,10.536568,4.0853887,6
37223,6.2875886,5.380773,3
37224,16.090057,6.3356633,0
37225,-3.8022175,2.3375022,1
37226,3.758119,7.3088245,5
37227,-1.4188634,15.281579,4
37228,10.23766,4.6883497,6
37229,6.394175,4.9583607,3
37230,10.060058,2.3971272,6
37231,11.1960535,3.487512,6
37232,-2.5755255,-2.6901042,1
37233,-1.2791603,9.753705,9
37234,3.5850348,-1.6320112,2
37235,10.814743,2.9181695,6
37236,10.913635,4.716632,6
37237,-4.220389,1.5797355,1
37238,10.493793,3.730009,6
37239,-0.8446817,15.026494,4
37240,1.6794913,6.7390385,8
37241,3.313899,-1.3178567,2
37242,0.8049371,11.855275,9
37243,3.0721548,0.46462786,2
37244,6.970977,5.830036,3
37245,-4.5666633,10.029055,7
37246,11.135719,3.2685337,6
37247,-1.3971299,9.523787,9
37248,-0.3903597,13.425451,4
37249,3.602248,5.3406134,5
37250,6.1782527,6.3953323,3
37251,-1.4954194,14.993796,4
37252,14.854644,6.800997,0
37253,0.28795895,5.9884334,8
37254,10.8721075,3.4508111,6
37255,0.699608,5.932139,8
37256,5.0376153,7.74798,6
37257,-1.9365426,15.0337105,4
37258,3.1462355,-0.14629957,2
37259,-0.6577599,10.514564,9
37260,4.9980073,4.7019844,3
37261,15.799406,7.250025,0
37262,0.6265171,13.937588,4
37263,0.6511362,5.819203,8
37264,1.1520351,14.345537,4
37265,-2.0602107,9.466017,9
37266,5.861757,5.928227,3
37267,-0.6363366,5.5517526,8
37268,1.5479146,12.123675,9
37269,16.570433,7.6468678,0
37270,3.1864057,6.7731194,5
37271,6.845168,3.999661,3
37272,-0.27328667,13.912856,4
37273,-2.015114,15.126281,4
37274,4.0951495,-1.1656517,2
37275,2.9659832,4.3563886,5
37276,5.509347,7.653419,5
37277,11.451257,3.1255593,6
37278,2.1515336,7.289345,8
37279,-4.224848,8.398269,7
37280,5.4404993,4.2114577,3
37281,4.0279455,-0.62085116,8
37282,10.347634,3.6941197,6
37283,-0.34691006,11.710506,9
37284,6.4337926,5.250004,3
37285,-2.3575482,-3.6250732,1
37286,-1.6802862,-2.1521924,1
37287,16.351587,7.7325687,0
37288,-3.8392184,11.471052,7
37289,-4.125465,2.5834794,1
37290,-2.5822382,-2.06853,1
37291,4.3200374,-0.47036216,2
37292,11.647067,5.264645,6
37293,6.678041,3.7356997,3
37294,-0.7740576,13.783852,4
37295,-2.0110567,15.074731,4
37296,2.6804059,-0.18057677,2
37297,-4.5383716,9.103768,7
37298,-4.0311103,9.96234,7
37299,-0.12333119,6.0077696,8
37300,3.5253656,6.512938,5
37301,-0.33175576,10.633767,9
37302,1.4330174,14.16787,4
37303,16.201971,8.109557,0
37304,6.0694346,6.147526,3
37305,-4.0265903,2.7665734,1
37306,1.5209011,12.46493,9
37307,4.445079,-0.63563174,2
37308,3.875701,6.4059324,5
37309,6.1907167,3.547872,3
37310,11.646668,6.536539,6
37311,-2.0171525,15.168459,4
37312,1.5994989,7.1230392,8
37313,3.0494635,4.437857,5
37314,6.2100496,5.3557973,3
37315,11.330823,3.0046866,6
37316,1.1373714,7.3255196,8
37317,-4.270803,9.217989,7
37318,1.0018568,11.298714,9
37319,-0.047490243,5.3161926,8
37320,3.8447053,-0.8143868,2
37321,0.52093947,11.121235,9
37322,3.2029753,-1.2564734,2
37323,16.100458,7.137011,0
37324,1.0195321,7.619862,8
37325,0.6736629,6.9467077,8
37326,1.9706581,12.266107,9
37327,-3.8325663,8.655596,7
37328,-0.50268024,13.499452,4
37329,0.30600056,6.4346433,8
37330,-2.0045626,-2.2885585,1
37331,-0.3585953,10.803852,9
37332,6.0910263,5.9264627,3
37333,-0.5503494,10.936871,9
37334,10.053676,2.6087885,6
37335,15.700358,7.976069,0
37336,9.963119,3.3427894,6
37337,-4.1243157,2.4091315,1
37338,0.27887136,11.683249,9
37339,-2.1805463,14.265378,4
37340,10.985886,5.252864,6
37341,3.2281687,4.6495905,5
37342,0.7903526,6.7876925,8
37343,-3.8547745,1.5196799,1
37344,1.3492619,7.2111654,8
37345,11.522743,3.5978448,6
37346,9.946115,3.839346,6
37347,1.039109,11.4163,2
37348,-3.6280878,9.09044,7
37349,0.49011084,11.067895,9
37350,11.274933,5.7437606,6
37351,11.449561,3.8929603,6
37352,0.995537,14.068791,9
37353,-4.6843805,9.058408,7
37354,-2.325557,-1.8970412,1
37355,7.0298414,4.657991,3
37356,11.789223,5.878698,6
37357,0.7676145,11.5965605,9
37358,4.1578574,7.0360627,5
37359,0.7628246,12.150159,9
37360,2.234979,0.34284973,2
37361,7.0446258,4.5179114,3
37362,5.6849723,6.1986413,3
37363,1.1693484,6.373247,8
37364,3.7521963,6.8324246,5
37365,-4.138312,1.5073707,1
37366,-0.2576538,15.002475,4
37367,4.07125,-0.5730202,2
37368,6.816442,5.3862004,3
37369,-0.2073542,11.0304575,9
37370,10.833913,4.5821247,6
37371,11.370947,4.211871,6
37372,0.6830401,14.8000555,4
37373,6.82797,3.7595768,3
37374,4.139533,7.1193204,3
37375,3.5574226,5.434483,5
37376,0.9401903,12.417637,9
37377,15.886677,8.039363,0
37378,-1.9936715,-3.4625676,1
37379,2.609052,4.40746,5
37380,5.4006763,7.0004797,5
37381,-1.9103152,15.064571,4
37382,14.795046,8.589247,0
37383,6.8739614,3.749386,3
37384,-2.575,-0.40806237,1
37385,-1.5696617,14.956598,4
37386,2.0872197,-0.97774005,2
37387,-3.414818,9.269609,7
37388,0.9138331,13.907541,4
37389,-3.8620183,10.136814,7
37390,9.932967,3.137604,6
37391,-0.46488434,11.156507,9
37392,-0.84145707,13.011166,4
37393,-3.3093507,-0.4570717,1
37394,-3.8960352,10.1074705,7
37395,-1.7898295,14.50319,4
37396,0.09758806,7.6987796,8
37397,6.806117,4.061199,3
37398,-0.08853837,5.2035847,8
37399,-4.8298097,9.460894,7
37400,0.26449323,12.31917,9
37401,10.793696,2.7710907,6
37402,-4.471233,11.754365,7
37403,4.224082,-0.38483933,2
37404,6.544115,5.74518,3
37405,-3.7527115,1.4846601,1
37406,1.6235601,6.184652,8
37407,2.6736345,4.3728566,5
37408,15.529898,7.978245,0
37409,2.5752096,4.3745413,5
37410,-1.8217212,13.795399,4
37411,16.079395,7.643113,0
37412,3.7703574,-1.027869,2
37413,2.726568,4.3551865,5
37414,2.8076968,6.4441476,5
37415,15.590458,7.057156,0
37416,2.355009,-0.9819298,2
37417,1.0554423,6.0991893,8
37418,3.0057514,-1.0547276,2
37419,-1.7556938,14.527693,4
37420,-4.5459204,10.390733,7
37421,10.308584,3.0257459,6
37422,6.8352823,6.3073244,3
37423,-4.590021,10.474661,7
37424,-1.8374006,9.961108,9
37425,15.101591,6.978958,0
37426,2.114212,-0.37380955,2
37427,1.4962488,12.069575,2
37428,0.7330734,6.6211834,8
37429,-1.9023404,14.162167,4
37430,2.1414618,12.748752,9
37431,0.18150118,6.083379,8
37432,14.847278,8.870694,0
37433,-4.089335,2.0753014,1
37434,0.93933713,7.186531,8
37435,4.5626955,-0.6647836,2
37436,-0.0704175,6.2791567,8
37437,4.2450786,-0.48864695,2
37438,3.9623437,7.1135845,5
37439,6.903508,4.1358585,3
37440,14.07327,7.363194,2
37441,-3.549968,0.6350587,1
37442,11.23118,6.083526,6
37443,6.605986,3.8670454,3
37444,0.43816242,6.2766,8
37445,11.314447,4.94183,6
37446,3.330553,-1.7032659,2
37447,-1.7613008,14.541113,4
37448,4.7926517,6.9375386,5
37449,0.15133862,10.69579,9
37450,-0.8735402,12.446645,4
37451,10.333615,2.4380863,6
37452,14.558733,8.539275,0
37453,3.0865948,4.5706577,5
37454,5.7648654,5.7627454,3
37455,-3.9246557,0.5800447,1
37456,1.9569889,7.0261636,8
37457,0.10399859,10.967417,9
37458,0.09380302,5.6693306,8
37459,0.11769967,6.820728,8
37460,1.1900071,5.911606,8
37461,-4.3007607,1.3637632,1
37462,3.3958464,-1.1675882,2
37463,-4.074621,1.6243538,1
37464,6.478494,6.6294727,3
37465,2.7095823,4.333945,5
37466,-0.41501448,12.118402,9
37467,16.045319,8.144655,0
37468,1.6577107,-0.06521059,3
37469,-0.38290942,12.927783,2
37470,5.9758916,5.353501,3
37471,-5.126855,10.318271,7
37472,4.157465,7.2865605,5
37473,0.54617697,6.432233,8
37474,-0.34387136,12.033692,9
37475,11.444191,3.9676313,6
37476,11.318752,5.151763,6
37477,10.757488,3.2768369,6
37478,5.733883,5.260389,3
37479,0.7699728,6.511788,8
37480,-4.4049554,10.862104,7
37481,4.2625074,-0.47491068,2
37482,-1.4920583,-3.481632,1
37483,0.8463578,6.1401095,8
37484,3.891614,-1.4134091,2
37485,-1.8389455,14.335293,4
37486,1.3974165,-0.43982786,2
37487,-1.9302201,14.769069,4
37488,0.7976634,7.7940245,8
37489,4.2844863,-0.45034593,2
37490,1.0142947,13.927166,4
37491,4.449477,-0.6108837,2
37492,1.1339039,14.404636,4
37493,0.68894297,6.647862,8
37494,-5.036634,11.768637,7
37495,15.8349,8.049261,0
37496,-1.5384065,13.988729,4
37497,15.518047,8.730012,0
37498,0.6110352,12.243975,9
37499,-0.88444823,-4.104877,1
37500,-4.9832044,11.157507,7
37501,3.9612937,-1.669391,2
37502,10.074548,2.592545,6
37503,6.9406204,6.1251645,3
37504,2.9727092,-0.408929,2
37505,1.0770161,13.751542,4
37506,15.669313,8.053512,0
37507,3.6319406,7.217104,5
37508,-3.474669,8.221937,7
37509,10.915696,5.945644,6
37510,14.754997,5.888208,0
37511,15.024251,8.872288,0
37512,0.75158596,7.251213,8
37513,-1.0277995,-3.636085,1
37514,4.4116445,-1.861474,2
37515,1.8313121,-0.67271304,2
37516,-0.26057065,13.606431,4
37517,5.7492743,5.6620154,3
37518,-2.5929356,-3.1180875,1
37519,0.33394173,13.404415,4
37520,0.19069357,12.248357,9
37521,4.8760233,7.360275,5
37522,0.12538098,11.399656,8
37523,10.815835,5.8176627,6
37524,5.703694,6.130055,3
37525,-4.638425,11.625262,7
37526,3.9376676,-1.8237226,2
37527,0.06323494,6.3001723,8
37528,-0.18542188,13.64444,4
37529,15.573772,8.752949,0
37530,-0.6920414,14.562778,4
37531,-2.509928,-3.4207473,1
37532,3.9225647,-1.8532443,2
37533,-3.8996563,9.96205,2
37534,1.6257881,12.662815,9
37535,11.231752,6.0247025,6
37536,-3.7806048,9.579022,7
37537,-4.932305,12.091083,7
37538,5.2777267,5.3187857,9
37539,0.23272166,6.514978,8
37540,6.609238,5.432882,3
37541,1.3467841,12.443362,9
37542,11.726537,3.6242552,6
37543,15.572032,8.631422,0
37544,11.257839,3.9460745,6
37545,3.508431,-1.8868831,2
37546,0.4224166,13.633915,4
37547,-1.3315002,-4.2248335,1
37548,3.921503,6.4231606,5
37549,11.667604,6.4610686,6
37550,-4.1740184,10.131399,7
37551,4.904766,7.136916,5
37552,0.15127757,11.765608,5
37553,1.4206542,12.282768,9
37554,14.728229,8.881392,0
37555,6.8911815,5.0667863,3
37556,-3.9750164,11.074084,7
37557,9.784696,3.9664829,5
37558,4.712706,6.325464,5
37559,15.388932,8.858349,0
37560,2.467686,-0.68991005,2
37561,-4.310077,11.429703,7
37562,-0.78726196,13.945436,4
37563,-1.5696886,-3.3162417,1
37564,-2.6745386,-2.8845954,1
37565,-1.7810706,-3.5254598,1
37566,5.446243,5.487846,3
37567,5.7559156,6.8346653,5
37568,-2.255009,-0.5725815,2
37569,6.320225,6.810109,3
37570,2.7689717,-1.1329654,2
37571,15.381573,8.653326,0
37572,6.6422586,5.5533137,3
37573,-4.294789,11.842773,7
37574,2.8212042,6.3783026,5
37575,0.26284313,12.309213,9
37576,11.007051,3.9438186,6
37577,11.316697,6.1454687,6
37578,6.501043,3.9957492,3
37579,-1.8142228,-3.83949,1
37580,3.8659523,-1.7446291,2
37581,10.688639,5.46038,6
37582,5.0388536,6.5578303,5
37583,-4.1668906,11.871916,7
37584,5.6614237,7.6801205,5
37585,0.18397902,13.256935,4
37586,0.24536628,12.005045,9
37587,0.5642997,12.333783,9
37588,3.7108085,-0.5930351,2
37589,4.7250896,7.2432613,5
37590,2.8461413,5.4024267,5
37591,-4.264768,11.915693,7
37592,3.0108395,5.611271,5
37593,0.61040217,12.425018,9
37594,0.42111143,13.820749,4
37595,0.65338224,6.731556,8
37596,-4.785918,10.140807,7
37597,5.7353888,7.312885,5
37598,-3.5030293,-0.47190976,1
37599,11.637558,6.4621644,6
37600,1.2322228,6.496538,8
37601,3.8477244,-1.9023967,2
37602,-3.2788806,9.7245035,7
37603,1.0329006,13.663449,4
37604,6.715871,5.0838566,3
37605,5.8438373,7.744962,8
37606,5.727835,6.791246,5
37607,-0.75136894,-3.485459,1
37608,0.56873137,7.414823,8
37609,2.7878098,6.2012076,5
37610,2.2217677,-0.016042009,2
37611,0.9361813,12.374008,9
37612,-4.092025,9.258933,7
37613,3.5842757,-1.7735888,2
37614,-1.7072186,-2.3075492,1
37615,3.5601428,-1.7199211,2
37616,0.9554761,13.627224,4
37617,0.62586945,7.1272883,8
37618,-2.2655375,-1.9497191,1
37619,14.76126,8.652967,0
37620,0.7243012,5.956749,8
37621,11.455858,6.442679,6
37622,5.7411213,6.311079,3
37623,0.4903027,13.399902,4
37624,-2.299357,-1.1040021,1
37625,6.611419,5.371921,3
37626,5.7555447,5.459805,3
37627,6.8012567,6.2582927,3
37628,0.8297824,6.9186335,8
37629,-1.0178812,-3.000847,1
37630,3.061979,-1.2507579,2
37631,3.7440639,-1.793767,2
37632,-3.6545591,9.070368,2
37633,0.8381905,13.286902,4
37634,0.6831425,14.836205,4
37635,-0.6595789,-3.8442047,1
37636,5.3811088,5.976405,3
37637,1.5003079,12.013705,9
37638,1.7925016,-0.23749538,2
37639,11.135351,6.0249314,6
37640,0.5465872,13.725215,4
37641,0.47138357,12.423468,9
37642,14.988439,8.329002,0
37643,6.5813303,5.0802884,3
37644,-0.24023077,6.3130136,8
37645,-0.36867315,13.255246,4
37646,2.9353964,-0.9612129,2
37647,13.92629,7.0643945,0
37648,-1.3045617,12.765444,4
37649,6.1107593,6.325105,3
37650,-2.037626,-3.2584403,1
37651,1.9311665,12.34004,9
37652,5.7235303,5.4041066,3
37653,15.526196,8.891564,0
37654,-0.44079298,12.118254,9
37655,-3.1874936,10.542821,2
37656,14.644461,7.783185,0
37657,-5.1845756,12.326248,7
37658,6.1001577,5.191215,3
37659,-1.1035798,-3.2980165,1
37660,3.562227,-1.6730307,2
37661,-1.7056164,-3.8897474,1
37662,4.687248,7.0947223,5
37663,14.435117,8.426803,0
37664,0.19107185,11.364578,9
37665,-5.185524,12.239463,7
37666,10.449416,3.263606,6
37667,11.508238,6.1442685,6
37668,1.7756258,-0.55070186,2
37669,3.5895312,-1.6441411,2
37670,-1.9089078,-3.5229049,1
37671,3.3031406,-1.6847292,2
37672,1.6006572,6.5270286,8
37673,-4.7501826,11.94917,7
37674,-2.409122,-0.5092503,1
37675,11.488196,4.8973274,6
37676,11.655848,6.30427,6
37677,14.507675,7.8901124,0
37678,14.898174,8.62724,0
37679,10.5940895,4.4987206,6
37680,10.071514,3.1697543,5
37681,0.9439141,11.709568,9
37682,1.8356923,12.748093,9
37683,-0.474794,13.637115,4
37684,-3.4482968,10.888402,7
37685,0.04646016,5.69392,8
37686,15.602656,8.097138,0
37687,-0.005339417,13.459692,4
37688,0.58132005,11.856412,9
37689,5.9113865,6.248375,3
37690,5.8483458,6.2759705,3
37691,6.0025134,6.6737275,3
37692,6.7232304,6.1667743,3
37693,-3.7345297,11.471356,7
37694,-3.9437792,10.590498,7
37695,0.7168748,6.948463,8
37696,1.967533,0.026925694,2
37697,14.487565,7.461574,0
37698,2.7680302,5.7047873,5
37699,4.7737722,7.4820995,5
37700,6.538395,5.096568,3
37701,-0.0075765974,6.2992325,8
37702,-0.03786219,11.36306,9
37703,6.908707,5.6884046,3
37704,2.3702207,4.549678,8
37705,14.819376,7.4062963,0
37706,-4.5948844,10.646708,7
37707,11.126878,5.841803,6
37708,14.597915,7.7186685,0
37709,0.27900812,6.0179105,8
37710,0.966284,6.414286,8
37711,5.6403313,5.233039,3
37712,-1.5073158,9.9992,4
37713,-4.8709903,11.539512,7
37714,15.425914,8.50198,0
37715,1.1925582,6.305539,8
37716,-0.9352307,-3.1025019,1
37717,4.1552577,7.377582,5
37718,5.880043,5.391557,3
37719,-2.11173,-1.128495,1
37720,2.557381,7.2842746,8
37721,5.675875,7.6625075,8
37722,-0.52425444,12.925643,4
37723,15.657156,8.040401,0
37724,11.543852,5.5702605,6
37725,-2.885972,0.5079041,1
37726,5.075845,7.6534047,5
37727,2.614582,0.18314599,2
37728,-3.4897342,-0.6944117,1
37729,7.122354,5.3164706,3
37730,6.7038374,5.155637,3
37731,-0.96559286,14.625961,4
37732,-1.6884356,-4.1027145,1
37733,-4.902646,9.183083,7
37734,-3.225024,10.463667,2
37735,-0.6519803,5.195415,8
37736,0.6620904,14.894636,4
37737,-1.5890031,9.692173,9
37738,14.291019,8.232419,0
37739,16.588062,7.855349,0
37740,3.2746854,6.7587566,5
37741,-3.7686718,1.3505394,1
37742,-3.9663048,-0.23318402,1
37743,3.5549436,0.49495274,2
37744,15.21413,7.6061153,0
37745,6.7623477,5.286643,3
37746,6.8982005,6.238455,3
37747,-0.29585278,14.642914,4
37748,1.3647125,12.152404,9
37749,2.8143294,4.711644,5
37750,2.925237,5.981389,5
37751,11.59457,4.6945972,6
37752,15.946493,8.603621,0
37753,-5.2091694,10.737051,7
37754,-0.82091767,11.150631,9
37755,-0.9295404,5.1938043,8
37756,5.0168796,5.630809,3
37757,-1.0338858,10.010699,9
37758,14.184723,7.1661196,0
37759,15.607187,8.145066,0
37760,4.0852714,-1.8399254,2
37761,-3.2665248,1.3603789,1
37762,-4.951215,11.933017,7
37763,3.9595206,-0.21088864,2
37764,-2.175304,11.060079,9
37765,6.9333215,5.628809,3
37766,1.8575847,-0.15061133,2
37767,-0.5563439,15.083371,4
37768,0.22598149,6.6488934,8
37769,-5.0900197,9.06322,7
37770,-3.8207338,8.796941,7
37771,-0.90231717,5.133298,8
37772,-1.7356877,10.776584,9
37773,-2.203809,9.165297,9
37774,0.050101537,5.4990115,8
37775,-5.261647,9.981122,7
37776,1.0308976,6.706493,8
37777,4.479982,-1.034478,2
37778,4.6362023,8.045741,8
37779,-1.4934556,9.954789,9
37780,15.174198,7.4731426,0
37781,-1.4919305,9.954866,9
37782,-3.9980626,2.6628785,1
37783,-0.8055505,5.3184624,8
37784,-3.1543345,10.632068,7
37785,-1.5764138,15.2050905,4
37786,6.781606,5.5205555,3
37787,15.762333,8.000029,0
37788,11.68243,6.4536977,6
37789,6.6032605,3.8185227,3
37790,14.384981,8.406648,0
37791,3.6074243,6.871909,5
37792,6.910388,4.965895,3
37793,-1.8111722,15.032647,4
37794,1.5767857,14.5318365,4
37795,6.916957,4.835514,3
37796,5.5883007,5.559278,3
37797,6.8754263,4.455328,3
37798,4.020311,-1.9729882,2
37799,-1.9374372,15.019736,4
37800,1.6002564,14.36294,4
37801,11.662735,4.2629685,6
37802,-2.3528347,-2.8292305,1
37803,10.642245,3.298434,6
37804,10.762004,5.71571,6
37805,3.302447,6.422187,5
37806,2.9580235,-0.38125604,2
37807,4.146102,6.0681663,5
37808,0.7913913,6.163195,8
37809,-3.7447617,1.5671272,1
37810,10.518891,3.6551034,8
37811,-3.907963,8.627731,7
37812,3.11834,-1.6584553,2
37813,-0.83118,5.840904,8
37814,15.943368,7.199494,0
37815,-1.0591795,14.936948,4
37816,-0.05665646,12.5817995,1
37817,3.1587176,5.684485,5
37818,-3.7640595,10.569288,7
37819,-4.72441,8.607227,7
37820,3.1396677,6.580781,5
37821,6.960761,5.379462,3
37822,14.119234,6.4942236,0
37823,2.7526972,5.272478,5
37824,0.5914486,11.707931,9
37825,4.6929545,-0.7245904,2
37826,1.0591819,14.281124,4
37827,6.779788,5.4615245,3
37828,-0.7990131,-3.3814013,1
37829,11.411688,3.5135813,6
37830,4.4544134,7.757578,5
37831,11.590906,4.0147657,6
37832,3.5918384,-1.8814473,2
37833,-4.6376204,8.642405,7
37834,-2.100092,-3.5111537,7
37835,-4.9205666,9.582705,7
37836,2.9301164,5.099163,5
37837,16.009863,8.033511,0
37838,-3.9302876,8.480718,2
37839,-3.488891,1.6482311,1
37840,-0.44529822,13.413614,4
37841,15.2173,6.781188,0
37842,5.1729274,5.9347577,5
37843,-4.1328015,2.108392,1
37844,14.254156,7.483498,0
37845,11.3488865,3.802255,6
37846,1.4251077,13.835015,4
37847,6.794717,4.398844,3
37848,6.0809813,6.067758,3
37849,-4.247581,1.4285444,1
37850,3.5932558,6.172943,5
37851,-1.0540577,15.053526,4
37852,4.486419,6.6239386,5
37853,-4.8004484,9.193115,7
37854,14.631899,7.0969644,0
37855,6.9022536,4.82793,3
37856,16.280792,6.978363,0
37857,-0.64748263,5.321547,8
37858,0.88974226,14.702552,4
37859,10.565635,3.2994616,6
37860,5.719344,6.2534633,3
37861,3.6861653,0.025661718,2
37862,-0.88420177,-3.7376356,1
37863,2.9038658,-1.000394,2
37864,2.890011,5.8090606,5
37865,2.588189,4.547696,5
37866,0.45155454,12.021396,9
37867,-1.443919,9.621083,9
37868,0.32531774,7.303621,8
37869,-4.0258775,2.7360752,1
37870,5.540084,7.2939954,8
37871,-5.008509,8.957259,7
37872,9.937762,2.702171,6
37873,-1.8776326,9.258729,9
37874,4.1036334,6.5898056,5
37875,-4.502022,8.649786,7
37876,-4.777197,10.578436,7
37877,-2.0492775,9.333821,9
37878,-4.8009295,9.312559,7
37879,-1.9629546,9.347006,9
37880,2.1136265,-0.6681444,2
37881,-4.0407257,2.7361317,1
37882,-0.89321005,-3.6313992,1
37883,16.747812,7.956168,0
37884,0.19539718,13.276995,4
37885,-0.89336663,5.076476,8
37886,5.6528125,4.2347713,3
37887,-1.4522309,9.670114,9
37888,11.03717,5.738719,6
37889,6.0366626,3.390723,3
37890,6.631784,4.2403083,3
37891,-0.40097737,5.313256,8
37892,10.839841,5.5761523,6
37893,-1.3402735,14.840652,4
37894,2.8976207,5.1199856,5
37895,11.703982,3.9983022,6
37896,5.0320387,4.7158613,3
37897,-3.094106,1.0237591,1
37898,-3.1644404,10.617883,7
37899,-1.5369617,14.694139,4
37900,-5.368147,11.936302,7
37901,16.018013,6.2539954,0
37902,15.196258,7.108826,0
37903,6.701919,4.3332267,3
37904,3.3295734,-1.5900596,2
37905,11.528741,3.6472642,6
37906,-1.8563175,10.125153,9
37907,-0.92582005,15.070068,4
37908,4.8642797,5.2530384,3
37909,-0.7901073,5.1564484,8
37910,2.195208,7.11232,8
37911,-3.8407161,2.205232,1
37912,5.13029,4.3952627,3
37913,6.6278462,5.287748,3
37914,14.510946,8.6695175,0
37915,-3.9488945,2.3119504,1
37916,0.9833814,13.817019,4
37917,15.865728,7.615165,0
37918,3.462088,-0.057575487,2
37919,-0.9639974,9.941875,9
37920,-1.344091,-2.0043736,1
37921,10.5524845,2.2807693,0
37922,-4.895093,11.8145685,7
37923,-2.873438,-2.2129004,1
37924,0.94881886,6.96191,8
37925,4.001582,-1.4797213,2
37926,-1.7307206,-2.999869,1
37927,6.653599,4.831922,3
37928,5.6971445,5.35364,3
37929,3.078304,6.1991053,5
37930,-3.854353,8.449845,7
37931,10.535572,2.2628999,6
37932,-0.4325911,12.232284,9
37933,0.23300688,5.456141,8
37934,1.7155575,12.138473,9
37935,-0.7140149,10.95654,9
37936,-3.2584836,0.0136684105,1
37937,15.342486,6.1261287,0
37938,-1.8146391,-2.9045668,1
37939,-2.9332047,-1.603691,1
37940,6.0973544,6.582683,3
37941,2.8683949,-1.3548936,2
37942,2.2580168,-1.0666271,2
37943,6.3858657,4.740237,3
37944,6.574751,5.245352,3
37945,0.13855425,14.4539995,4
37946,14.496668,7.744397,0
37947,-3.3558161,9.038132,7
37948,-2.790271,-2.7005267,1
37949,-0.40867347,5.290516,8
37950,16.269596,8.601303,0
37951,-0.77065456,11.094018,9
37952,0.9383718,6.391255,8
37953,15.051191,8.135847,0
37954,15.35109,8.0278425,0
37955,-2.1536558,-2.3440833,1
37956,1.2192056,7.2871504,8
37957,3.8557627,-0.77326864,2
37958,-0.46296537,13.592313,4
37959,6.946623,4.5544276,3
37960,-4.5395255,10.353507,7
37961,-0.43894768,14.33105,4
37962,-0.31767678,6.1642284,8
37963,-4.5352435,8.951407,7
37964,4.6775894,-1.3666312,2
37965,0.4331037,11.184034,9
37966,10.712518,4.7185655,6
37967,2.6074364,-1.1118479,2
37968,14.647116,6.500516,0
37969,2.6545415,-0.59018666,2
37970,15.181648,7.682973,0
37971,-4.914488,10.080071,7
37972,-3.0758107,-2.013137,1
37973,10.539967,3.1819756,6
37974,3.5855687,0.6389599,2
37975,-1.645047,13.476901,4
37976,1.356361,11.90188,9
37977,14.972602,6.406638,0
37978,-4.1694007,1.1987329,1
37979,-0.59456545,5.1559763,8
37980,14.667259,8.352799,0
37981,15.047049,6.1390386,0
37982,10.181288,3.4609618,6
37983,3.4451761,5.7658186,5
37984,-3.1664662,9.907248,7
37985,3.3321738,-1.2325553,2
37986,1.0196683,13.129508,4
37987,-4.3974643,10.834867,7
37988,-1.0215037,12.373769,4
37989,3.2375736,-0.13156326,2
37990,11.257113,4.534408,6
37991,6.7102075,4.4080853,3
37992,3.0022767,6.255863,5
37993,10.351875,3.2043517,6
37994,-3.6280022,11.416687,7
37995,2.911701,-0.31785384,2
37996,4.8914404,4.610577,3
37997,-2.652799,-2.0077345,1
37998,11.728558,4.787269,6
37999,-4.3953724,11.434328,7
38000,0.17023925,6.661316,8
38001,-4.7690296,11.418316,7
38002,-1.088834,-4.4146824,1
38003,-0.073512726,11.422406,9
38004,-3.5101027,9.87472,7
38005,0.6307323,11.992871,9
38006,1.1762706,11.991654,9
38007,-2.613093,-1.9433643,1
38008,14.567369,6.602791,0
38009,2.638546,-1.3321692,2
38010,2.887915,-1.1761254,2
38011,-0.54192775,13.822882,4
38012,0.7634459,13.769465,4
38013,10.458536,3.675869,6
38014,1.6815225,6.8156023,8
38015,-4.649984,11.922227,7
38016,-3.1336327,-1.9176753,1
38017,-5.440115,10.845647,7
38018,-3.676146,11.361927,7
38019,2.8125272,5.870171,5
38020,0.8492896,11.712914,9
38021,0.22074273,14.880492,4
38022,10.134861,3.7935112,6
38023,2.8062909,6.054633,5
38024,1.3541241,-0.40688014,2
38025,15.428412,8.417083,0
38026,-4.3198957,12.149713,7
38027,-3.068735,-1.7493191,1
38028,11.23453,5.4639106,6
38029,-2.739086,-1.1773138,1
38030,1.0964125,12.480044,9
38031,1.1552497,12.186477,9
38032,10.659001,3.153191,6
38033,3.0964901,-1.2199966,2
38034,-4.6394777,10.931251,7
38035,14.982676,6.0531187,0
38036,2.9564972,-1.5130892,2
38037,5.960614,4.527459,3
38038,2.8528223,6.0366216,5
38039,-3.0770986,-1.95144,1
38040,-1.6382813,-1.0307287,2
38041,0.24844815,14.220531,4
38042,15.586529,8.496263,0
38043,14.933024,6.538284,0
38044,0.22561151,5.639327,8
38045,10.48739,3.1116168,6
38046,0.7527275,12.097519,9
38047,-1.6246235,13.491053,4
38048,1.3774428,12.457416,9
38049,6.289806,4.237727,3
38050,10.986009,2.3123925,6
38051,0.87569386,11.949969,9
38052,-0.2977238,12.319803,4
38053,4.9976063,5.359999,3
38054,14.057409,7.699264,0
38055,14.818472,5.549661,0
38056,-1.1900773,-3.7677276,1
38057,14.9862585,5.882589,0
38058,6.090553,6.0689864,3
38059,3.5911155,6.0556107,5
38060,5.048265,6.7695003,5
38061,2.838229,-1.3592159,2
38062,14.992658,7.2507834,0
38063,0.13093634,5.607272,8
38064,2.2135575,12.618663,9
38065,-0.5995509,5.5620008,8
38066,6.8289847,6.154979,3
38067,-0.19597706,5.354711,8
38068,3.1699572,-1.1791843,2
38069,-0.44988516,5.4801383,8
38070,3.4426317,-0.9835476,2
38071,3.4942532,6.1420283,5
38072,-0.8610564,13.306447,4
38073,3.8700502,6.4163933,5
38074,0.47987318,6.0191035,8
38075,-3.4948552,8.868003,7
38076,-4.4569454,11.956601,7
38077,-2.0929313,-1.1153919,1
38078,1.9416842,-0.25956202,2
38079,-1.7204205,14.080089,4
38080,15.906905,6.3401904,2
38081,-3.870387,0.5068179,1
38082,2.6198566,12.495068,9
38083,5.566992,4.507765,3
38084,10.576692,4.7512574,6
38085,0.10162325,5.4603224,8
38086,5.4259953,5.737295,3
38087,-0.80812126,10.95416,9
38088,-4.4169087,9.08438,7
38089,5.9641714,4.333733,3
38090,5.5047994,7.7724757,5
38091,-3.5949154,8.429142,7
38092,1.3613058,7.2409363,8
38093,-1.9493876,13.882115,4
38094,1.658725,-0.3870922,2
38095,-3.584105,0.33199918,1
38096,-3.4761329,9.459288,7
38097,-3.9664366,1.7767369,1
38098,-3.201218,10.1156435,7
38099,15.57046,6.488758,0
38100,15.453939,8.556231,0
38101,10.009905,2.793844,6
38102,16.23771,7.7232223,0
38103,15.988596,8.402188,0
38104,11.556968,5.5022407,6
38105,-3.308604,1.0252317,1
38106,14.971726,8.708972,0
38107,3.8333488,-0.84378433,2
38108,2.1190908,-0.00855642,2
38109,5.894381,4.813582,3
38110,14.452572,7.6679363,0
38111,-1.1738775,14.616126,4
38112,2.274672,7.273112,8
38113,3.32511,5.610221,5
38114,10.424933,4.2232313,6
38115,11.477104,2.97726,6
38116,5.311919,5.511036,3
38117,-3.860291,8.659096,7
38118,0.7887392,11.894135,9
38119,-0.36281,5.1279206,8
38120,2.6592014,-0.57771903,2
38121,-1.5920626,9.770389,9
38122,-0.1357488,13.263495,4
38123,16.18731,7.109002,0
38124,4.0633273,-1.4372708,2
38125,-3.810048,1.3963379,1
38126,15.112139,8.502565,0
38127,3.8011966,-0.21921144,2
38128,15.639622,8.941634,0
38129,5.904022,3.7595735,3
38130,5.608405,4.651027,3
38131,-1.8023489,14.186195,4
38132,-0.72206795,14.376769,4
38133,-4.7309976,9.423062,7
38134,4.4196405,7.290998,5
38135,0.108509436,6.3321214,8
38136,0.29051816,6.367039,8
38137,-1.3803705,10.416309,9
38138,14.262766,7.2089725,0
38139,15.880584,7.2077537,0
38140,2.0124648,-0.4191168,2
38141,-3.0028808,0.22995277,1
38142,-2.3528588,-2.2832737,8
38143,3.9917867,-0.5006631,2
38144,-5.300539,12.0678215,7
38145,6.611127,4.0465565,3
38146,0.82563865,7.3849697,8
38147,-2.1547503,14.2968445,4
38148,4.3016286,-0.7255543,2
38149,-4.3842583,8.511766,7
38150,1.6565824,14.510183,4
38151,-0.88209957,5.113748,8
38152,10.797919,4.4610577,6
38153,-0.97977215,10.307413,9
38154,2.0647585,12.437315,9
38155,15.351463,7.237561,0
38156,10.590125,3.8543892,6
38157,16.201628,8.204167,0
38158,2.2202797,7.6148424,8
38159,-3.0005412,0.47884616,1
38160,-2.0186632,-2.908861,1
38161,15.738444,8.054849,0
38162,14.277334,6.902359,0
38163,-2.3179483,-1.5531443,1
38164,-3.5512362,0.4971627,1
38165,3.095337,4.91834,5
38166,5.6180296,3.9978235,3
38167,5.8517528,4.9372754,3
38168,-0.86105335,13.790531,4
38169,-1.0624889,14.560214,4
38170,3.1614494,-1.1572783,2
38171,3.12131,-0.358038,2
38172,10.097284,2.4463303,6
38173,-1.7650075,13.837124,4
38174,5.984008,5.8948946,3
38175,-1.7285522,14.1864605,4
38176,11.075686,5.130832,6
38177,15.848712,6.516841,0
38178,-3.3601758,8.430246,7
38179,15.1696005,6.634209,0
38180,5.5640683,4.9987526,3
38181,11.176352,3.4719164,6
38182,5.5897856,6.276829,9
38183,-1.3655415,10.127533,9
38184,-4.210031,12.122252,7
38185,10.705677,2.3441243,6
38186,-4.932574,10.387599,7
38187,11.335352,2.6792963,6
38188,-0.15082784,12.992836,4
38189,2.5667458,4.5948114,5
38190,10.358708,4.5131474,6
38191,-4.6280503,9.104512,7
38192,11.380878,4.5125365,6
38193,5.5233397,3.8941243,3
38194,5.805988,7.26282,5
38195,3.975123,-0.6580553,2
38196,-0.9548696,-3.932226,1
38197,4.4771686,-1.0824088,2
38198,14.873408,8.828713,0
38199,6.5664043,4.152272,3
38200,15.381657,7.4920807,0
38201,-1.1185952,14.476968,4
38202,5.8501434,7.6306586,5
38203,-0.4089042,13.935046,4
38204,0.8472684,11.980542,9
38205,-0.99967545,10.366582,9
38206,-3.6680775,-0.5527453,1
38207,-3.782942,1.209124,1
38208,4.6882715,-1.1379466,2
38209,-1.6656792,14.5888815,4
38210,-3.6859806,9.296499,7
38211,16.241594,6.3205996,0
38212,14.482527,7.028863,0
38213,-3.9669018,8.784902,7
38214,10.880259,5.494604,6
38215,-4.891163,9.271707,7
38216,3.8926556,-1.0856138,2
38217,3.2296815,5.3503737,5
38218,7.01772,5.1302705,3
38219,11.578336,2.9496965,6
38220,-3.731151,10.4503765,7
38221,3.4953258,-0.6882576,2
38222,3.0188768,5.0659266,5
38223,5.7522006,4.76417,3
38224,-3.6935413,8.259965,7
38225,-2.3900652,-0.52085906,1
38226,-2.3075984,-3.2894526,1
38227,-1.7864357,14.129572,4
38228,15.314292,6.622759,0
38229,-1.6169189,14.092816,4
38230,0.87866026,12.733409,9
38231,15.379055,7.0649705,0
38232,15.430549,7.7978587,0
38233,-2.0065222,10.158678,9
38234,3.9562988,6.6259894,5
38235,-3.8597038,0.6459417,1
38236,1.3635631,14.39455,4
38237,-0.53292304,5.067028,8
38238,6.2772436,6.678802,3
38239,5.8349867,4.7065234,3
38240,4.7033024,6.9078407,5
38241,6.3501773,5.129584,3
38242,2.870625,12.251908,7
38243,-4.01336,8.587096,7
38244,-4.1155443,9.562585,7
38245,5.5332294,4.2440805,3
38246,-4.1914096,0.98317385,7
38247,-1.0420731,9.999921,9
38248,-0.57868826,11.978672,9
38249,-0.7665846,5.3840714,8
38250,3.4635684,7.0477366,5
38251,-0.87955534,5.1207113,8
38252,2.4379056,4.809592,5
38253,-1.2087269,14.643577,4
38254,3.5283322,6.245345,5
38255,-5.075306,9.129877,7
38256,4.7014723,-1.4354132,2
38257,-4.768431,8.930604,7
38258,10.382984,4.055982,6
38259,10.815349,2.4530475,6
38260,10.834349,3.1158485,6
38261,3.6652596,-0.9058296,2
38262,1.6681737,14.488139,4
38263,-3.3074691,1.3716279,1
38264,-2.0733924,-3.7526023,1
38265,-1.536193,9.82156,9
38266,3.7213387,6.7985435,5
38267,-0.8654856,5.136265,8
38268,2.4259782,-0.8534984,2
38269,-3.6763942,8.253911,7
38270,0.5354794,14.495686,4
38271,-0.39344624,5.1182537,8
38272,-1.7741246,-2.5884175,1
38273,-0.6221165,5.9550457,8
38274,1.3833864,14.59622,4
38275,4.6111565,-0.9913918,2
38276,-1.3811309,-3.512107,1
38277,5.709967,3.9237235,3
38278,-3.8120155,10.894532,7
38279,-0.6357017,10.381734,9
38280,4.845706,7.9291143,5
38281,5.8375087,3.897744,3
38282,-5.0690074,12.198672,7
38283,5.9594903,3.8210049,3
38284,1.4433486,14.583999,4
38285,2.8666124,4.6108603,5
38286,1.0925192,14.196657,4
38287,2.6843865,4.474281,5
38288,2.0173092,-0.77249306,2
38289,15.572501,7.4993114,0
38290,10.142442,4.113836,6
38291,-4.862193,8.897923,7
38292,0.061193608,12.666511,9
38293,-1.5729905,9.88569,9
38294,6.761987,4.950186,3
38295,3.117848,4.576594,5
38296,-0.11139637,13.243973,4
38297,15.953998,6.7571054,0
38298,5.549385,7.0908384,5
38299,11.396725,3.8871942,6
38300,-4.29147,12.073036,7
38301,-1.0834125,15.016502,4
38302,9.973682,3.4100835,6
38303,-3.070002,0.92371,1
38304,-4.431434,11.154078,7
38305,-3.0010448,0.8702919,1
38306,10.081147,3.7036712,6
38307,3.7547476,-0.8948078,2
38308,10.117999,2.7283244,6
38309,-0.5560245,5.5416565,8
38310,14.596078,6.3831844,0
38311,-4.260473,1.4771997,1
38312,1.7948948,12.681437,9
38313,2.694082,4.5673614,5
38314,5.0949183,7.3166246,5
38315,15.245253,8.894243,0
38316,-0.084867835,13.752827,4
38317,-0.9368749,-3.867369,1
38318,11.388526,6.302711,6
38319,1.5123253,-0.65766,2
38320,-4.7243643,11.930557,7
38321,6.2337446,6.5715647,3
38322,10.009767,3.9807389,6
38323,-0.7205574,14.0412035,4
38324,2.1363409,7.6184583,8
38325,4.244648,7.5209055,5
38326,2.9393797,-0.3039167,2
38327,10.942416,5.5560293,6
38328,-1.264777,-2.5606308,1
38329,-1.3119301,13.08913,7
38330,-1.6240544,-1.0540674,2
38331,0.41955206,7.2466984,8
38332,14.2219,7.2856655,0
38333,0.56211376,11.995136,9
38334,10.129153,3.8116422,6
38335,15.012477,8.853966,0
38336,1.3567096,14.531982,4
38337,-0.98478544,-3.3888028,1
38338,-5.3639154,12.143963,7
38339,1.3630444,-0.72114426,2
38340,-0.86404717,-4.2839646,1
38341,6.237176,6.0575194,3
38342,10.221633,4.5346847,6
38343,-0.6019102,13.215279,4
38344,0.43928674,12.582271,9
38345,2.944867,6.6211457,5
38346,6.0691047,6.196679,3
38347,10.619959,3.834106,6
38348,10.784575,4.7473035,6
38349,-3.9061875,10.077156,7
38350,-4.468107,10.080158,7
38351,0.028776806,6.890744,8
38352,10.615313,3.66484,6
38353,-0.2646095,11.6522455,9
38354,1.497165,-0.25374314,2
38355,15.269606,8.625709,0
38356,3.9977748,-0.85887325,2
38357,-1.7327272,-1.9072828,1
38358,1.4252589,12.142894,9
38359,1.9355756,-0.35966337,2
38360,3.8585777,7.204533,5
38361,5.8383904,5.765455,3
38362,3.7096462,7.45177,5
38363,-0.5827029,13.36897,4
38364,14.879746,8.640538,0
38365,2.9598167,6.3939137,5
38366,3.4761846,-0.9301948,2
38367,10.792181,3.9587135,6
38368,5.893886,5.5537143,3
38369,-1.1419123,11.878816,9
38370,9.76487,3.8305576,4
38371,10.972471,4.270249,6
38372,-1.2655056,14.683735,4
38373,-1.1921669,14.37948,4
38374,-3.6005776,-0.40543267,7
38375,-1.3143488,14.805067,4
38376,11.470585,5.3803687,6
38377,6.818635,5.484872,3
38378,4.589337,7.9457192,5
38379,11.61647,5.1889176,6
38380,15.502298,6.172436,0
38381,2.1132596,-0.0030647845,2
38382,5.7100515,4.268606,8
38383,6.4985075,5.0319037,3
38384,-1.4429271,-4.2399297,1
38385,-4.108834,0.23748569,4
38386,0.95163715,6.8421593,8
38387,0.12529148,6.300723,8
38388,-1.5930642,-1.7300985,1
38389,-3.0827925,9.634682,7
38390,10.069831,3.084088,6
38391,0.47146368,5.634032,8
38392,-0.24967666,13.343393,4
38393,10.442912,3.633702,6
38394,10.94096,5.65156,6
38395,0.13027644,11.858438,9
38396,4.3477654,-1.5467498,2
38397,-3.7465587,2.2346928,8
38398,-1.8312018,-3.3957515,1
38399,5.7549314,5.8900585,3
38400,10.647021,4.7404146,6
38401,2.3018823,-0.13474728,2
38402,0.13336739,14.814576,4
38403,-3.6183765,8.504586,2
38404,16.490477,8.338305,0
38405,-0.14592282,6.494997,8
38406,2.0845802,-0.50549555,2
38407,0.5108471,14.864943,4
38408,3.3504994,4.5004253,5
38409,1.3931102,-0.6681496,2
38410,6.74633,5.026075,3
38411,15.047327,7.8385086,0
38412,14.520227,8.565202,0
38413,-2.15662,-1.5564624,1
38414,3.8468297,6.728915,5
38415,-3.1118593,0.17608044,1
38416,11.753412,5.262916,6
38417,2.317942,-0.071145125,2
38418,0.31201115,7.245603,8
38419,-1.0255176,11.863588,9
38420,1.3471001,7.6340528,8
38421,11.307422,5.262408,6
38422,-3.407867,10.22691,7
38423,-0.26869968,6.1571445,8
38424,-0.5572553,-4.0058494,1
38425,-2.746815,-0.48977104,1
38426,0.34276906,12.094341,9
38427,1.896945,-0.11002302,2
38428,-1.3970212,14.108148,4
38429,15.07652,7.9244456,0
38430,1.9279283,-0.45721775,2
38431,10.980862,4.384762,6
38432,-3.0079694,-2.0514972,1
38433,4.2334056,6.891987,5
38434,1.4030805,7.1653433,8
38435,1.8346192,-0.14676389,2
38436,-2.5502863,-2.1636143,1
38437,-4.2812514,9.763233,7
38438,4.514305,-1.6016663,2
38439,3.6093748,7.1621666,5
38440,14.413462,8.005023,0
38441,6.1830406,4.1433797,3
38442,0.06649475,6.556156,8
38443,-0.18109284,11.043884,9
38444,10.566135,4.937649,6
38445,5.335096,5.171919,3
38446,15.747653,7.91952,0
38447,-4.323254,10.248558,7
38448,11.332522,5.8889904,6
38449,-2.7163315,-0.5151823,1
38450,10.829042,2.6176467,6
38451,5.2051167,5.1393566,3
38452,-0.44215217,5.937045,8
38453,-0.27203828,6.061407,8
38454,-1.8562466,-4.0221934,1
38455,-3.5065305,-1.1567845,1
38456,0.7739327,11.805298,9
38457,-1.7182254,10.554243,9
38458,-3.4634402,9.241469,7
38459,3.5479991,6.46272,5
38460,10.988788,5.5491605,6
38461,14.99258,8.500759,0
38462,-3.5101485,-0.8955104,1
38463,-3.0467703,-2.6759148,1
38464,-2.889266,-2.3500888,1
38465,-3.3150117,-2.1749737,1
38466,-2.6393774,-3.396554,1
38467,1.0778891,11.692554,9
38468,-4.441757,11.586631,7
38469,1.7638707,-0.20536138,2
38470,-0.13032167,11.826581,9
38471,11.1908045,4.1822343,6
38472,11.106367,5.6055923,6
38473,14.670223,7.05714,0
38474,11.325496,5.108896,6
38475,-1.0572462,13.982325,4
38476,-0.11103353,6.847613,8
38477,2.519571,5.2294755,5
38478,10.841948,4.9578767,6
38479,10.401002,3.7985394,6
38480,-3.2785995,-1.2958148,1
38481,4.1296177,7.1530256,5
38482,-3.3552651,-2.054072,1
38483,15.517328,6.129888,0
38484,15.0407715,7.24016,0
38485,7.0446396,4.5498505,3
38486,3.0177736,5.0948825,5
38487,-2.7152684,-0.45119372,1
38488,14.198808,7.2445617,0
38489,-0.19738813,5.5852838,8
38490,-1.0274066,-4.438918,1
38491,10.723832,4.1480727,6
38492,-0.76596576,-4.3270574,1
38493,1.6820438,11.921044,9
38494,14.627533,8.694979,0
38495,6.190423,5.059153,3
38496,1.6265104,14.690437,4
38497,15.979841,8.539397,0
38498,-0.14774786,13.515545,4
38499,-2.439167,-1.1920111,1
38500,0.36337155,14.005012,4
38501,16.425009,7.385025,0
38502,-3.6405132,11.325764,7
38503,-1.3096303,14.127297,4
38504,-4.810148,10.396612,7
38505,-3.627391,8.4689865,7
38506,-3.8487535,9.837538,7
38507,6.776523,5.465363,3
38508,4.965753,7.4296265,5
38509,1.4792618,-0.5130605,2
38510,0.85390633,6.088478,8
38511,11.080276,4.569523,6
38512,10.815545,5.1264777,5
38513,5.922993,5.7969356,5
38514,11.530543,5.8789454,6
38515,-1.5706806,14.973333,4
38516,-1.6201303,-4.0282226,1
38517,-3.4244196,9.077389,7
38518,-0.69575137,12.71389,4
38519,-1.408456,10.524699,9
38520,5.096769,5.569305,3
38521,-3.4405563,9.017233,7
38522,-1.6434598,-3.3409572,1
38523,15.588946,8.789703,0
38524,-2.237416,14.607979,4
38525,-3.1648924,-0.74142027,1
38526,-3.0234566,10.61059,1
38527,3.1244562,-0.6485923,2
38528,-1.5076808,-4.058954,1
38529,5.7740564,5.769135,3
38530,4.219437,-1.6276581,2
38531,-0.4048516,14.819406,4
38532,-1.1914138,-3.738035,1
38533,2.9670973,5.3171153,5
38534,-3.699659,10.758497,7
38535,11.291178,4.211422,6
38536,6.427117,6.175147,3
38537,-5.2957172,10.144459,7
38538,-2.2993443,-2.9746146,1
38539,-0.62645507,6.109249,8
38540,14.636073,6.4296513,0
38541,-0.8458805,10.182128,9
38542,4.5267816,-1.5523851,2
38543,15.966597,6.6911397,0
38544,-0.50475985,6.247205,8
38545,-3.7488196,1.4298509,1
38546,3.7296317,6.9837275,5
38547,3.672711,-0.44967014,2
38548,11.684028,5.80825,6
38549,5.4198093,4.0458217,3
38550,-4.8699174,11.305431,7
38551,-0.098214746,15.009405,4
38552,0.35628814,11.899906,9
38553,2.610515,4.4305086,5
38554,-3.0903502,-1.9210964,1
38555,11.146689,3.000275,6
38556,-4.9968348,11.952425,7
38557,-4.6082134,8.519034,7
38558,-1.3243184,-4.115839,1
38559,16.776289,6.8754606,0
38560,3.8158066,-1.5466799,2
38561,-3.8262458,1.8126976,1
38562,-0.79594195,11.017723,9
38563,3.9160774,-0.7455073,2
38564,5.62943,7.434063,5
38565,5.4717245,3.857291,3
38566,-0.08064615,5.883455,8
38567,-0.5738901,15.12216,4
38568,0.57700825,13.968292,4
38569,2.5972488,4.4257746,5
38570,-0.93487716,-3.596414,1
38571,11.205564,2.5632732,6
38572,-3.9156911,0.18381023,1
38573,15.928733,7.2816567,0
38574,14.745843,8.261343,0
38575,-3.882263,8.786027,7
38576,11.616942,6.217275,6
38577,2.3600237,4.3065057,5
38578,10.499933,4.378082,6
38579,16.54048,6.7551556,0
38580,5.9316025,5.6607614,3
38581,-0.6143112,5.2379603,8
38582,-1.3007218,-3.05923,1
38583,-0.86590594,14.336509,4
38584,10.060944,3.087304,6
38585,-3.0781317,0.9294876,1
38586,0.5748646,13.700815,7
38587,-0.6456306,6.137322,8
38588,0.8964791,6.2131224,8
38589,-0.93741363,5.952828,8
38590,15.540554,7.049192,0
38591,-2.9015734,-0.3857642,1
38592,3.7344604,6.561063,5
38593,5.5426936,4.3745685,3
38594,3.1354387,6.5167894,5
38595,-3.096536,1.0719155,1
38596,0.82671005,5.898202,8
38597,-0.7751078,9.87126,9
38598,0.5516106,14.277266,7
38599,16.218891,7.723505,0
38600,1.7042215,12.030363,9
38601,-1.8375752,15.278659,4
38602,5.337419,5.5163646,3
38603,-1.7350818,14.509055,4
38604,5.95402,6.551455,5
38605,-3.269049,1.5147425,0
38606,0.8846544,5.9767256,8
38607,-5.352567,11.088455,7
38608,3.214938,5.173105,5
38609,3.834696,-0.42060718,2
38610,2.509368,4.856207,5
38611,-0.76356685,10.06138,9
38612,5.4774065,7.4671144,5
38613,-0.54620934,5.2998466,8
38614,15.783166,7.4024324,0
38615,-4.8876996,9.176633,7
38616,-1.3056189,13.432259,4
38617,3.773089,-0.3784902,2
38618,2.3632221,-0.30053088,2
38619,-1.0508208,14.620675,4
38620,-4.4992237,10.397896,7
38621,-4.311245,8.489355,7
38622,0.80821806,13.6390915,4
38623,4.413581,-0.53012776,8
38624,3.2218058,6.2545686,5
38625,-0.51023424,10.126536,9
38626,4.1804295,7.622439,5
38627,6.050997,4.5809035,3
38628,4.8576756,7.6884875,5
38629,-3.8377032,1.3506795,1
38630,1.2317883,14.532462,4
38631,-1.8237449,14.864223,4
38632,0.8638024,12.101077,9
38633,11.491399,3.0810635,6
38634,10.109034,3.1270697,6
38635,4.716084,-1.2161887,2
38636,1.7711078,-0.17296162,2
38637,3.062996,-0.9079943,2
38638,1.6102207,12.734728,8
38639,-4.5306954,9.095714,7
38640,9.978463,3.4866834,6
38641,-0.77226514,5.564091,8
38642,11.073609,5.211939,6
38643,10.936292,2.6048155,6
38644,14.656719,8.761246,0
38645,-0.95195407,14.982824,4
38646,-0.21020171,11.286619,9
38647,-0.86490005,9.775701,9
38648,4.248877,7.012517,5
38649,4.5803123,-1.1332011,2
38650,-5.1545787,12.2913885,7
38651,-0.5475541,10.032384,9
38652,3.2930205,-1.6901258,2
38653,6.027388,3.5333085,3
38654,-0.42709,13.218077,4
38655,2.491892,4.49322,5
38656,4.81627,7.977313,5
38657,6.9724,4.790674,3
38658,3.8440273,5.7863083,5
38659,11.1569805,3.845581,6
38660,14.199767,7.4753923,0
38661,11.055493,3.859714,6
38662,14.523015,7.8804307,0
38663,16.084661,6.7929416,0
38664,-1.3162911,-4.0850816,1
38665,3.936104,-1.6479615,2
38666,-2.0784807,-0.98471195,1
38667,3.250353,0.12918968,2
38668,0.33645397,14.445919,4
38669,-5.33738,11.540306,7
38670,7.123574,5.6906,3
38671,-0.018557956,15.021453,4
38672,-4.829755,10.3065405,7
38673,-0.69820404,9.95997,9
38674,-0.40127712,11.276011,9
38675,2.3683429,4.322849,5
38676,10.715268,3.2786992,6
38677,-3.4471033,1.4646645,1
38678,4.264708,7.5957456,5
38679,4.1175394,-0.80838025,2
38680,-0.7501808,12.238039,9
38681,10.850752,3.1331458,6
38682,-3.6103652,-1.2906362,1
38683,-3.0990617,0.6775326,1
38684,-2.9460158,-2.8008246,1
38685,-0.61712104,5.9501104,8
38686,14.435672,5.820076,0
38687,5.787845,4.810152,3
38688,-5.3810563,11.970485,7
38689,2.6163158,4.5933614,5
38690,0.5052253,12.382122,9
38691,16.521713,7.294051,0
38692,4.4732013,-1.5564802,2
38693,15.719093,6.616501,0
38694,11.506959,3.6020973,6
38695,11.136375,2.9677763,6
38696,16.119577,8.262484,0
38697,-3.5495048,1.7187841,1
38698,6.4618483,6.818111,5
38699,11.077005,3.9113994,6
38700,-3.0572693,10.516344,1
38701,-0.44470647,10.206367,9
38702,0.8452995,5.6825037,8
38703,11.20612,3.341927,6
38704,0.4381016,12.128312,9
38705,-4.8943024,8.980589,7
38706,14.806158,8.420577,0
38707,-4.027777,2.5370731,1
38708,5.2216415,7.2611175,5
38709,-3.7058508,1.7269669,1
38710,-1.8062787,13.940265,4
38711,-3.8010776,8.09277,7
38712,5.913791,5.1860685,3
38713,-2.6134062,-0.16469796,1
38714,6.083445,5.390708,3
38715,2.8307385,-0.97405905,2
38716,1.7855722,14.518568,4
38717,-1.6006551,14.037933,4
38718,-0.4775671,-4.017193,1
38719,3.587839,5.63518,5
38720,3.3041286,-1.2235547,2
38721,10.7296095,4.480116,6
38722,14.198227,7.3525257,0
38723,-4.2456193,9.640521,7
38724,-1.7540528,-4.0844817,1
38725,0.40579626,5.940517,8
38726,5.9887815,7.454706,5
38727,-0.49829045,11.023135,9
38728,-3.4076307,9.670141,7
38729,15.8201685,7.9836764,0
38730,11.069307,5.9071956,6
38731,-2.6140428,-0.105643235,1
38732,6.685462,5.491964,3
38733,4.5622406,-1.1321896,2
38734,0.91915965,6.6559286,8
38735,7.0565095,5.028137,3
38736,-3.1623259,-0.7201357,1
38737,-1.7967616,14.269396,4
38738,-4.338158,8.881258,7
38739,4.908052,6.816996,5
38740,-1.3559107,11.255063,9
38741,11.199056,4.4622755,6
38742,-0.13213097,6.0111027,8
38743,-4.294194,9.910936,7
38744,15.061417,8.806912,0
38745,0.4687978,5.6724,8
38746,14.037492,6.816017,0
38747,-1.7638553,9.842684,9
38748,1.9209473,12.459357,9
38749,16.3259,8.219184,0
38750,-1.550695,-4.1375856,1
38751,-2.9134905,0.5115781,1
38752,5.3543344,4.700303,3
38753,4.557951,-1.3767164,2
38754,11.535357,6.319043,6
38755,6.6522512,5.399495,3
38756,3.829302,6.8351665,5
38757,-1.1365515,14.4500885,4
38758,-4.086847,10.939301,7
38759,3.3442178,5.0481067,5
38760,2.518034,7.536538,9
38761,11.264615,4.3231797,6
38762,4.5870895,7.0877514,5
38763,-4.433129,10.302091,7
38764,-1.2072567,-2.716821,1
38765,0.6258956,6.3563704,8
38766,15.1447115,8.505382,0
38767,-1.0582018,9.873737,9
38768,-0.20056224,11.854185,9
38769,-3.5219755,-0.5816255,1
38770,3.5211616,-1.8194606,2
38771,6.4763083,4.255883,3
38772,0.024117434,11.67869,3
38773,4.5405254,6.4621897,5
38774,1.1522598,4.4922705,1
38775,-0.3355755,10.965037,9
38776,-4.257518,10.718328,7
38777,-1.2393357,13.748961,4
38778,0.5363565,7.4216175,8
38779,-3.4472866,0.70222557,1
38780,10.590754,2.2970111,6
38781,-4.650577,10.233174,7
38782,10.342286,3.673345,6
38783,-4.848805,9.541494,7
38784,3.4826257,-0.07695809,2
38785,3.9136472,-0.44351327,2
38786,-0.18652157,14.269749,4
38787,-3.0888548,-0.24355239,1
38788,-4.7179666,12.103369,7
38789,-1.8336909,14.11429,4
38790,3.2016084,-1.7540538,2
38791,6.57611,4.1075406,8
38792,6.150146,7.295175,5
38793,3.7853723,-0.27185744,2
38794,-4.412124,10.380228,7
38795,-2.989819,9.955409,9
38796,11.206006,5.892017,6
38797,7.0327716,4.852985,3
38798,4.6721425,7.2377324,5
38799,1.1918908,6.765793,8
38800,1.6394538,-0.45664626,2
38801,3.700962,5.6650143,5
38802,14.526736,6.4947424,0
38803,-0.78860873,15.030713,4
38804,5.438422,5.4640584,3
38805,0.7874398,7.100061,8
38806,-0.55367583,-4.271353,1
38807,0.8433557,6.367845,8
38808,14.906394,8.468413,0
38809,-1.5892824,11.250204,9
38810,-3.5593219,11.160147,7
38811,6.47891,4.1797404,3
38812,0.366631,13.769591,4
38813,-0.898146,11.117853,9
38814,-5.5062637,10.359527,7
38815,4.2207785,-1.0816531,2
38816,14.687869,7.293708,0
38817,3.8883476,5.3642035,5
38818,2.8039255,5.9874,5
38819,-4.059204,9.940208,7
38820,11.194938,5.8720264,6
38821,-1.4684118,13.929928,4
38822,0.44842923,13.739319,4
38823,-3.7987237,0.8985042,1
38824,-0.21493505,-4.5242443,1
38825,4.6203184,-0.932061,2
38826,1.6942836,-0.70385474,2
38827,6.95378,5.809901,3
38828,-2.346586,-2.9709563,1
38829,-1.6112331,10.764643,9
38830,5.955729,7.7109995,5
38831,-3.6050215,0.43485942,1
38832,1.3430918,7.135856,8
38833,11.44383,3.700986,6
38834,1.2766281,13.798805,4
38835,15.817571,6.873576,0
38836,-4.394101,11.718037,7
38837,-3.008929,0.095813505,1
38838,-4.656061,10.526255,7
38839,3.7552786,-0.298044,2
38840,-1.3841835,-2.3457508,1
38841,1.2493148,6.764649,8
38842,-0.09594898,5.160441,8
38843,3.5936487,5.4591208,5
38844,1.064401,5.8184433,8
38845,-2.9079401,0.06996476,1
38846,3.2281606,-1.8946987,2
38847,-2.541769,-0.23028237,1
38848,5.067885,6.7112613,5
38849,1.5188341,6.5807276,8
38850,14.146863,6.336943,0
38851,3.693918,5.9322186,5
38852,-0.47875643,13.658424,4
38853,11.611205,4.0770774,6
38854,11.224946,5.9084787,6
38855,-1.1734142,14.58894,4
38856,10.731012,2.647636,6
38857,-3.551663,10.442982,7
38858,0.5535848,6.919637,8
38859,6.529063,3.9165258,3
38860,-3.833387,-0.71831083,1
38861,11.349838,4.944345,6
38862,1.8774273,-0.68238014,2
38863,0.20871475,6.8868456,8
38864,2.881734,6.3428326,5
38865,15.536216,7.8923626,0
38866,1.1750824,7.380365,8
38867,6.9956336,5.4161158,3
38868,-1.3339295,-3.8251193,1
38869,-4.981085,11.088141,7
38870,0.031419054,6.579165,8
38871,-0.8292493,14.235227,4
38872,0.4563458,14.079335,4
38873,15.260686,7.9539185,0
38874,15.610802,8.038467,0
38875,11.463974,4.985563,6
38876,10.4258795,2.5363946,6
38877,-1.5019002,14.177796,9
38878,1.4021935,6.4527206,8
38879,3.769619,-0.402078,2
38880,-0.8384772,11.2112875,9
38881,11.637915,5.6178327,6
38882,5.3441586,4.890985,3
38883,3.6706145,5.600832,5
38884,3.8013093,-1.4712452,2
38885,11.044856,4.1803403,6
38886,2.5538805,-1.104175,2
38887,-1.4796263,11.336382,9
38888,4.936949,6.9428177,5
38889,16.228432,7.0276055,0
38890,-3.5509903,11.454929,7
38891,-0.8155713,14.535656,4
38892,5.217608,4.124796,3
38893,16.126894,6.9048805,0
38894,6.3978095,6.5418158,3
38895,10.962907,3.2057748,6
38896,3.686699,6.252534,5
38897,-2.4077303,-0.42873362,1
38898,0.8289613,14.3249235,4
38899,-1.9301406,10.221122,9
38900,6.6235714,5.637244,3
38901,4.0070577,-1.0718576,2
38902,4.6480803,7.6903872,5
38903,15.932075,8.0271,0
38904,5.2381063,5.7044516,3
38905,-1.5077641,10.9018955,9
38906,1.0977033,13.664764,4
38907,3.6146355,5.9261823,5
38908,-3.212694,9.847966,7
38909,-3.1246386,-0.7528304,1
38910,-0.047896028,11.431645,9
38911,6.9916477,4.6291103,3
38912,0.8713634,7.040683,8
38913,-4.419661,10.520994,7
38914,14.483238,6.9573884,0
38915,11.603508,4.8956237,6
38916,-4.1273613,10.165054,7
38917,-0.46789047,11.269472,9
38918,-2.3868868,-0.9306028,1
38919,-1.7712564,13.999952,4
38920,-3.6042576,11.42631,7
38921,-4.656782,10.03819,7
38922,0.32311884,12.549773,4
38923,-3.4074688,8.831289,7
38924,3.982216,-1.4046474,2
38925,11.371745,4.2317834,6
38926,14.338819,7.4024053,0
38927,6.9911847,5.158796,3
38928,-2.394011,-3.7117236,1
38929,15.542407,7.9432616,0
38930,-0.049434535,12.124718,9
38931,4.285534,6.156588,5
38932,5.993278,7.429286,5
38933,11.029691,4.7435417,6
38934,4.807633,7.7115993,5
38935,3.870642,-1.2659277,2
38936,12.0161085,6.488877,6
38937,3.594655,-1.608466,2
38938,-0.41011465,13.486993,4
38939,15.64531,8.495487,0
38940,4.6366787,6.1380563,5
38941,-2.7751133,-1.5156236,1
38942,1.0101523,7.0757294,8
38943,-5.1321883,10.086442,7
38944,3.7633314,6.5926943,5
38945,0.028934518,6.5354733,8
38946,14.23389,7.259055,0
38947,-1.0479925,10.61696,9
38948,1.5132662,6.8299785,8
38949,15.589085,8.457693,0
38950,0.7633915,11.51762,9
38951,-1.5957255,-1.7945347,1
38952,3.1298597,-1.4006579,2
38953,2.956131,-0.45345634,2
38954,-4.5385385,11.806531,7
38955,5.952646,4.7778955,3
38956,0.4166668,6.4789715,8
38957,-0.49937367,14.061463,4
38958,10.567648,2.8932476,6
38959,3.417654,6.724188,5
38960,1.7931975,14.486275,4
38961,11.487005,4.5829067,6
38962,3.7124062,-1.2191695,2
38963,15.8200865,8.485676,0
38964,-4.6598387,11.83037,7
38965,-3.2503698,-2.258542,1
38966,0.2415449,13.855098,4
38967,-0.36075354,5.8226433,8
38968,-2.8618546,-2.538919,1
38969,-2.0992494,10.134961,9
38970,6.234534,6.6148696,3
38971,0.61159045,6.459425,8
38972,-3.9370582,8.760333,7
38973,0.26028645,14.359818,4
38974,1.1586573,4.4761577,1
38975,-3.277903,-1.3820292,1
38976,-3.4272017,-1.0327743,1
38977,0.20143747,6.619656,8
38978,-1.1709249,14.916633,4
38979,0.5764154,6.212565,8
38980,10.396283,2.2137287,6
38981,-2.78554,-2.9370465,1
38982,6.9292817,5.11525,3
38983,5.8903055,5.0569673,3
38984,1.8010192,14.415883,4
38985,-3.3514216,-1.5948313,1
38986,4.9982767,4.6963964,3
38987,0.6860058,6.3115025,8
38988,11.423399,4.3476806,6
38989,4.339171,6.014412,3
38990,4.8394,5.314797,3
38991,6.7000685,4.553107,3
38992,1.0084125,12.025897,9
38993,14.934554,6.30234,0
38994,-4.5864916,11.687763,7
38995,-1.7534839,10.199386,9
38996,10.030062,2.7666416,6
38997,-1.3986993,14.062134,4
38998,5.4164333,5.2798877,3
38999,-1.8003181,10.328477,9
39000,1.2653987,12.722482,9
39001,0.2790299,6.105961,8
39002,3.9744086,-1.8993335,2
39003,-4.562757,9.859526,7
39004,10.783897,5.2103105,6
39005,0.27780515,5.8071284,8
39006,3.338483,-0.6950524,2
39007,-3.9312606,1.6481036,1
39008,2.7376873,-1.5759038,2
39009,-4.325371,10.101765,7
39010,-3.2447634,10.885294,7
39011,0.5234505,6.916516,8
39012,-0.9498193,-3.0845077,1
39013,-3.6622632,9.570906,7
39014,-5.0508637,11.403529,7
39015,2.876242,5.219929,5
39016,1.9072444,12.1426325,9
39017,-3.1057868,0.6018573,1
39018,-1.0046479,-3.9786189,1
39019,11.6125555,4.8078437,6
39020,1.7819691,-0.61128664,2
39021,2.433203,4.4593005,5
39022,3.144935,-1.0400041,2
39023,14.97487,7.033348,0
39024,0.33635616,15.0694895,4
39025,-1.8505551,9.77489,9
39026,-3.6494925,8.950202,7
39027,2.7437658,5.3254166,5
39028,15.569196,8.798998,0
39029,15.409271,8.013824,0
39030,0.81207097,12.615372,9
39031,-1.9614671,10.540966,2
39032,2.7952955,-0.79590553,2
39033,-3.4138732,0.0650694,1
39034,1.6276802,12.507824,9
39035,-0.08062404,6.617617,8
39036,10.63823,3.1075125,6
39037,15.316042,8.489157,0
39038,-4.6330533,11.112541,7
39039,15.820295,8.370979,0
39040,6.1476755,4.8167095,3
39041,-2.8445318,-0.6938875,1
39042,4.154862,-1.9011977,2
39043,10.499564,3.7079208,6
39044,14.347687,7.6935415,0
39045,11.540705,4.282377,6
39046,0.2045696,13.774519,4
39047,-5.388568,11.087992,7
39048,-3.889304,9.1958065,7
39049,-3.1430857,0.50290245,1
39050,14.988455,7.1485376,0
39051,-3.8050394,0.54428536,1
39052,-2.256022,-2.8179488,1
39053,-4.5495734,9.438059,7
39054,14.379632,8.365537,0
39055,15.116388,8.087789,0
39056,-4.0047207,11.377125,7
39057,-2.468947,-2.205767,1
39058,-0.10097039,13.115253,4
39059,2.9927175,-0.03988068,2
39060,-4.050821,11.2827,7
39061,7.0843887,5.0019264,3
39062,-3.4118242,9.5350685,7
39063,-1.0482855,13.1250305,4
39064,-0.48895788,11.402445,9
39065,3.688633,5.7772884,5
39066,6.6284766,4.8698454,3
39067,11.194603,5.347321,6
39068,1.0078715,6.068902,8
39069,-4.158475,9.403499,7
39070,-0.24635988,5.5821347,8
39071,0.12241432,6.4025493,8
39072,-2.7428286,-2.7340314,1
39073,-0.093196824,11.65347,9
39074,2.535975,-1.1307957,2
39075,14.872157,7.8845797,0
39076,-0.59150904,-3.886816,1
39077,-2.131636,-2.2188056,1
39078,0.5828784,14.24554,4
39079,2.3032372,0.1395713,2
39080,1.2037851,14.699454,4
39081,6.970161,5.367441,3
39082,-4.025371,10.566543,7
39083,-0.4200763,12.91756,4
39084,-2.2965398,-3.8169088,1
39085,4.945582,6.7652783,5
39086,10.676698,3.367921,6
39087,11.105424,4.8856707,6
39088,-4.3886666,11.17672,7
39089,-3.7203872,9.1846285,7
39090,2.7794352,0.2322259,2
39091,0.6134538,6.6515136,8
39092,0.54588825,6.0603447,8
39093,15.547146,8.065332,0
39094,0.7532311,7.286199,8
39095,-2.1811426,-2.9492369,1
39096,-1.7305552,11.00419,9
39097,2.1990085,-0.39427206,2
39098,10.275015,4.338576,6
39099,6.9085884,5.2036843,3
39100,6.746941,6.5106783,3
39101,-0.35558823,12.916624,4
39102,-2.895954,0.67488265,1
39103,4.279551,6.7659698,5
39104,0.3165871,6.5072665,8
39105,10.937188,4.851365,6
39106,-3.8650723,0.48243997,1
39107,-3.8102539,9.268925,7
39108,6.690277,4.9831533,3
39109,1.0579915,6.4080424,8
39110,1.7112373,14.644448,4
39111,0.20440356,11.681385,9
39112,9.994592,3.072046,6
39113,-4.8545313,10.96312,7
39114,4.0278134,6.607647,5
39115,15.091813,6.9712996,0
39116,6.7851653,6.366625,3
39117,-0.94257164,13.074717,4
39118,4.226067,-1.5177854,2
39119,14.70169,6.4341507,0
39120,4.895773,6.741933,5
39121,10.436782,4.5050983,6
39122,5.787112,6.0390186,3
39123,-0.78622925,13.025082,4
39124,5.4427567,4.912954,3
39125,7.137335,5.069728,3
39126,3.8431146,6.890338,5
39127,6.794971,4.7363763,3
39128,1.7063948,14.318143,4
39129,-1.2587377,14.262205,4
39130,11.939485,5.645796,6
39131,0.16253702,6.377977,8
39132,4.692969,7.5025177,5
39133,-4.874292,9.73852,7
39134,1.122058,11.972077,9
39135,0.26732868,6.3852425,8
39136,7.0497184,5.199577,3
39137,10.603318,4.19891,6
39138,-2.1026478,-3.8171017,1
39139,-0.39388025,10.99732,9
39140,5.7278857,5.912809,3
39141,0.031125428,6.132213,8
39142,1.2503884,7.351908,8
39143,5.904945,4.606302,3
39144,0.28998175,7.1193686,8
39145,3.8360884,-0.6482966,2
39146,1.9381218,-0.2648832,2
39147,3.1039772,-0.6816442,2
39148,-1.5055491,11.568679,9
39149,0.5425767,7.023658,8
39150,-5.014006,12.264293,7
39151,-0.87942153,13.198031,4
39152,-1.8025862,-3.4968474,1
39153,3.6343749,-0.93883204,2
39154,10.609379,3.5535715,6
39155,15.589086,7.21047,0
39156,14.318629,7.4196863,0
39157,-3.0245612,-1.0261428,1
39158,5.6576524,7.654631,5
39159,-2.6410856,-1.7626286,1
39160,-0.51787007,-4.2566495,1
39161,3.9184644,-0.847184,2
39162,3.7893422,-1.4174991,2
39163,-0.2552064,10.677601,9
39164,10.103554,3.1791186,6
39165,11.107084,4.410701,6
39166,1.2542801,12.783066,9
39167,0.30147505,6.3462625,8
39168,3.8482842,-1.8856138,2
39169,-3.9472573,-0.29818264,1
39170,3.702947,-1.388007,2
39171,4.165074,-0.31709453,2
39172,-0.05573901,12.3377905,9
39173,-2.7746801,-1.27667,1
39174,1.2538537,12.552872,9
39175,16.02464,7.5193834,0
39176,3.9430313,7.0999217,5
39177,11.067912,3.8825052,6
39178,0.8525672,5.912612,8
39179,0.47811985,10.940228,9
39180,11.151762,5.2296567,6
39181,6.6340365,4.407185,3
39182,0.20723766,14.822801,4
39183,-4.2207546,9.199133,7
39184,-5.009951,10.813438,3
39185,-3.4090354,0.58234066,1
39186,-0.636818,12.797123,4
39187,-0.014808042,6.2089643,8
39188,11.610111,5.186172,6
39189,6.6739717,4.3110948,3
39190,-3.8279748,9.797452,7
39191,0.46275628,6.529396,8
39192,-0.85181046,11.851454,9
39193,-3.3696177,0.08392501,1
39194,14.632038,6.007298,0
39195,-0.77077794,10.299654,9
39196,-1.2382594,-2.664791,1
39197,2.810659,4.932905,5
39198,2.0309913,-0.9648903,2
39199,-1.3343525,10.277045,9
39200,11.289694,5.094178,6
39201,-0.1301569,6.3484616,8
39202,14.357007,8.384186,0
39203,3.6623616,-0.7505712,2
39204,0.1433259,15.104328,4
39205,10.891443,4.0732913,6
39206,11.155474,5.0552754,6
39207,15.629758,6.9929824,0
39208,2.3808432,12.830748,5
39209,-1.7966368,14.205054,4
39210,2.823463,-0.87879187,2
39211,2.9560912,4.531916,5
39212,11.195408,5.7242775,6
39213,16.296106,7.4260154,0
39214,5.037022,7.48621,5
39215,6.6286488,4.1246166,3
39216,2.947013,-0.2632171,2
39217,-3.5428915,0.5430441,1
39218,1.2629328,14.759614,4
39219,-0.33595467,6.030145,8
39220,14.7578745,6.6649995,0
39221,10.963504,3.2345598,6
39222,6.049556,3.7639492,3
39223,-4.620841,8.846634,7
39224,15.740116,7.6497865,0
39225,2.7579763,4.491276,5
39226,10.356246,4.8313465,6
39227,-0.03465587,10.910478,9
39228,3.1084108,-1.1569984,2
39229,-0.49107173,10.610574,9
39230,4.301379,7.945433,5
39231,6.8170104,4.5505247,3
39232,-2.8598297,-1.7820616,1
39233,15.522955,6.848821,0
39234,-2.326401,10.06726,9
39235,6.2118773,4.774423,3
39236,14.827192,7.65215,0
39237,-3.8616116,-0.25147343,1
39238,0.7355428,6.5918593,8
39239,-0.7459916,13.162615,4
39240,5.3449974,4.2717013,3
39241,-1.0042747,12.930344,4
39242,2.3943803,7.0348573,8
39243,16.010555,7.150607,0
39244,-3.5350375,9.44046,7
39245,-0.9799661,13.862653,4
39246,-5.3387427,11.45949,7
39247,-1.438212,11.041394,9
39248,-0.1967085,12.879106,4
39249,3.7766964,-1.4880689,2
39250,11.180293,5.8969665,6
39251,10.873696,4.2629356,6
39252,-4.6518345,11.80098,7
39253,4.1729364,5.5788937,5
39254,-3.7348514,11.279872,7
39255,-1.0940653,12.234785,4
39256,1.6352714,-0.6280934,2
39257,-4.0360513,9.864832,7
39258,10.449287,4.0691004,6
39259,-0.63769066,10.558286,9
39260,11.307989,6.3712206,6
39261,-3.7136643,9.403848,7
39262,-0.8299512,-4.3275504,1
39263,16.36825,6.3034396,0
39264,0.8612386,6.7034636,8
39265,-3.651923,1.7521424,1
39266,5.731331,7.7267337,8
39267,5.2416053,4.01271,3
39268,-1.4616773,-2.0764852,1
39269,-1.5173109,14.760625,4
39270,-1.8470727,-3.4107504,1
39271,2.8645167,5.177216,5
39272,-0.67143774,12.920323,4
39273,10.764243,2.4463665,6
39274,4.0217433,7.2785025,5
39275,-4.327653,10.10627,7
39276,-3.6440973,10.1840315,7
39277,0.10754297,7.024993,8
39278,10.468082,2.4011483,6
39279,16.599468,7.9363174,0
39280,3.9010763,7.1056066,5
39281,-3.4931917,1.7485571,1
39282,3.6741192,-1.2065253,2
39283,4.682318,-0.7114872,2
39284,3.700412,-2.0081646,2
39285,5.789266,4.5430512,3
39286,1.8706396,12.95182,9
39287,-1.64801,14.580528,4
39288,-2.7195652,-2.5668375,1
39289,-4.0465627,8.974517,7
39290,5.893814,5.3809724,3
39291,-0.83329564,5.4023585,8
39292,10.706045,2.6456714,6
39293,0.7847555,11.129087,9
39294,-3.3253338,10.035715,7
39295,16.536642,6.7575784,0
39296,1.8836548,-0.20696433,2
39297,-3.6129684,1.6185533,1
39298,-0.75837594,15.099059,4
39299,3.4771657,-0.24411055,2
39300,-3.314951,-1.4001819,1
39301,5.7100368,4.7284207,3
39302,-0.047436334,13.620983,4
39303,-1.0785908,15.3571205,4
39304,0.5394741,14.492477,4
39305,-3.398862,8.376858,7
39306,15.122963,7.321919,0
39307,-1.4426519,9.398022,8
39308,0.97839874,5.902451,8
39309,16.690636,7.189248,0
39310,-4.0156755,10.5376835,7
39311,10.338083,2.2499835,5
39312,6.6085057,5.527649,3
39313,11.647354,4.7945733,6
39314,-3.582504,11.254188,7
39315,-0.27844673,6.2186646,8
39316,2.9738169,12.1853695,7
39317,5.335124,4.461065,3
39318,10.295517,4.968526,6
39319,-1.8428038,10.361757,9
39320,11.444117,5.7338314,6
39321,16.162907,6.5386987,0
39322,1.4278519,7.014387,8
39323,3.892644,-1.3626177,2
39324,-0.5253294,13.935785,4
39325,5.8190155,4.95054,3
39326,14.945912,8.5344095,0
39327,-4.2086787,9.683547,3
39328,-1.6700308,-3.5015428,1
39329,5.191146,5.4488745,3
39330,1.6868026,-0.18472989,2
39331,-1.7694929,10.12823,9
39332,10.258233,3.685761,6
39333,-1.892213,10.243647,9
39334,14.939871,8.406181,0
39335,2.519355,5.2231345,5
39336,10.726401,5.4813814,6
39337,11.098026,2.5641263,6
39338,2.7277794,-0.106233,2
39339,-1.3342278,15.126047,4
39340,10.1250725,4.44675,6
39341,-1.3746982,15.029293,4
39342,-3.6350355,8.585948,2
39343,4.7737017,-1.0775552,2
39344,1.3394682,7.500811,8
39345,-4.32513,8.95921,7
39346,15.421544,8.665883,0
39347,16.404507,6.3649673,0
39348,-4.296767,10.314836,7
39349,5.832275,4.1830006,3
39350,0.6393891,6.9401894,8
39351,-1.1607347,10.552774,9
39352,-1.3793638,-2.172566,1
39353,11.164271,2.5700605,6
39354,-3.1436045,-2.2731376,1
39355,-1.964184,15.28536,8
39356,11.479014,6.417654,6
39357,-3.246649,8.983054,7
39358,-3.2253773,10.739866,7
39359,5.008817,5.070154,3
39360,15.415874,6.473873,0
39361,-1.2023976,15.248198,4
39362,-0.9380403,-4.042351,1
39363,16.824455,7.641686,0
39364,-3.4063873,-0.82812506,1
39365,-1.3373001,15.309214,4
39366,6.693576,5.526672,3
39367,-3.9844463,1.6997701,1
39368,0.65743893,14.601647,4
39369,11.53377,3.5719426,6
39370,1.0908891,11.774548,9
39371,-4.0150375,9.685663,7
39372,11.453199,6.225944,6
39373,-0.9532304,10.168964,8
39374,3.7253807,7.1289334,5
39375,-1.1607382,14.953414,4
39376,14.36877,8.280055,0
39377,-0.96668106,10.360345,9
39378,10.031238,2.8209147,8
39379,11.001129,3.3712387,6
39380,5.2483335,7.418348,5
39381,3.182392,5.5572405,5
39382,1.022918,7.2863483,8
39383,11.459235,3.0884802,6
39384,6.7191277,6.248018,3
39385,11.613965,3.311838,6
39386,1.004365,14.129133,4
39387,-4.026117,9.804065,7
39388,10.814777,5.555996,6
39389,-0.60791254,5.197361,8
39390,-3.5157375,8.753091,7
39391,-0.24960329,6.2032895,8
39392,2.1658552,-0.9751869,2
39393,-3.5159235,0.8929226,1
39394,10.51574,3.790098,6
39395,-0.59819245,6.013947,8
39396,1.0946907,13.955869,4
39397,3.206531,5.317675,3
39398,2.715917,-0.82390547,2
39399,-4.4007444,9.036695,7
39400,3.0059907,6.0784707,5
39401,-4.3157287,8.5987425,7
39402,-2.39423,-2.9493175,1
39403,-3.621989,1.2037903,1
39404,-0.23637633,13.094101,4
39405,2.2989807,4.378998,5
39406,10.452661,4.035077,6
39407,16.734982,7.282818,0
39408,2.0613418,-0.41286406,2
39409,2.5047467,4.660698,5
39410,3.2588358,6.42266,5
39411,3.6978533,0.11841397,2
39412,6.052431,6.688939,3
39413,-2.0335913,15.250817,4
39414,0.93400997,14.161564,4
39415,5.7303643,3.6810632,3
39416,3.6233387,7.007371,5
39417,-3.8317294,1.9373827,1
39418,1.1886898,12.134089,9
39419,-0.98763216,5.9157324,8
39420,3.275171,-1.2089921,2
39421,4.6500735,-0.41308272,2
39422,14.57824,7.506663,0
39423,-3.908736,8.4922695,9
39424,3.7381861,6.290357,5
39425,-3.6845276,8.567998,9
39426,-4.8358984,9.161009,7
39427,2.6196854,4.7007756,5
39428,-1.8762678,10.382983,9
39429,4.5612297,-0.17429404,2
39430,9.914168,3.804084,6
39431,11.413556,2.758157,6
39432,0.7503266,5.921644,8
39433,-1.6750234,15.205614,4
39434,1.930939,-0.9416262,2
39435,-1.8295237,15.15304,4
39436,4.8300643,6.5891285,5
39437,-4.125712,1.9687392,1
39438,1.5125985,7.6431913,8
39439,-3.7804239,8.249282,7
39440,10.25851,3.2156987,6
39441,-3.830152,2.2118645,1
39442,0.7456088,7.4696116,8
39443,-2.0337186,15.054836,4
39444,-3.873341,1.3920002,1
39445,5.364526,4.1220202,3
39446,14.570698,8.519366,0
39447,-0.6594604,10.653392,9
39448,0.7530394,12.302626,9
39449,-3.7489095,8.2544155,7
39450,1.1440846,6.6196094,8
39451,-3.9051523,2.3442655,1
39452,5.409716,5.093854,3
39453,4.046548,-0.047652062,2
39454,-2.9596264,-2.4519303,1
39455,11.611709,3.6428046,6
39456,1.2493044,6.5330524,8
39457,16.63133,7.529517,0
39458,-0.35359702,13.649061,4
39459,-5.007135,10.614756,7
39460,3.7245407,5.9103794,5
39461,5.5987334,4.4664807,3
39462,-1.8407704,-1.3978376,1
39463,15.309322,7.4412384,0
39464,-1.2113286,11.428924,9
39465,-3.5008824,-0.3559705,1
39466,11.124049,4.3778887,6
39467,2.5567882,0.23124178,2
39468,4.425337,7.1802664,5
39469,6.522244,4.6814404,3
39470,2.676845,-1.4191924,2
39471,-0.3061564,14.446912,4
39472,0.5378098,12.358836,9
39473,3.3485198,4.916417,5
39474,14.095052,6.254897,0
39475,10.622546,4.460557,6
39476,3.1966038,-0.5422014,2
39477,-4.795469,10.186869,7
39478,0.6954245,6.968611,8
39479,-0.10590714,6.087827,8
39480,2.305721,12.900335,9
39481,-1.2669443,10.951975,9
39482,2.666701,4.9956527,5
39483,14.842029,6.5112867,0
39484,-1.9762025,-3.9223955,1
39485,-2.0847938,-1.9814439,1
39486,11.584578,6.3771224,4
39487,3.354554,0.6583472,2
39488,3.5277827,-1.5206441,2
39489,6.7197328,4.5019784,3
39490,-4.8276196,9.7343025,7
39491,-1.0393416,14.453059,4
39492,-0.840669,14.178907,4
39493,3.2909226,5.201422,5
39494,14.174649,7.141264,0
39495,11.0894165,5.366953,6
39496,11.404953,5.138453,6
39497,-3.5722458,9.0308075,7
39498,14.346141,7.2793913,0
39499,0.18039003,5.9591994,8
39500,-3.312204,10.259804,7
39501,-1.4154657,11.051408,9
39502,3.1422288,6.84065,5
39503,14.834796,6.665536,0
39504,15.179732,6.5134606,0
39505,-2.9455297,-0.53231627,1
39506,9.885319,3.166497,6
39507,3.1003633,-0.41258037,2
39508,10.724772,4.5028687,6
39509,5.6256623,4.4173093,3
39510,4.049484,-1.6241175,2
39511,-1.5472717,14.74919,4
39512,-2.0337887,-1.3634006,1
39513,3.3261447,5.538497,5
39514,1.1301754,13.8444,4
39515,11.031125,4.68414,6
39516,2.8695314,6.459736,5
39517,-4.879707,9.796889,7
39518,3.3314462,0.5736985,2
39519,-0.19932087,5.377328,8
39520,4.9603887,5.248613,3
39521,-1.5122772,10.223164,9
39522,1.7065945,14.491028,4
39523,-4.810657,9.827584,7
39524,-4.811205,11.891358,7
39525,-1.6319308,13.813069,4
39526,6.2286925,7.559504,5
39527,14.301261,6.0907803,0
39528,10.160509,2.5967453,6
39529,-0.11992219,14.574408,4
39530,0.5436409,6.598296,8
39531,14.337072,6.217703,0
39532,-0.5502954,11.090778,9
39533,-3.1763198,-0.48156458,1
39534,-5.1227503,12.089741,7
39535,-4.342862,9.920741,7
39536,-1.8171271,14.091707,4
39537,-1.7722645,10.833769,9
39538,-1.3325099,11.672714,9
39539,3.1460454,6.111684,5
39540,-3.5303974,10.988165,7
39541,-2.3968654,-1.3973576,1
39542,-2.8052242,-1.9841859,1
39543,-1.1179224,14.365294,4
39544,-4.829181,10.369136,7
39545,3.1853182,0.26011285,2
39546,-1.0367848,-3.8215425,1
39547,-0.1748678,7.0377846,8
39548,-0.34641862,15.198718,4
39549,-1.3869959,11.403302,9
39550,-2.9211154,0.5092109,1
39551,0.13661481,15.054423,4
39552,-2.1352983,-2.173518,1
39553,5.656066,4.2391276,3
39554,-3.337615,-1.5269028,1
39555,-3.6922972,0.22712018,1
39556,3.1370544,6.458051,5
39557,-4.5607285,10.292344,7
39558,-0.5672466,13.7223835,4
39559,-0.5502412,5.5835705,8
39560,-0.96420914,-4.088475,1
39561,3.4307458,0.6658285,2
39562,5.1650777,7.7230196,5
39563,-0.95492536,14.582959,4
39564,14.222552,6.0814824,0
39565,5.3159084,4.3580537,3
39566,6.741974,5.7254963,3
39567,10.098863,3.2244616,6
39568,-1.4278134,-3.3014126,1
39569,-1.3154427,11.151769,9
39570,14.61807,7.978312,0
39571,-1.7514615,10.471319,9
39572,3.4525638,-0.2507882,2
39573,4.165018,5.838264,5
39574,4.1616187,6.67595,5
39575,0.52447516,6.1411915,8
39576,-1.246918,11.861375,9
39577,10.278866,3.8917854,6
39578,0.24328859,12.311469,9
39579,-3.3758862,9.466075,7
39580,-5.192893,9.868173,7
39581,15.239301,6.8959103,0
39582,1.9577228,-0.869616,2
39583,10.855086,3.9225323,6
39584,1.3954301,14.5117855,4
39585,0.16344538,5.434485,8
39586,-4.0337076,11.365755,7
39587,3.129227,-0.36762136,2
39588,1.3426934,12.122119,9
39589,11.096514,4.376008,6
39590,-1.7338493,13.899281,4
39591,5.5594964,4.493018,3
39592,3.9913273,-1.0494089,2
39593,-2.0129213,9.801327,9
39594,-1.7404988,-2.9853954,1
39595,5.5719833,3.979061,3
39596,1.4488875,7.714901,8
39597,2.4374728,0.28376448,2
39598,-0.8565823,11.067366,9
39599,-0.07147277,6.370738,8
39600,14.571173,5.528776,0
39601,10.83272,4.4926744,6
39602,-0.5075972,6.313989,8
39603,-3.8338692,-0.24996461,1
39604,1.4050736,7.2072496,8
39605,-4.735224,9.670418,7
39606,15.472507,7.437301,0
39607,-1.0413465,14.805245,4
39608,1.2381064,6.8380275,8
39609,-0.122446574,6.3905244,8
39610,10.462234,4.1081696,6
39611,0.2656867,5.798588,8
39612,14.930115,6.5118384,0
39613,-0.93260646,10.819488,9
39614,-1.2656394,10.969976,9
39615,15.689918,7.122603,0
39616,-4.1870484,11.541039,7
39617,6.7109985,4.4803767,3
39618,5.0950174,5.1178875,3
39619,6.722855,4.512783,3
39620,15.508689,8.23307,0
39621,-1.449494,11.015608,9
39622,-1.4564582,-3.9456792,1
39623,14.585133,7.260393,0
39624,16.021538,8.296927,0
39625,3.438712,5.9626613,5
39626,10.82329,5.492867,6
39627,3.0671494,0.4984509,2
39628,14.467782,7.7074103,0
39629,2.827411,4.939117,5
39630,11.561819,6.13054,6
39631,11.043301,4.869004,0
39632,10.830755,3.3077216,6
39633,-0.23928231,10.964051,9
39634,0.7141236,13.927207,4
39635,-0.9717543,14.238467,4
39636,-0.6963095,14.125032,4
39637,-3.976005,-0.05078174,1
39638,0.14750667,14.573174,4
39639,14.524694,5.599996,0
39640,1.2494206,12.067763,9
39641,5.4416094,4.496867,3
39642,1.4634297,11.80849,9
39643,-3.3826847,9.079741,7
39644,3.7547412,-1.8233716,2
39645,2.8056502,5.3034678,5
39646,-2.5359285,-3.4039738,1
39647,0.039636914,5.586939,8
39648,1.8391805,12.755563,9
39649,-5.1124196,10.656237,7
39650,16.601086,8.175038,6
39651,-4.7583447,9.731667,7
39652,-3.2847104,-0.398507,1
39653,-0.29564574,6.307111,8
39654,-0.4043692,12.068248,9
39655,2.9185264,-0.26584345,2
39656,11.688551,6.169947,0
39657,-1.3005681,11.421535,9
39658,-0.25001493,5.672334,8
39659,-3.7348354,9.123308,7
39660,0.834452,12.553746,9
39661,-3.4209015,-0.29164323,1
39662,1.863579,7.385299,8
39663,2.6476116,0.4427164,2
39664,15.6846075,8.181804,0
39665,10.349722,3.7083583,6
39666,5.022922,7.4313884,5
39667,-0.7734797,14.856765,4
39668,1.1112132,12.528449,8
39669,2.1718721,0.1665832,2
39670,-1.5172068,13.75733,4
39671,3.2236836,5.6825113,5
39672,-3.1043105,10.794473,7
39673,2.9481616,0.48419037,2
39674,-0.1868455,13.258247,4
39675,5.9989443,4.448853,3
39676,-4.1535287,9.534933,7
39677,10.43144,4.668326,6
39678,-0.42446837,-4.2982154,3
39679,10.044686,3.1680787,6
39680,0.61809736,13.423716,4
39681,3.2315044,5.9867907,5
39682,2.0803263,0.060374204,2
39683,10.744324,4.612719,0
39684,-2.3461607,-3.2546554,1
39685,14.316,6.218357,0
39686,6.9759502,6.2038064,3
39687,-5.222579,10.963989,7
39688,2.7341204,-1.2375245,2
39689,3.207994,6.070993,5
39690,-1.6008835,13.29521,4
39691,3.147762,-0.43954986,2
39692,0.70479536,11.570899,9
39693,-0.28187725,6.3368626,8
39694,1.5644959,12.203433,9
39695,-3.8118606,-0.43480918,1
39696,5.7717757,5.3062506,3
39697,10.116964,3.2339926,6
39698,4.1449084,-0.80528384,2
39699,-4.1593823,1.0758585,1
39700,3.514664,7.3332067,5
39701,15.416603,5.903316,0
39702,0.0063105375,12.367854,9
39703,-1.5815034,15.169557,4
39704,6.631136,6.1912036,3
39705,5.677167,3.5628052,3
39706,5.9257874,6.298277,3
39707,-3.0785046,0.93208116,1
39708,-3.3810577,8.936396,2
39709,10.054092,3.2485743,6
39710,15.4534645,8.839017,0
39711,-4.152188,0.6713842,1
39712,-4.2845626,11.830296,7
39713,-2.167637,9.5790415,9
39714,15.750897,7.2814918,0
39715,15.592396,7.4352546,0
39716,-2.4607675,-3.4775846,1
39717,-1.5958017,-2.086445,1
39718,-0.9003211,11.346165,9
39719,3.5658622,-0.59857154,2
39720,-0.2161522,14.346111,4
39721,6.3340406,4.7036333,3
39722,5.785305,7.743059,5
39723,0.70811087,14.472119,4
39724,-0.6382144,10.499319,9
39725,3.9587042,5.306302,5
39726,2.1206744,0.3202118,2
39727,10.084591,2.7325466,6
39728,6.8374133,6.1341248,3
39729,-5.1170645,10.00604,7
39730,0.82766354,14.86923,4
39731,-0.87584436,5.1381197,8
39732,1.0834564,13.150865,9
39733,-0.23148526,10.810268,9
39734,3.0539458,-1.3100445,2
39735,15.560385,8.088437,0
39736,11.828037,5.8391485,6
39737,-3.5340815,-0.28828079,1
39738,-0.33215353,12.954332,4
39739,4.535567,-1.5182952,2
39740,14.199729,6.9007125,0
39741,6.497717,4.115692,3
39742,9.997257,4.075906,6
39743,-0.23618844,14.460138,4
39744,6.0050855,5.947517,3
39745,2.7517965,4.538344,5
39746,14.238698,6.3064504,0
39747,10.361006,2.339847,6
39748,4.6020737,6.517306,5
39749,-4.885114,9.132841,7
39750,2.0900254,12.725951,9
39751,-0.8745665,5.07948,8
39752,-2.977362,10.348407,7
39753,-2.0485654,9.711896,9
39754,0.45356485,12.011733,9
39755,15.840154,8.18893,0
39756,0.82502913,5.8913465,8
39757,-4.1150446,2.7110991,1
39758,14.155672,7.9941645,0
39759,4.7997065,-0.76010495,2
39760,-4.4451103,9.76393,7
39761,5.734876,3.8586128,3
39762,-0.13249712,11.41535,9
39763,-1.0749266,15.162547,4
39764,0.86284393,5.9132047,8
39765,2.7785082,4.600196,5
39766,11.292406,4.2730885,6
39767,10.2189245,2.662723,6
39768,5.1443396,5.9088364,3
39769,-4.5421643,9.25499,7
39770,6.072286,5.1957507,3
39771,-0.9539759,5.033358,8
39772,3.0768077,-0.412924,2
39773,2.7007787,4.515897,5
39774,6.7687902,6.2528186,3
39775,16.565817,7.9307055,0
39776,-1.0492262,-3.3589334,1
39777,10.617342,2.3098054,6
39778,6.1995616,7.5468025,8
39779,-0.9245809,5.0623417,8
39780,3.5402637,5.537624,5
39781,-0.9652005,10.166125,9
39782,-2.6888006,-3.3533626,1
39783,-1.4629804,14.126553,4
39784,-4.1749167,11.25093,7
39785,-3.1188478,0.52360916,1
39786,5.473282,4.7908487,3
39787,-0.70487463,10.222406,9
39788,14.157553,8.029226,0
39789,15.5541725,8.090714,0
39790,2.7428005,-0.057100307,2
39791,-1.358243,14.148021,4
39792,10.042854,3.545966,6
39793,-0.95747286,5.1025124,8
39794,2.627256,0.20816723,2
39795,-0.7220576,10.0509205,9
39796,-3.2683532,-1.821386,1
39797,-3.8467546,2.1063027,1
39798,5.084288,5.37798,3
39799,-1.2604793,15.210289,4
39800,14.143723,7.7868843,0
39801,15.381614,6.1251683,0
39802,-0.83304983,10.607441,9
39803,3.3959773,4.988748,5
39804,5.6879835,6.7077093,3
39805,-3.1671429,-2.1302516,1
39806,1.6152265,-0.010444497,8
39807,3.805294,5.145571,5
39808,5.384701,7.358543,5
39809,-0.3290862,14.458896,4
39810,3.0807042,-1.3875908,2
39811,15.395338,7.5813937,0
39812,1.594615,14.526731,4
39813,-5.267956,10.113945,7
39814,6.0448575,5.775312,3
39815,10.626222,3.3972003,6
39816,0.99635124,11.503464,9
39817,14.794472,7.032147,0
39818,-2.0996065,-2.5113182,1
39819,-3.7810752,0.76148427,1
39820,4.9218864,5.028088,3
39821,-4.5622716,9.539739,7
39822,-2.949051,11.146286,9
39823,15.901594,7.82139,0
39824,10.466619,3.1848252,6
39825,10.659086,3.215096,6
39826,-5.1778035,11.213507,7
39827,-0.6928003,5.2863092,8
39828,-2.8917758,-1.3513782,1
39829,-1.5443845,9.732636,9
39830,-0.38792259,-4.344707,1
39831,2.75454,4.570524,5
39832,2.2781036,7.4147854,8
39833,-0.83325577,15.290298,4
39834,-1.8300984,10.35591,9
39835,-4.5933914,9.115586,7
39836,6.88198,5.019096,3
39837,11.172903,3.449395,6
39838,-0.6760217,-4.0490746,1
39839,16.021051,6.704075,0
39840,2.0727346,-0.0725133,2
39841,-0.8486667,5.0938754,8
39842,0.20119283,12.240597,9
39843,-4.123292,1.8746567,1
39844,0.93831867,13.770907,4
39845,-4.4604435,9.228808,7
39846,-2.6177964,-1.8766015,1
39847,-4.632011,9.36844,7
39848,11.732558,6.054198,0
39849,-3.9832401,1.4469974,1
39850,14.134266,7.142987,0
39851,6.6601315,3.8347466,3
39852,5.739618,5.2579174,3
39853,3.736967,0.14847073,2
39854,15.108635,8.035131,0
39855,6.048905,6.0272565,3
39856,14.934868,7.1155033,0
39857,-3.140028,0.9054566,1
39858,4.9631453,7.880267,5
39859,16.02623,8.171797,0
39860,1.7849672,-0.7335362,2
39861,16.006746,8.406823,0
39862,3.842682,-0.6478876,2
39863,-1.5424925,10.305659,7
39864,0.6207431,5.5720024,8
39865,-0.869714,5.0586443,8
39866,0.6380878,13.405871,4
39867,-1.2350338,15.296408,4
39868,-4.0576215,10.330359,7
39869,-1.3584849,10.061162,9
39870,11.14485,5.6583157,6
39871,6.5455527,3.9342804,3
39872,1.5660474,6.4835978,8
39873,-0.9847784,5.0751,8
39874,14.989312,8.898299,0
39875,-1.7600704,15.351301,4
39876,1.2718542,6.8519692,8
39877,-1.5422394,9.332283,7
39878,-2.8718941,-2.6668875,1
39879,4.6562953,-0.7479778,2
39880,-3.9166107,11.187425,7
39881,3.6789446,5.8518467,5
39882,0.22753714,6.626997,8
39883,11.103807,2.8136518,6
39884,5.471473,5.9018197,3
39885,6.109802,3.6311069,3
39886,-1.52262,13.613411,4
39887,10.424539,2.6439955,6
39888,-3.014642,-2.3688052,1
39889,-1.0593725,10.673204,9
39890,15.926904,6.3281097,0
39891,-1.0684397,13.228573,4
39892,4.5284686,-1.6942636,2
39893,10.622251,3.7371805,6
39894,-1.0072873,13.864997,4
39895,-1.2845687,10.46637,9
39896,-2.01453,-2.52219,1
39897,16.205246,6.997883,0
39898,15.241625,7.4892445,0
39899,3.8146145,0.19476053,2
39900,6.597478,4.847993,3
39901,3.3254988,4.6294293,5
39902,1.3478274,7.4312663,8
39903,3.2828588,4.8224764,5
39904,5.999963,6.6074495,3
39905,-3.8424513,2.1170096,1
39906,15.743383,8.220104,0
39907,6.569751,4.0556107,3
39908,10.210628,4.230689,6
39909,6.035753,3.3201804,3
39910,5.3269434,7.534174,5
39911,-1.1898167,10.583902,9
39912,-3.346395,0.0552487,1
39913,-1.1024845,10.976618,7
39914,2.3473282,-0.8899105,2
39915,-0.90567094,5.224375,8
39916,-0.6798627,13.250322,4
39917,-4.5809374,9.295336,7
39918,4.5508113,-1.5203954,2
39919,4.701638,-0.8552,2
39920,-3.5405731,9.253842,7
39921,3.6869993,0.29179394,2
39922,0.6086144,7.08617,8
39923,2.7742066,4.575039,5
39924,0.8521789,12.595346,9
39925,-4.842722,9.349955,7
39926,0.9573276,7.3798027,8
39927,-0.8581924,10.08956,9
39928,5.025813,5.5075793,3
39929,3.9753609,-0.06800033,2
39930,3.674316,-1.5900885,2
39931,-4.258548,0.9510103,1
39932,-0.7938771,11.0933485,9
39933,6.016424,4.1505914,3
39934,10.179648,3.320459,6
39935,14.646146,6.5263023,0
39936,-2.7878075,-1.6085216,1
39937,-3.8493347,-0.35908982,1
39938,-0.22566718,5.2156,8
39939,2.1647017,0.047685806,2
39940,3.8401418,7.1125493,5
39941,5.739685,5.0913277,3
39942,-0.2208664,10.618802,9
39943,-0.6871512,12.979743,4
39944,14.9872,6.690826,0
39945,5.174346,6.549188,5
39946,4.7548685,7.189245,5
39947,11.583951,5.111646,6
39948,0.15618348,5.874118,8
39949,-4.899402,9.667103,7
39950,-1.2624089,-4.386586,1
39951,-0.11981344,6.333326,8
39952,6.0450754,7.5689473,5
39953,-0.79930794,10.895052,9
39954,0.5738537,14.264288,4
39955,16.152315,6.325373,0
39956,15.25224,8.053877,0
39957,-3.0649476,-0.69810706,1
39958,4.538251,7.3700595,5
39959,3.2074997,0.17306045,2
39960,14.742813,8.493691,0
39961,6.352637,4.1373806,3
39962,5.8682976,7.5245457,5
39963,-1.0279342,13.23726,4
39964,3.441741,6.9522533,5
39965,3.8571768,5.324214,5
39966,3.7307987,6.8854933,5
39967,10.746202,3.1859057,6
39968,15.665623,7.701295,0
39969,-4.95157,9.864458,7
39970,3.5931847,-1.3863393,2
39971,-0.7051479,6.2233925,8
39972,4.564238,7.0141945,5
39973,-0.75391275,10.781262,9
39974,1.2391376,12.567101,9
39975,15.905181,6.8944116,0
39976,-0.88044125,13.855648,4
39977,-2.91692,0.15115461,1
39978,4.8550563,6.5366817,5
39979,2.931185,0.016542159,2
39980,-3.496784,0.087896995,1
39981,5.924382,3.8660028,3
39982,5.1706114,4.47516,3
39983,-1.3617254,13.648162,4
39984,-1.303068,-4.1175117,1
39985,4.1251707,6.174846,5
39986,-2.1578526,-1.3143144,1
39987,10.64413,3.8677707,6
39988,-2.3904026,-0.88760906,1
39989,-4.2545977,9.113732,7
39990,-0.05595566,14.414038,4
39991,0.21634561,5.775341,8
39992,14.53475,8.623872,0
39993,-1.3039228,10.361652,9
39994,1.6840516,7.9242525,8
39995,0.49797252,7.5737176,8
39996,3.6632552,7.078365,5
39997,-0.62894714,10.597809,9
39998,1.252649,12.433108,9
39999,4.614247,5.9049416,5
40000,-4.303609,8.623955,7
40001,-4.405488,9.049793,7
40002,15.0925045,7.244459,0
40003,15.89666,6.088708,0
40004,-2.955198,-1.5194517,1
40005,6.342938,3.70247,3
40006,1.611074,12.184644,9
40007,-3.0734296,0.9159585,1
40008,1.3023318,6.2334757,5
40009,11.700861,5.074703,6
40010,11.771233,4.552509,6
40011,-0.4831482,6.017912,8
40012,1.5774994,7.5868363,8
40013,-1.3666213,14.509947,4
40014,5.336889,7.232087,5
40015,-3.3693779,0.49529707,1
40016,1.8130245,7.14969,8
40017,-4.5519524,8.612665,7
40018,-4.223899,10.859161,7
40019,11.670462,3.87807,6
40020,5.154019,4.8000765,3
40021,3.5397167,4.8580136,5
40022,1.7108272,7.3437014,8
40023,11.843121,4.6131167,6
40024,-1.9560728,-3.4352725,1
40025,-1.7388684,14.1604395,4
40026,0.4863295,12.318221,9
40027,3.8701136,-0.8229593,2
40028,0.85802305,12.3861885,9
40029,-4.8967376,9.96069,7
40030,0.21359393,13.197199,4
40031,-0.5272691,5.9173803,8
40032,3.9917321,7.1611004,5
40033,-4.0036535,-0.23258124,1
40034,11.632398,5.41864,6
40035,6.186833,3.9090195,3
40036,11.09212,4.986182,6
40037,3.654935,-0.75600487,2
40038,14.747042,6.528879,0
40039,15.783223,6.779522,0
40040,14.696372,8.842973,0
40041,4.5772195,5.966726,5
40042,15.474506,8.932781,0
40043,15.372925,6.0648255,0
40044,3.0949764,-0.18752901,2
40045,-2.7825074,-0.6166718,1
40046,-4.1450644,11.1651945,7
40047,-1.1616322,10.564315,9
40048,1.4632015,7.453343,8
40049,2.7507737,0.008668291,2
40050,-1.9789603,10.216036,9
40051,6.3948393,4.2183695,3
40052,-0.45280364,-4.437845,1
40053,3.6058877,-0.92469037,2
40054,2.7748272,-0.10805353,2
40055,6.287,4.3502855,3
40056,-2.1221087,-3.6157682,1
40057,4.796903,6.0897136,5
40058,-3.3902812,-1.312569,1
40059,3.6530738,5.3471346,5
40060,-4.0333285,8.614214,7
40061,-4.0910106,9.579287,7
40062,0.017903747,14.198298,4
40063,-1.7054554,10.501211,9
40064,1.3996074,6.281324,8
40065,-0.897604,11.068104,9
40066,1.0639037,14.146,4
40067,-4.4185305,9.540813,7
40068,5.890986,4.796623,3
40069,-3.2336226,-0.23937413,1
40070,-3.1947544,9.873548,7
40071,-2.474808,-0.71353173,1
40072,9.884114,3.0392017,6
40073,-1.1906353,10.485172,9
40074,15.773031,8.69134,0
40075,15.512476,5.844131,0
40076,2.8742087,-1.2278578,2
40077,-4.474001,9.174979,7
40078,4.9641485,5.3862143,3
40079,6.3943734,3.7211094,3
40080,-4.832107,10.602558,7
40081,-1.3929979,14.31487,4
40082,14.684116,8.04436,0
40083,-0.019640608,6.68869,8
40084,3.909196,-1.45523,2
40085,10.750707,3.3050265,6
40086,-1.060344,-4.395605,1
40087,6.3063846,3.764934,3
40088,5.230671,7.043874,5
40089,0.0066465484,5.858327,8
40090,2.8787966,-0.5004412,2
40091,16.249622,6.4061913,0
40092,0.62742436,5.6095443,8
40093,11.782801,4.1456265,6
40094,0.6872257,14.676967,4
40095,2.2569547,-0.014284232,2
40096,2.5507975,-0.11150116,2
40097,-1.975597,-1.5935558,1
40098,-2.18666,-0.87119186,1
40099,15.506469,6.8546104,0
40100,1.3623387,7.351337,3
40101,-2.625557,-1.864254,1
40102,-0.5083723,10.925186,9
40103,15.934083,6.5439315,0
40104,4.9204736,4.600811,3
40105,11.09572,4.9160976,6
40106,0.48797312,7.0285807,8
40107,2.2594779,0.0051194504,2
40108,15.095286,8.510722,0
40109,6.397226,3.8333852,3
40110,0.70357263,6.684802,8
40111,0.86894983,6.0539975,8
40112,-2.8066802,-3.1206436,4
40113,-1.3815216,10.221072,9
40114,-4.100014,10.76976,7
40115,15.359396,6.416816,0
40116,1.0947181,14.41575,4
40117,-4.5716968,9.881373,7
40118,-5.4323425,10.422483,7
40119,3.1311145,0.19452892,2
40120,3.1139412,-1.2843204,2
40121,6.2214336,4.031349,3
40122,14.53861,7.6510234,0
40123,-1.3400688,14.425818,4
40124,9.815604,3.4982915,6
40125,3.96315,5.3123465,5
40126,-1.3399338,10.304793,9
40127,4.6734962,6.227906,5
40128,0.43133995,11.569463,9
40129,2.9887695,-0.25972617,2
40130,0.37893912,13.695874,4
40131,0.20545007,5.747237,8
40132,-2.9798408,-1.751418,1
40133,4.23345,6.1232743,5
40134,1.1526203,7.2959595,8
40135,-1.6276217,13.809385,4
40136,2.2302017,12.552893,9
40137,11.165492,4.659456,6
40138,2.3575377,4.731507,8
40139,10.891391,3.6811497,6
40140,-2.975717,-2.3776758,1
40141,10.6999,3.8389087,6
40142,-2.7278626,-0.73626995,1
40143,-4.119155,10.522229,7
40144,5.723018,5.862337,5
40145,-1.1640489,10.37493,9
40146,1.3025204,5.8094025,8
40147,-2.216958,-1.1944673,1
40148,-0.7461031,-3.3239908,1
40149,0.0386243,6.405201,8
40150,15.245688,8.597443,0
40151,3.5064912,-0.40224296,2
40152,3.7583847,-1.9035593,2
40153,-2.870392,-1.12279,1
40154,3.7475824,6.6723757,5
40155,3.8182683,-0.7322849,2
40156,0.6158006,14.082106,4
40157,11.404134,4.831243,6
40158,6.4685717,6.9516606,8
40159,4.3959737,6.3217497,5
40160,3.4116168,-1.9106746,2
40161,5.981645,3.615056,3
40162,14.996798,8.592365,0
40163,-1.7556949,14.132021,4
40164,1.3755168,14.278293,4
40165,-3.6461215,8.714171,7
40166,5.632563,5.4413643,3
40167,-1.605988,9.911546,9
40168,0.17202595,15.06897,4
40169,-0.84766984,13.054404,4
40170,-4.5716386,12.009692,7
40171,15.479456,5.86987,0
40172,4.384107,6.719889,5
40173,15.110869,7.582419,0
40174,0.7650353,12.24865,9
40175,4.334356,6.121798,5
40176,11.376767,5.5948253,6
40177,-1.8640879,10.007479,9
40178,-2.4976344,-3.481348,1
40179,16.076578,7.136678,0
40180,14.326624,8.172353,0
40181,-4.1783004,0.6517254,1
40182,2.9638321,5.0344696,5
40183,2.841701,-0.50084424,2
40184,5.7731304,5.040988,3
40185,5.68483,4.6667027,3
40186,-5.2512407,11.515004,7
40187,-1.4758205,14.357672,4
40188,14.3786,8.568353,0
40189,3.9158785,6.310081,5
40190,-2.2822025,-3.56607,1
40191,10.805246,2.35421,6
40192,0.9143533,6.44596,8
40193,-4.9467416,10.427751,7
40194,4.1182113,6.5264645,5
40195,0.19878998,5.610697,8
40196,-1.2550188,-3.1432378,1
40197,-1.6406962,10.48535,9
40198,2.4597769,-1.4192027,2
40199,16.32986,7.2611575,0
40200,15.718457,8.133327,0
40201,-3.6064014,0.9710814,1
40202,4.8757863,5.383751,3
40203,2.8542707,-0.39187086,2
40204,-4.6059885,11.402996,7
40205,5.567026,4.3454237,3
40206,4.1073055,-1.208556,2
40207,4.933372,7.3751154,5
40208,16.419714,8.322098,0
40209,10.236458,3.0566463,6
40210,-2.0163758,-1.1687416,1
40211,-3.995226,9.673662,7
40212,2.1160173,-0.643653,2
40213,-0.066128045,5.411521,8
40214,-4.9827085,10.921756,7
40215,-1.3335375,10.096498,9
40216,-0.4378728,10.434474,7
40217,16.712276,6.9216075,0
40218,14.591563,7.3120203,0
40219,-3.870703,1.876653,1
40220,-3.3536851,-1.0456973,1
40221,4.4208865,-0.4181181,2
40222,-4.670075,9.992583,7
40223,5.5001726,4.001351,3
40224,1.7950437,14.4959345,4
40225,-1.3656815,15.127711,4
40226,-0.33784583,12.994694,4
40227,4.0100393,6.2999578,5
40228,16.511131,7.875271,0
40229,10.767937,2.593198,6
40230,11.809744,6.134783,6
40231,-4.5205774,8.72132,7
40232,-4.087861,11.194114,7
40233,-0.607837,5.6405015,8
40234,0.37077144,14.93655,4
40235,-1.5373938,9.583072,9
40236,0.12624812,14.100819,4
40237,15.879003,6.377185,0
40238,-0.5286568,12.867105,4
40239,-4.122214,8.999352,7
40240,14.794537,5.4345584,0
40241,16.053019,6.3319707,0
40242,-5.406544,10.43293,7
40243,-4.482876,8.717941,7
40244,10.015138,4.201196,6
40245,-0.018286224,5.8177104,8
40246,14.87445,6.94805,0
40247,5.506156,3.9586895,3
40248,-2.962519,-2.0238032,1
40249,16.299562,6.635125,0
40250,0.0020318034,11.72402,9
40251,15.999168,7.151478,0
40252,1.1983558,7.2915955,8
40253,4.0086303,6.2196884,5
40254,5.39357,4.5726376,3
40255,3.9627433,5.500399,5
40256,6.5193233,4.9240656,3
40257,5.8055167,3.8859904,3
40258,4.2939672,7.3938394,5
40259,-3.6182952,8.112831,8
40260,15.568744,7.892559,0
40261,-0.37996486,5.3250456,8
40262,14.837162,7.853227,0
40263,-4.237522,0.5399297,1
40264,5.6238923,6.4852376,9
40265,-0.67537254,5.4316087,8
40266,15.461085,8.166291,0
40267,-2.0670593,14.890081,4
40268,5.6487494,7.4653187,5
40269,-1.248793,10.041495,9
40270,1.8748959,12.793878,9
40271,10.8049,2.8187094,6
40272,3.5228953,-1.677361,2
40273,-3.234664,1.1666594,1
40274,1.0476725,6.7803345,8
40275,-0.74638945,5.9903297,8
40276,-2.580739,-2.9172096,1
40277,15.924187,7.0978923,0
40278,9.948565,3.1252096,6
40279,2.5542822,-0.46689257,2
40280,10.237552,3.916117,0
40281,6.3309956,3.9618764,3
40282,10.580829,5.3797297,6
40283,-1.0301486,10.063742,9
40284,14.46503,6.8052855,0
40285,-2.132433,14.548394,4
40286,15.080621,8.961174,0
40287,-3.2309992,1.2203339,1
40288,-1.0002767,12.21616,4
40289,2.7323163,-0.44441116,2
40290,3.608023,7.1619153,5
40291,3.948154,6.2440987,5
40292,-1.7362947,10.43052,9
40293,-1.1435901,10.73491,9
40294,-1.8850048,-3.9252698,1
40295,-0.33515164,5.307274,8
40296,1.35435,7.308541,8
40297,-1.3339921,10.222483,9
40298,5.150958,4.6925173,3
40299,-1.137146,15.182824,4
40300,0.26757562,12.281799,9
40301,6.926483,5.159266,3
40302,1.1611537,12.227917,9
40303,16.866888,7.216819,0
40304,10.419496,2.312199,6
40305,5.9214683,3.9332068,3
40306,0.72493,6.7766275,8
40307,6.865779,4.8403673,3
40308,-3.6626623,10.860177,7
40309,-2.0845609,14.410107,4
40310,-2.042118,-3.7821684,1
40311,-3.917409,9.118082,7
40312,15.03579,7.184731,0
40313,15.9840555,7.040788,0
40314,-0.46842682,-4.37708,1
40315,-4.071662,-0.14827767,1
40316,-0.04811178,13.472459,4
40317,-0.8072208,10.27819,9
40318,3.154259,0.08806134,2
40319,-3.1260467,0.9945368,1
40320,15.2377825,8.061012,0
40321,2.6146038,-0.37581775,2
40322,14.607113,7.1596794,0
40323,-4.242613,9.326263,7
40324,0.15801255,5.5045996,8
40325,0.03633668,10.889413,9
40326,4.991214,6.436216,5
40327,-4.06456,-0.18025027,1
40328,0.5459251,11.9439745,9
40329,16.032671,6.9534597,0
40330,0.28636098,12.309481,9
40331,10.809754,2.552247,6
40332,9.950168,3.8672953,6
40333,2.545752,-0.33868796,2
40334,1.1945599,14.429469,4
40335,16.10577,8.012235,0
40336,14.632021,6.633214,0
40337,6.01572,5.4165034,3
40338,-4.0860786,10.759991,7
40339,0.17607823,5.612543,8
40340,16.428946,7.8856497,0
40341,-1.2330904,10.122398,9
40342,11.532401,5.8681197,6
40343,-2.0796363,14.380185,4
40344,-4.1074486,11.375652,7
40345,2.6036813,-0.35990918,2
40346,4.225906,7.016176,5
40347,5.302556,7.3046737,5
40348,-2.3704572,-2.3746812,1
40349,10.66546,3.0654602,6
40350,4.2366304,5.8924637,5
40351,11.0272045,3.8337061,6
40352,-0.60555655,-4.4750533,1
40353,4.327177,7.240424,5
40354,1.4979577,14.176297,4
40355,10.364807,4.149523,6
40356,10.506219,4.326354,6
40357,-4.008666,9.157315,7
40358,-3.2461996,10.920305,7
40359,-3.6866822,0.6410978,1
40360,1.9697775,-0.2558359,2
40361,-1.4132632,14.572362,4
40362,-3.3232894,-0.8952588,1
40363,-2.0092757,14.304942,4
40364,0.3993914,5.5888515,8
40365,2.6312292,-0.34141105,2
40366,4.700743,-1.1041069,2
40367,10.562332,3.114855,6
40368,-4.7481184,10.344229,7
40369,1.9277695,-0.559005,2
40370,-3.5155444,10.627775,7
40371,-0.5322689,10.625889,9
40372,0.2380487,11.7159395,9
40373,-3.733282,-0.5707352,1
40374,6.584724,4.2643433,3
40375,5.737382,4.4386563,3
40376,3.4944293,-1.4126194,2
40377,-2.1366196,-0.9809499,1
40378,3.0607562,-0.61293894,7
40379,-1.8173547,13.948092,4
40380,-2.3564422,-2.4863334,1
40381,-0.3109007,5.7489147,8
40382,5.0680714,5.0328937,3
40383,11.118383,3.3871882,6
40384,5.055903,5.4342966,3
40385,5.5122027,4.1470737,3
40386,1.259964,12.490184,7
40387,-4.5833488,8.756448,7
40388,1.792287,-0.02902971,2
40389,16.0506,7.1393957,0
40390,15.123167,8.645243,0
40391,-1.1292173,9.974633,9
40392,-1.410919,13.155641,4
40393,3.989895,5.443719,5
40394,11.625788,6.377631,6
40395,10.705469,2.6217809,6
40396,14.605615,8.592509,0
40397,-3.7446191,9.127562,7
40398,0.49837345,6.520888,8
40399,-3.0769875,0.6377827,1
40400,14.604297,8.673929,0
40401,5.8483963,4.6637206,3
40402,-0.2921237,13.79523,4
40403,-0.13048147,5.4975934,8
40404,5.341997,4.740744,3
40405,2.555921,-0.40795144,2
40406,-4.604908,9.126793,7
40407,10.46081,2.316085,6
40408,0.8760013,5.930952,8
40409,2.3655548,-0.48597232,2
40410,5.620254,7.5405254,8
40411,10.841491,2.6318712,6
40412,14.435738,8.45967,0
40413,2.643941,-0.19331825,2
40414,15.094272,7.0246024,0
40415,-5.062287,9.804751,7
40416,4.8212924,-0.91252923,2
40417,0.16888717,5.578859,8
40418,15.407117,6.9541636,0
40419,-4.4706864,8.75882,7
40420,3.014971,-1.5654914,2
40421,16.258688,8.085801,0
40422,5.53233,7.327429,5
40423,-2.8559086,0.55109864,1
40424,0.022684153,13.6817665,4
40425,4.3186,-0.9388572,2
40426,1.7815855,14.331387,4
40427,6.6120753,3.8693168,3
40428,14.304826,7.427443,0
40429,-1.711374,15.155969,4
40430,-5.342568,10.174729,7
40431,2.6374466,4.432888,5
40432,4.208396,6.513392,5
40433,11.127457,3.2496028,6
40434,3.0507262,6.3449697,5
40435,-3.7031217,8.439434,7
40436,-4.686814,10.921189,7
40437,-0.9151325,5.950216,8
40438,-1.9953552,-3.5161715,1
40439,-1.8373635,10.295916,9
40440,0.0060800076,11.335552,9
40441,16.700268,7.730015,0
40442,-3.2282088,9.908548,7
40443,-3.6937044,1.8155552,1
40444,-1.6147038,13.602698,4
40445,4.552153,-0.7922662,2
40446,-0.033516746,11.55817,9
40447,6.9155393,4.540046,3
40448,0.09981802,11.468006,9
40449,-1.5556403,15.263718,4
40450,1.1271005,14.829819,4
40451,-4.385401,8.827637,7
40452,5.313835,6.0802164,3
40453,-0.7406814,5.890337,8
40454,15.801593,6.2185445,0
40455,-0.837535,10.710709,9
40456,16.016987,8.850892,0
40457,16.777304,7.206411,0
40458,1.9763876,12.835491,9
40459,-3.5835161,1.9073765,1
40460,0.4953273,14.390099,4
40461,4.4732695,-0.71027464,2
40462,6.1655474,5.53813,3
40463,6.7233276,3.8650877,3
40464,-0.8378453,-4.522794,1
40465,-4.454744,8.36234,7
40466,11.580345,5.518072,8
40467,-0.82984495,5.7879252,8
40468,-1.7228093,-3.9179716,1
40469,-1.9739344,9.496802,9
40470,-3.2643497,10.804228,7
40471,16.33846,6.9426003,0
40472,0.17988306,6.706404,8
40473,3.5941877,5.3732057,5
40474,4.966906,7.7755003,5
40475,11.515072,2.8437648,6
40476,-4.1697598,9.471535,7
40477,-1.1200906,10.296015,9
40478,3.5540102,7.1611004,5
40479,16.281298,7.2691913,0
40480,5.628239,4.1690946,3
40481,5.911903,3.253123,3
40482,-2.2445805,-0.72699046,1
40483,7.022435,4.766643,3
40484,10.771454,5.040011,6
40485,-1.2869662,10.152911,9
40486,14.037322,7.2421823,0
40487,-0.6536167,10.0297165,9
40488,0.7501984,5.8219547,8
40489,2.6432335,4.4445696,5
40490,5.4749103,5.566545,3
40491,11.269301,2.8297184,6
40492,11.749719,6.5697236,6
40493,-1.4567097,15.350684,4
40494,14.612921,5.516256,0
40495,-1.6396931,15.190641,4
40496,0.49549496,14.532393,4
40497,4.441597,-0.7062543,2
40498,2.1649528,0.11218902,2
40499,-1.8846135,9.673665,9
40500,-3.9305284,11.38933,7
40501,10.804323,2.3613687,6
40502,5.995453,6.2579727,3
40503,-0.79320884,5.6721063,8
40504,-2.8193755,-0.3425829,1
40505,-3.6649315,8.274143,7
40506,-4.5884714,9.021899,7
40507,-0.9897844,9.751867,9
40508,-1.7692972,10.147461,9
40509,-3.7655878,2.1893349,1
40510,-4.315313,11.943703,7
40511,3.096961,4.9221106,5
40512,-4.319892,9.890242,7
40513,4.6238284,-0.7112123,2
40514,10.263957,3.1446087,6
40515,11.48897,3.3883355,6
40516,-2.1858764,-2.8328872,1
40517,5.2714367,4.8254766,3
40518,3.1715312,6.601726,5
40519,-0.807533,15.253195,4
40520,5.7928786,6.3842373,3
40521,16.286957,6.968197,0
40522,2.0207977,12.633831,9
40523,-1.6784768,15.1725645,4
40524,-1.3678852,10.787926,7
40525,-3.8063076,2.3458726,1
40526,11.1977625,5.3129673,6
40527,11.1794815,2.632064,6
40528,1.7867568,12.644575,9
40529,-0.95181423,15.26866,4
40530,4.592693,-0.40619585,2
40531,-1.1359353,10.334286,9
40532,7.034028,4.8425727,3
40533,10.652399,2.5563776,6
40534,4.895273,7.8350806,5
40535,2.8055286,5.2830424,5
40536,2.8791378,-0.10322102,2
40537,-3.2689264,1.1425673,1
40538,9.973461,3.211366,6
40539,4.5315843,-0.80326504,2
40540,6.93265,6.0992346,3
40541,11.198144,2.8895922,6
40542,2.807368,-1.489746,2
40543,11.0987425,2.5474453,6
40544,14.880754,6.542835,0
40545,-4.248361,8.81614,7
40546,4.2076387,6.979164,5
40547,-1.0432239,5.570893,8
40548,0.07009619,13.08311,4
40549,-0.8867203,5.731613,8
40550,6.1450753,5.634232,3
40551,-3.468458,0.5942369,1
40552,1.6186031,14.681262,4
40553,-0.9018923,5.760801,8
40554,11.326534,4.7491536,6
40555,6.681564,3.9312572,3
40556,2.2686708,-0.98630655,2
40557,-4.5852566,8.604504,7
40558,0.53802013,5.4164767,8
40559,-3.9174514,8.430365,7
40560,11.722487,6.493453,6
40561,-3.095778,-0.22232917,1
40562,2.0429919,-0.46414346,2
40563,16.793303,7.71497,0
40564,10.618539,5.2978096,6
40565,16.70012,7.1083646,0
40566,1.8675938,-0.7283687,2
40567,3.1757293,4.9501066,5
40568,-3.6107082,-0.97385687,1
40569,4.3978915,-0.824741,2
40570,6.8674,6.062682,3
40571,-0.04854671,5.4983826,8
40572,5.7873473,5.4819703,3
40573,-1.6201249,15.080194,4
40574,6.28712,6.4883814,3
40575,6.7038846,3.8689744,3
40576,-0.1729342,13.059336,4
40577,-3.6530704,2.0051808,1
40578,5.859522,6.1731014,3
40579,-0.70648646,5.2508597,8
40580,2.5079515,-1.2559521,2
40581,4.8060093,-0.6993207,2
40582,14.407807,6.4267607,0
40583,-1.0292267,10.02086,9
40584,0.7244982,12.34452,9
40585,-1.3632494,9.49807,9
40586,15.150032,7.672449,0
40587,2.6205406,4.418148,5
40588,6.9404793,5.39854,3
40589,4.8783145,-0.6188014,2
40590,-3.5726962,10.542535,7
40591,10.734206,2.3640888,6
40592,1.868273,-0.22927397,2
40593,-1.5744278,15.012722,4
40594,10.096197,4.426723,6
40595,-0.7842465,5.140327,8
40596,10.856012,5.273541,6
40597,4.0069714,-0.6347821,2
40598,-3.6969697,8.99171,2
40599,2.3423512,4.3571887,5
40600,0.9900016,14.48684,4
40601,-1.7350225,15.123926,4
40602,1.3305771,14.401568,4
40603,-4.3697,8.343018,7
40604,-2.9349525,-0.723902,1
40605,-3.8664722,2.3831725,1
40606,0.5274037,13.741633,4
40607,4.763008,-0.7685063,2
40608,-1.2065009,11.354943,9
40609,11.28375,2.646747,6
40610,-2.8725417,-0.58840644,1
40611,16.398895,7.341018,0
40612,12.007929,5.1126385,0
40613,15.54414,6.4801826,0
40614,3.225395,-0.4841467,2
40615,-2.2767754,-1.0227505,1
40616,11.722673,6.01917,6
40617,3.8460631,-1.1576136,2
40618,6.831386,4.9805746,3
40619,6.4402456,5.9880915,3
40620,3.7218444,6.9040413,3
40621,-0.7528507,14.656069,4
40622,3.7314448,-0.5440543,2
40623,3.1955907,4.7652817,5
40624,2.8489687,5.6228247,5
40625,11.033756,4.6745663,6
40626,1.295275,6.9855857,8
40627,-5.137751,10.653601,7
40628,0.25608665,12.179002,9
40629,-0.14092995,5.7345567,8
40630,14.731569,7.177492,0
40631,-1.1083871,10.420727,9
40632,1.8416591,-0.4523728,2
40633,16.520699,7.7592707,0
40634,-1.4100662,9.955512,9
40635,-3.6772988,1.531035,1
40636,6.2288575,6.6634007,3
40637,3.9733756,-0.21606179,2
40638,-3.9357052,11.549967,7
40639,5.8499675,5.5261173,3
40640,5.235622,7.156275,5
40641,11.14859,2.533506,6
40642,11.806541,5.3062754,6
40643,-4.8167443,8.917889,7
40644,1.3938005,-1.349297,1
40645,-0.093929976,5.2824125,8
40646,1.3272779,7.8180976,8
40647,-0.7775733,9.982359,9
40648,15.373778,8.358815,0
40649,16.139507,6.579647,0
40650,10.559052,4.3661513,6
40651,-3.9250395,1.7127246,1
40652,0.9617596,6.613243,8
40653,3.936791,-0.0765936,2
40654,1.8717573,7.9023,5
40655,5.7090445,5.718837,3
40656,-0.31160328,12.297674,9
40657,-0.83098805,14.948209,4
40658,-1.5209649,-1.7799006,1
40659,3.3913162,5.4498024,5
40660,-2.3908794,-3.6560714,4
40661,11.282195,2.6151478,6
40662,6.233692,6.3653445,3
40663,-5.4212756,10.443427,7
40664,-2.5814035,-3.1692083,1
40665,-0.39546525,5.5663834,8
40666,-0.9340397,11.150043,9
40667,-1.6572999,9.525182,9
40668,-4.933912,11.138867,7
40669,4.774079,7.1973333,5
40670,1.4583801,12.440978,9
40671,-1.4981796,13.8528185,4
40672,0.13641104,13.822794,4
40673,0.5542034,6.862349,8
40674,4.9719243,7.0487227,5
40675,-4.579153,9.603823,7
40676,10.057297,2.740256,6
40677,-1.3531753,13.917994,4
40678,3.4945166,6.598568,5
40679,-4.6518774,8.774902,7
40680,0.5089378,13.838911,4
40681,-4.834518,9.278241,7
40682,-2.694948,-2.9877017,1
40683,6.3919373,4.7856054,3
40684,-5.2888656,12.240718,7
40685,0.16704322,10.987344,9
40686,2.6081476,-0.16652955,2
40687,0.35023534,6.532497,8
40688,4.718079,7.403116,5
40689,-0.20896335,6.162585,8
40690,15.504268,7.150518,0
40691,7.011317,4.477981,3
40692,-0.8990201,-4.258898,1
40693,-2.8119767,0.2505236,1
40694,-2.8496578,-2.5153763,1
40695,2.693852,4.5390577,5
40696,-2.1262348,-1.0804834,1
40697,-0.0864937,6.2534146,8
40698,0.938882,6.962027,8
40699,3.9023008,-0.33921474,2
40700,-3.2065735,10.983077,7
40701,-5.3552737,10.698624,7
40702,-1.2774189,14.9402,4
40703,-1.4241118,14.5253525,4
40704,0.75423515,12.487366,5
40705,4.1445394,-1.741294,2
40706,1.0980335,6.5868373,8
40707,10.387095,2.3645988,6
40708,5.915431,7.718397,8
40709,-1.083991,14.915876,4
40710,-4.4708686,10.66399,7
40711,3.1962185,4.7329283,5
40712,-5.1571918,12.335061,7
40713,3.643837,5.0310493,5
40714,-3.0298538,-2.0155268,1
40715,-0.038133625,6.034055,8
40716,-3.3754969,-1.0527533,1
40717,11.072904,3.4353654,6
40718,1.5784187,-0.06803506,2
40719,-0.81843483,15.073008,4
40720,3.687117,0.75810695,3
40721,-0.7576984,15.064406,4
40722,6.609423,4.544894,3
40723,-1.2046812,14.473355,4
40724,1.9493831,-1.3914441,1
40725,-4.1638546,1.7351575,1
40726,2.1402705,6.9343424,8
40727,0.33648354,6.159578,8
40728,-4.042969,11.583155,7
40729,-5.40135,10.342046,7
40730,-4.4661994,10.821286,7
40731,3.7344193,5.325349,5
40732,14.587025,8.709558,0
40733,3.5525837,5.56518,5
40734,6.8919425,5.4732924,3
40735,-4.0184684,1.8359996,1
40736,4.303277,7.0347886,5
40737,-0.21608032,5.818989,8
40738,4.3395452,7.2349887,5
40739,6.869806,4.345798,3
40740,3.4822404,-1.0373167,2
40741,10.548959,3.789492,6
40742,-3.8492823,10.000379,7
40743,7.0218234,5.140689,3
40744,-2.06563,-2.5862134,1
40745,6.7828903,4.7281685,3
40746,15.615859,6.029991,0
40747,4.5296707,-1.0208215,2
40748,5.1666727,7.8242927,5
40749,3.8095567,-0.85283524,2
40750,1.0950683,6.394552,8
40751,10.985733,3.7324169,6
40752,4.1819997,7.512982,3
40753,-1.3927169,9.979589,9
40754,9.924521,3.1721914,6
40755,-1.511807,9.685248,9
40756,2.5196168,5.3723154,5
40757,11.102404,3.9335217,6
40758,0.6255216,5.7614884,8
40759,2.9070535,5.097724,5
40760,15.30668,7.7978687,0
40761,3.7102418,5.5954833,5
40762,0.95521617,11.868487,9
40763,5.967851,4.012926,3
40764,1.900405,12.6898575,9
40765,6.6961665,5.3983507,3
40766,1.6172612,14.715583,4
40767,0.0062687704,6.2217655,8
40768,-3.7539363,10.264882,7
40769,-3.742956,1.3080748,1
40770,-2.8179219,-3.0003507,1
40771,10.647355,2.985884,6
40772,1.6470506,12.425903,9
40773,3.2345624,4.530319,5
40774,-3.6795962,11.545772,7
40775,10.705384,2.144224,6
40776,3.622348,6.433804,5
40777,0.19658533,6.0166698,8
40778,14.45071,8.273495,0
40779,-4.001953,-0.015768245,1
40780,14.791393,7.157587,0
40781,-0.9263529,11.354575,9
40782,1.6335777,-0.17887269,2
40783,-5.058986,9.992476,7
40784,-4.2852936,11.23575,7
40785,10.675175,3.102552,6
40786,1.876618,12.07289,9
40787,-0.11134039,6.1885796,8
40788,1.9224516,-0.053585865,2
40789,5.6346517,5.8295746,3
40790,-2.8758633,-2.7343695,1
40791,-5.1229086,10.08804,7
40792,1.2704457,7.6215987,8
40793,-1.6052763,14.346708,4
40794,-3.4946191,10.812568,7
40795,-5.1135325,9.94497,7
40796,-0.5803474,-4.0236664,1
40797,16.578075,6.825561,0
40798,11.389153,5.699924,6
40799,-1.6797552,9.750144,9
40800,-1.1466502,11.807011,9
40801,16.287409,7.133466,0
40802,-0.55903625,-4.006587,1
40803,16.482141,6.831058,0
40804,-1.2670956,11.973677,9
40805,6.9746323,5.1040387,3
40806,0.5394656,13.5300665,4
40807,-5.084395,10.028943,7
40808,0.7624117,5.9213557,8
40809,-0.709462,10.46939,9
40810,-3.8257592,9.308683,7
40811,5.5245805,4.784063,3
40812,4.166554,-1.7889583,2
40813,16.623081,7.1285267,0
40814,1.3531342,6.8528414,8
40815,3.9924903,-0.27567124,2
40816,1.5597583,-0.12603456,2
40817,16.482075,7.7176156,0
40818,6.857465,5.9161053,3
40819,-3.8271697,-0.6282744,1
40820,15.380794,8.832949,0
40821,16.68774,7.1608615,0
40822,-4.8258567,9.887713,7
40823,-3.7813144,0.7011386,1
40824,5.1543097,7.1096354,5
40825,15.618765,5.852291,0
40826,-2.1178148,-3.344227,1
40827,-1.9508275,14.187308,4
40828,11.706379,6.411855,6
40829,15.914812,6.0949454,0
40830,6.136113,6.1613235,3
40831,-4.0974245,0.016769491,1
40832,4.1055436,-1.9024583,2
40833,16.3397,7.1968746,0
40834,0.542226,13.898395,4
40835,-0.7002936,14.062874,4
40836,6.0135155,5.883428,3
40837,-4.7415805,8.934756,7
40838,-4.84793,11.723367,7
40839,-0.9443876,10.246401,9
40840,5.04848,7.1287518,5
40841,3.851478,-1.5223464,2
40842,1.0086474,14.384333,4
40843,16.847185,7.1718426,0
40844,14.85347,6.8813066,0
40845,10.875488,2.3554063,6
40846,-0.14258014,13.037042,4
40847,4.2689037,-1.1305892,2
40848,-0.56631863,-4.039291,1
40849,11.266369,3.025324,6
40850,15.73766,8.602512,0
40851,3.6881254,-1.0544854,2
40852,5.085872,6.082672,8
40853,4.1373243,-1.3426838,2
40854,-1.3941673,10.794072,9
40855,-1.3567,9.846318,9
40856,-0.2841042,6.592686,8
40857,-1.6399131,9.589174,9
40858,6.9359055,5.764068,3
40859,14.647477,8.458355,0
40860,-1.1580625,-3.2879832,1
40861,-1.6102476,-3.5454884,1
40862,10.316247,4.3403783,6
40863,3.5714366,-0.68252736,2
40864,-2.9421918,-2.4385216,1
40865,6.0045795,6.2407756,3
40866,6.6639247,6.191787,3
40867,1.0308812,13.617688,4
40868,4.709483,7.5326247,5
40869,4.6886473,7.4488697,5
40870,3.7307582,-1.5538111,2
40871,11.09716,5.324668,6
40872,-4.0310564,11.017639,7
40873,-3.8600073,10.631141,7
40874,10.401529,3.7948172,6
40875,1.3610963,7.097,8
40876,2.141641,12.584991,9
40877,15.390352,8.738154,0
40878,-3.1807168,-1.3432367,1
40879,-2.2764564,-2.5731778,1
40880,-2.9064972,-1.3005092,1
40881,4.0641856,-1.5160425,2
40882,-1.3878927,-2.3979926,8
40883,6.8062596,6.005638,3
40884,-2.4462352,-2.4726253,1
40885,0.81107986,13.59238,4
40886,-1.5677699,-1.4861137,2
40887,5.2850924,7.3097343,5
40888,15.571725,8.062912,0
40889,11.177437,5.287705,6
40890,0.03279967,12.05529,9
40891,-3.4360874,10.103245,7
40892,5.167363,4.770144,3
40893,0.8732565,7.218356,8
40894,10.616478,2.294216,6
40895,14.942177,8.605399,0
40896,-3.7086544,1.2896403,1
40897,-1.9407116,-3.1242096,1
40898,6.609121,6.7585273,3
40899,3.6314788,-0.76460254,2
40900,2.870629,-1.3526565,2
40901,6.9416122,5.962989,3
40902,3.1030927,5.331827,5
40903,-0.16759503,13.14088,4
40904,6.380861,3.949173,3
40905,6.037788,7.0857987,5
40906,-4.0865774,10.944178,7
40907,11.212647,5.829182,6
40908,-2.1519125,-1.0616782,1
40909,-3.0738106,-1.9215878,1
40910,0.99210554,13.872549,4
40911,-3.599883,10.492366,7
40912,-0.6154808,14.254566,4
40913,-0.10865991,13.384852,4
40914,6.3448257,4.744389,3
40915,14.724649,7.8073974,0
40916,-3.4070342,10.51177,7
40917,11.467491,6.1814613,6
40918,-2.065242,-3.413053,1
40919,0.12664631,13.536233,4
40920,3.4115384,7.1603436,5
40921,-2.8474636,-2.0054114,1
40922,15.117193,8.521806,0
40923,-0.123477265,13.54817,4
40924,-4.139248,0.7601729,1
40925,6.8502812,4.7197194,3
40926,6.520972,5.868689,3
40927,10.841693,5.290543,6
40928,-0.42005014,6.01153,8
40929,3.5450644,-1.338995,2
40930,2.4907959,5.0064106,5
40931,6.9137483,5.2124996,3
40932,6.2324,4.5927353,3
40933,0.44079697,13.393067,4
40934,0.28967392,14.108477,4
40935,0.6542034,7.228819,8
40936,4.6916733,-1.2515447,2
40937,-4.963612,11.966424,7
40938,1.9092889,12.822585,9
40939,0.8381676,7.2912326,8
40940,6.093034,5.5696163,3
40941,11.098322,5.2704067,6
40942,5.619641,4.2336955,8
40943,0.4341428,11.90549,9
40944,-2.7880905,-1.8644142,1
40945,0.76752657,6.458435,8
40946,-1.1632944,13.768896,4
40947,7.023653,4.991555,3
40948,3.3586571,-1.8950661,2
40949,2.4155574,-0.24050869,2
40950,1.3727143,14.075912,4
40951,1.8270968,-0.5716896,2
40952,9.811073,3.2103097,6
40953,1.5554957,7.004951,8
40954,-2.352139,-2.9246204,1
40955,-0.24598227,12.862444,4
40956,1.7667229,-0.7335827,2
40957,1.3126531,6.942604,8
40958,15.6017275,8.198792,0
40959,5.4590054,7.462342,5
40960,1.6705675,7.107362,8
40961,10.236362,4.5042505,6
40962,6.0321517,4.707435,3
40963,5.324238,7.6133585,5
40964,4.069432,7.0944057,5
40965,14.259775,8.034226,0
40966,5.4964657,6.793661,5
40967,3.4783375,-1.5067922,2
40968,1.694653,-0.15948457,2
40969,14.512643,7.372938,0
40970,1.042184,14.428363,4
40971,-1.8299356,-3.4904554,1
40972,4.8826017,7.17868,5
40973,-2.1273644,-3.7539742,1
40974,-3.1435478,-2.2201655,1
40975,3.5765224,-0.77307916,2
40976,-3.436934,9.345048,1
40977,-4.377834,12.04092,9
40978,0.687821,12.236861,9
40979,11.528453,6.194806,6
40980,11.288473,5.0098877,6
40981,0.8348268,6.615353,8
40982,-3.1626647,-0.042822402,1
40983,-2.1408029,-3.6782072,1
40984,0.86411804,11.785904,9
40985,3.9176261,-1.2407277,2
40986,10.786368,4.9011645,6
40987,-1.2827742,-2.569647,1
40988,2.2953227,-0.18922904,2
40989,15.02779,8.721321,0
40990,0.93128985,14.413677,4
40991,11.118772,5.9365754,6
40992,-0.26313037,14.461876,4
40993,5.6620765,7.5705857,5
40994,1.4548268,11.916874,9
40995,3.3306396,0.00046111795,2
40996,6.346377,5.689052,3
40997,0.27657548,12.163514,9
40998,0.55779845,6.546942,8
40999,-1.6421789,-2.042721,1
41000,2.9460838,5.043213,5
41001,5.465592,7.415585,5
41002,-4.050326,9.3262615,7
41003,6.9653854,5.420425,3
41004,2.1435184,-0.11708156,2
41005,-0.09722137,12.242257,9
41006,-0.7453441,12.8842,4
41007,6.9061584,6.182976,3
41008,0.5344286,12.123139,9
41009,-4.174356,11.235489,7
41010,6.9811583,5.42578,3
41011,-2.3236291,-3.3782082,1
41012,14.246209,5.955224,0
41013,1.5276204,7.205817,8
41014,0.64492446,11.835897,9
41015,6.8498554,6.2293286,3
41016,1.9008077,7.5159616,5
41017,1.4755032,7.1077714,8
41018,11.834042,4.951935,6
41019,-2.4219384,-3.383824,1
41020,0.6419522,13.926404,4
41021,0.2428336,12.121178,9
41022,-1.9184052,14.099706,4
41023,3.921868,6.9340944,5
41024,-3.8150904,11.590753,7
41025,5.820517,7.2121854,5
41026,-3.1320748,10.123935,7
41027,15.102802,8.552059,0
41028,1.7420324,14.583259,4
41029,-0.9251218,-3.1701803,1
41030,15.089138,8.845524,0
41031,-1.3119265,-4.251503,1
41032,4.9057264,6.918136,5
41033,0.45882386,12.506988,9
41034,1.3384589,6.379774,8
41035,0.80582595,6.6157656,8
41036,0.80030847,13.541323,4
41037,3.1233013,-1.28215,2
41038,14.504233,7.106895,0
41039,10.860414,5.5951543,6
41040,1.8191907,12.256605,9
41041,14.170157,7.122964,0
41042,-0.87131673,11.912666,9
41043,-0.21556306,13.325852,4
41044,-3.9136636,11.567282,7
41045,3.3527985,6.7197003,5
41046,0.00786541,6.8886104,8
41047,10.810057,4.8351245,6
41048,5.1440926,5.6238766,3
41049,5.0093765,7.2946057,5
41050,10.114027,4.2421303,6
41051,14.52979,7.3640223,0
41052,14.346663,6.236929,0
41053,6.081307,5.717839,3
41054,-5.080931,12.326649,7
41055,-1.2196255,-2.7419071,1
41056,15.065088,7.0402236,0
41057,0.6284719,6.885638,8
41058,0.6693616,12.453738,9
41059,10.885436,5.2396317,6
41060,10.492016,3.6960726,6
41061,-3.8251095,10.079723,7
41062,-1.2542224,12.15183,7
41063,5.4145327,7.243836,5
41064,1.4053253,7.547233,8
41065,0.7759049,12.249972,9
41066,-1.592761,15.028954,4
41067,6.8983808,5.507769,3
41068,-0.40369323,13.168932,4
41069,14.200533,7.8792644,0
41070,1.7536312,12.184267,9
41071,6.7859263,5.027007,3
41072,6.848904,5.889918,5
41073,-0.9553483,-3.0605962,1
41074,1.5942023,-0.23062456,2
41075,0.5623962,13.861574,4
41076,-4.2417736,1.9410839,1
41077,14.549724,8.030275,0
41078,2.5871944,7.3007903,8
41079,-0.63924974,12.789079,4
41080,2.492012,0.2834726,2
41081,-0.06189072,12.242324,9
41082,2.744231,-1.1352266,2
41083,-4.6894083,11.633218,7
41084,-1.3689091,9.961326,9
41085,6.819582,5.7289405,3
41086,11.509154,5.775718,6
41087,2.5693216,-0.100636676,2
41088,-3.9531574,11.105919,7
41089,10.673626,5.3384204,6
41090,-1.3790448,-2.1389863,1
41091,5.473496,6.91259,5
41092,2.219328,7.099481,8
41093,0.70423526,13.897918,4
41094,3.3457606,5.6398654,5
41095,-4.92662,11.793826,7
41096,0.08693827,14.99721,4
41097,-0.04485989,11.607383,9
41098,-1.648762,13.379379,4
41099,-4.385217,10.9201,7
41100,14.878169,6.7969637,0
41101,15.95148,7.394315,0
41102,0.4016287,11.917864,9
41103,-3.133093,-0.36902764,1
41104,-1.3156251,-3.4194314,1
41105,4.7052464,-0.8983949,2
41106,0.6891041,7.5930486,8
41107,6.048424,5.274601,3
41108,13.996209,6.1497993,0
41109,-1.3931292,14.018396,4
41110,5.549522,7.1611633,3
41111,11.233727,3.526221,6
41112,3.0146513,-0.8290054,2
41113,-4.092208,10.944617,7
41114,0.39314306,11.72913,9
41115,-0.65089184,6.137352,8
41116,0.31877208,12.25294,9
41117,15.762436,6.6556587,0
41118,1.5664526,7.1372876,8
41119,-4.0377088,2.0970583,1
41120,1.2918044,14.401235,4
41121,4.813473,-1.0228928,2
41122,14.330262,6.1341624,0
41123,6.7762656,4.068093,3
41124,1.0983167,6.9496436,8
41125,-2.1854947,14.391887,4
41126,15.131044,6.3962502,0
41127,2.9596784,5.3031363,5
41128,0.5005846,12.095905,9
41129,11.431721,3.0285223,6
41130,1.3095767,6.593804,8
41131,-4.2174373,8.304035,7
41132,1.2002927,6.909745,8
41133,0.55807,5.474848,8
41134,9.9357395,3.0218694,6
41135,-1.9877405,10.050924,9
41136,5.501877,5.620988,3
41137,16.038675,7.6993003,0
41138,14.68302,6.5467305,0
41139,-4.0628657,1.374286,1
41140,6.000032,7.5257487,5
41141,4.635657,-0.5944384,2
41142,11.686528,5.7393227,6
41143,6.7211947,3.9223003,3
41144,5.253979,7.5991206,5
41145,-1.807151,14.770737,4
41146,-1.6554707,-4.0312,1
41147,2.8733437,4.673886,5
41148,-4.7250223,11.163135,7
41149,11.441437,2.734438,6
41150,-2.0293899,-3.4224873,1
41151,-5.142987,9.949964,7
41152,4.6312866,7.1624207,5
41153,-0.528819,5.346959,8
41154,-0.020966979,6.8487296,8
41155,-1.8161728,10.102702,9
41156,14.883531,7.379847,0
41157,11.314439,3.5123656,6
41158,15.725288,6.6368685,0
41159,-1.7189723,14.449926,4
41160,10.716414,4.4980297,6
41161,-4.746149,9.793765,7
41162,-0.27794382,11.521112,9
41163,-1.717582,14.799922,4
41164,-3.8787038,10.894705,7
41165,6.2973847,3.8904645,3
41166,0.8387892,13.908414,4
41167,11.525531,2.8874617,6
41168,-3.2068589,9.754775,7
41169,4.6266,-0.745238,2
41170,11.042647,3.5569177,6
41171,6.2269783,4.481318,3
41172,11.078767,3.4789076,6
41173,-2.1914446,14.399874,4
41174,-3.4752822,9.924768,7
41175,-0.21145023,5.422318,8
41176,-4.9056892,10.850671,7
41177,-1.3399218,10.028789,9
41178,1.2907811,12.1511965,9
41179,4.117486,-1.0933968,2
41180,1.0677977,7.7472973,8
41181,4.7356462,-0.95368564,2
41182,2.4824188,-0.6961177,2
41183,-0.35683528,5.6160865,8
41184,-3.477344,10.5537405,7
41185,3.1820006,4.732921,5
41186,4.8808126,6.636997,5
41187,16.674595,7.4855394,0
41188,11.133148,5.0444155,6
41189,4.82193,-0.97645456,2
41190,11.279704,6.0961123,6
41191,16.672611,7.180407,0
41192,-0.5401193,12.985148,4
41193,-4.2436204,1.6318856,1
41194,-3.269678,10.865425,7
41195,-4.0784726,2.4196644,1
41196,0.71591055,11.737935,9
41197,4.4109087,-0.9845611,2
41198,11.304444,6.0993824,6
41199,-1.0940901,9.989395,9
41200,5.8672047,7.719096,8
41201,11.76005,3.7692933,6
41202,3.5336363,6.625143,5
41203,-0.5152287,5.383774,8
41204,-3.5702298,10.785446,2
41205,-4.3883605,1.7427813,1
41206,-0.0456015,14.351172,4
41207,4.150024,-0.6047197,2
41208,4.062899,7.0139008,5
41209,-4.0655966,2.6962154,1
41210,-3.071558,-2.4419496,1
41211,16.254816,7.286457,0
41212,5.6039033,5.147052,3
41213,10.945256,3.0749168,6
41214,10.344149,4.665233,6
41215,4.0149193,5.6537,5
41216,2.8810203,-1.0511447,2
41217,3.833112,-0.35533586,2
41218,-0.78167194,-3.9003623,8
41219,-0.74075675,10.390046,9
41220,0.2331222,14.984215,4
41221,-4.219048,8.808129,7
41222,-1.4050094,-4.23252,1
41223,3.3000774,6.019045,5
41224,-4.5472193,10.793126,7
41225,5.764853,4.078228,3
41226,-2.0271049,-3.0328248,1
41227,-1.1905394,10.766554,9
41228,15.393903,7.772626,0
41229,6.097066,4.0248275,3
41230,3.8834882,7.119746,5
41231,-0.11020342,5.951979,8
41232,-4.714107,11.781502,7
41233,6.7045636,3.8724837,3
41234,-2.9961927,9.13595,2
41235,0.21163619,5.5113688,8
41236,-4.4831467,10.249773,7
41237,-3.7096472,2.204598,1
41238,-3.4407117,-1.4346113,1
41239,-0.7727536,9.955096,9
41240,-3.7142003,10.850157,7
41241,2.5383282,4.5701003,5
41242,10.036037,2.8942418,6
41243,3.7086945,5.117429,5
41244,-5.2059298,11.861955,7
41245,16.052334,7.57314,0
41246,10.529145,4.172396,6
41247,-3.6781614,2.0500607,1
41248,-1.623637,-4.2002673,1
41249,-3.8570738,1.643316,1
41250,-3.5627177,10.411946,7
41251,-0.74986416,10.2493105,9
41252,15.852397,8.860771,0
41253,-0.079179615,6.1973667,8
41254,5.234725,6.633374,9
41255,4.683355,-0.75097424,2
41256,4.772069,-0.8564617,2
41257,11.2558,3.2262752,6
41258,2.6154613,5.598149,5
41259,16.556713,6.976838,0
41260,3.421605,-0.4791535,2
41261,11.23668,2.8844235,6
41262,11.04949,4.9357195,6
41263,3.2321725,4.7431574,5
41264,3.4416084,-0.15837196,2
41265,16.12999,7.405851,0
41266,-1.9207202,-2.6500876,1
41267,6.2654457,4.0516753,3
41268,9.863852,2.9638233,6
41269,-4.3127503,1.907034,1
41270,0.46025023,12.505913,9
41271,-0.38826802,5.695592,8
41272,10.216012,3.9826837,6
41273,11.351244,2.9411376,6
41274,0.97737515,11.668728,9
41275,-4.6588817,8.774276,7
41276,-4.193467,9.957134,2
41277,2.6616678,4.713633,5
41278,3.3200831,6.1306734,5
41279,-0.30922607,10.300101,9
41280,-5.280203,12.241561,7
41281,-0.754288,10.399872,9
41282,-2.1298435,-3.0093217,1
41283,6.649639,3.9379318,3
41284,-3.357841,10.811774,2
41285,16.500301,7.2060595,0
41286,14.208329,7.151748,0
41287,6.874383,4.384013,3
41288,14.404274,8.297989,0
41289,-4.2095675,1.3293419,1
41290,2.5198507,0.19083124,2
41291,16.60545,6.875986,0
41292,2.8824334,-0.13607703,2
41293,-2.2194374,15.114879,4
41294,3.8919475,-1.8875195,2
41295,0.21534266,10.899449,9
41296,15.405248,7.009235,0
41297,-4.828448,8.889152,7
41298,1.1406804,13.466448,4
41299,6.218712,3.9070756,3
41300,-3.923574,10.714515,7
41301,4.6778626,-0.80272365,2
41302,-0.874828,10.139286,9
41303,11.312374,2.9240713,6
41304,0.5462571,6.2936115,8
41305,3.16405,4.5228953,5
41306,-1.263752,10.630062,9
41307,-2.2290556,15.135812,4
41308,11.381387,3.9030075,6
41309,-4.5143943,9.225821,7
41310,-5.3392267,11.568621,7
41311,-1.3174659,10.246905,9
41312,4.5191517,7.5908103,5
41313,-4.4048605,9.437091,7
41314,4.6322465,7.6674256,5
41315,16.686104,7.5261183,0
41316,11.05299,5.6864767,6
41317,6.002662,3.8097153,3
41318,16.28228,6.280166,0
41319,-2.2435777,15.101259,4
41320,14.312249,6.978213,0
41321,2.944285,4.876081,5
41322,4.931506,6.5724883,5
41323,10.797858,2.2352614,6
41324,-3.379843,8.427705,7
41325,-4.4965105,8.345179,7
41326,0.9305935,12.269455,9
41327,-0.8616976,5.2594547,8
41328,-3.2331727,8.943509,7
41329,-2.1799488,9.198532,9
41330,2.3195577,-1.0476308,2
41331,16.30783,7.139353,0
41332,-0.4448571,-4.3026676,1
41333,-4.1495647,2.4472475,1
41334,5.119556,6.3965173,9
41335,4.234676,-0.3099595,2
41336,-4.144859,11.71737,7
41337,5.950646,4.1868606,3
41338,16.47385,8.286565,0
41339,-4.919824,9.037635,7
41340,2.9264796,0.3452122,2
41341,16.826693,7.1247354,0
41342,0.9501016,14.245038,4
41343,6.1615543,3.9476314,3
41344,11.215432,6.0363097,6
41345,-3.8155696,8.028727,7
41346,10.585114,3.0995257,6
41347,-0.7200427,5.011484,8
41348,1.7243453,-0.07824189,2
41349,-0.45236874,11.067568,9
41350,14.208338,7.8465695,0
41351,11.190517,2.6046097,6
41352,14.3369055,7.0632734,0
41353,16.299133,6.6204796,0
41354,0.42565784,13.605808,4
41355,-2.1170583,15.042672,4
41356,5.5317793,5.9546213,3
41357,16.612122,6.776302,0
41358,15.464956,7.519751,0
41359,-0.6183953,5.26943,8
41360,-1.032503,-4.3066216,1
41361,10.93482,2.312311,6
41362,-4.3040967,10.913407,7
41363,-0.68153256,5.1044283,8
41364,-1.3252833,11.049637,9
41365,-4.806086,8.807855,7
41366,3.6011627,-1.5938755,2
41367,-4.1719866,8.220424,7
41368,15.559871,8.569446,0
41369,-2.3584692,8.842332,9
41370,5.345929,7.619592,5
41371,16.81214,6.9333067,0
41372,-3.8770747,0.30355507,1
41373,-2.220266,15.103793,4
41374,15.378819,8.870251,0
41375,-1.9677805,9.508185,9
41376,14.802598,8.731483,0
41377,-1.9769118,9.608645,9
41378,5.4232426,5.1955247,3
41379,-3.250393,8.719816,7
41380,10.016188,2.585079,6
41381,-1.8516053,15.30914,4
41382,3.3203988,-1.4943624,2
41383,16.762918,7.03219,0
41384,14.320284,7.8087955,0
41385,5.9415064,3.6313365,3
41386,-3.0209622,-1.9904962,1
41387,2.3772335,4.354139,5
41388,14.52315,6.7943187,0
41389,2.930765,4.8712926,5
41390,4.133163,6.910916,5
41391,5.7551446,4.1430593,3
41392,-0.7198803,-3.8518271,1
41393,-0.59402454,5.126333,8
41394,1.2611822,7.386812,8
41395,-1.5288894,9.491246,9
41396,-2.018667,15.111065,8
41397,4.65902,-0.61822516,2
41398,3.150448,-1.5909929,2
41399,3.9040694,0.10702725,2
41400,11.585157,3.4068127,6
41401,16.857277,7.201947,0
41402,4.933065,7.380621,5
41403,-2.2931316,8.981379,9
41404,6.0097165,5.932284,3
41405,-4.8106704,8.883932,7
41406,14.688204,8.665368,0
41407,6.0149293,4.3562536,3
41408,11.118546,5.833777,6
41409,-4.166992,2.4764917,1
41410,11.716625,6.5607414,6
41411,5.997046,4.1595445,3
41412,14.413776,8.466942,0
41413,11.273872,2.6915584,6
41414,-3.2892683,9.011101,7
41415,11.848533,3.974531,6
41416,2.1661704,7.367126,8
41417,4.541911,-0.6253504,2
41418,-2.534065,-0.51385903,1
41419,-4.155403,2.4343345,1
41420,4.0871787,-1.0149324,2
41421,4.4684,-0.6373642,2
41422,2.0107958,12.484273,9
41423,11.291375,2.6633093,6
41424,-1.3906397,-3.0932004,1
41425,16.781063,7.126506,0
41426,-1.1175139,14.734709,4
41427,4.4237404,-0.78553426,2
41428,6.291654,4.809392,3
41429,4.6587853,-0.657737,2
41430,11.494479,6.410886,6
41431,-0.63931257,5.6910977,8
41432,14.063932,7.9160357,0
41433,-2.353636,9.130292,9
41434,5.3491645,5.9996305,9
41435,2.6388266,4.4352965,5
41436,5.650917,5.3485465,3
41437,-4.160855,2.5704057,1
41438,-2.1320004,-3.5217125,2
41439,10.729503,2.2056766,6
41440,-0.36138108,14.210238,4
41441,-0.5811764,5.142552,8
41442,11.094542,5.5065274,6
41443,16.57174,7.4139595,0
41444,-0.35775954,12.857609,4
41445,16.905975,7.7496567,0
41446,-2.9965317,-0.93058085,1
41447,16.35292,6.4882913,0
41448,-3.9042222,11.329986,7
41449,-3.152352,1.2354406,1
41450,-3.169875,9.719498,7
41451,4.5194526,-0.70786685,2
41452,11.3452635,5.3462815,6
41453,6.6185575,3.5349545,3
41454,-1.795726,-3.4788105,1
41455,-2.0999293,14.310521,4
41456,-0.00910588,13.560886,4
41457,2.608834,4.487363,5
41458,1.8348008,-0.24370131,2
41459,11.514355,3.6127138,6
41460,2.490093,-0.9472789,2
41461,-3.786998,8.44538,7
41462,2.3888624,4.3785763,5
41463,-0.69540083,5.0063763,8
41464,5.134376,7.1573005,8
41465,16.743036,7.05997,0
41466,2.4034698,-0.91252804,2
41467,-4.3054714,2.1471026,1
41468,2.5647364,7.347045,8
41469,4.585411,-0.5667313,2
41470,-3.4370096,10.366327,7
41471,6.31009,3.6534534,3
41472,-5.4570284,10.2241125,7
41473,-2.0301762,15.099686,4
41474,-2.3728483,-3.7154505,1
41475,2.6461418,4.4299984,5
41476,6.0728445,6.342572,3
41477,11.519032,2.9592435,6
41478,3.1414723,0.23281279,2
41479,-4.798493,8.579388,7
41480,0.73331326,11.767414,9
41481,-0.6687391,4.991414,8
41482,-1.304313,14.077158,4
41483,-2.14543,9.224178,9
41484,2.6832857,0.02682928,2
41485,16.794983,7.605804,0
41486,3.0482266,5.9124017,5
41487,-4.0808496,2.7788875,1
41488,10.949799,4.549073,6
41489,4.6350837,-0.3806315,2
41490,14.104584,7.6792526,0
41491,6.4955945,3.65903,3
41492,-3.513452,-1.1925893,1
41493,-3.797639,8.383231,7
41494,4.9530005,5.4312134,3
41495,-0.70544744,4.929288,8
41496,-4.7315593,10.857585,7
41497,-2.1076143,9.383813,9
41498,3.867814,7.3037324,5
41499,-1.8646896,14.615445,4
41500,10.452289,2.9242744,6
41501,-1.9227792,10.346523,9
41502,0.33759943,11.6458645,9
41503,-1.6488278,10.279673,9
41504,0.8351566,6.4518337,8
41505,-0.9021487,5.107452,8
41506,15.121867,8.384113,0
41507,6.0214787,3.3264363,3
41508,10.47588,4.42793,6
41509,4.872842,6.4155526,5
41510,2.0207436,12.544212,9
41511,-1.8027397,15.337486,4
41512,3.7527554,-1.6022142,2
41513,5.9183373,3.5801444,3
41514,-1.0487463,-4.3591003,1
41515,5.985461,3.3299599,3
41516,3.0109148,-1.4657178,2
41517,10.727864,2.7288108,6
41518,-0.88699514,-3.2186944,1
41519,10.966019,2.8364959,6
41520,-5.1197953,12.31765,7
41521,3.4958603,5.6085258,5
41522,3.783819,6.7792425,5
41523,3.2538881,4.7088456,5
41524,-1.019567,-4.353812,1
41525,-3.9414992,1.753133,1
41526,-1.6622647,-2.3028324,1
41527,-3.4179125,8.41316,7
41528,-0.0084821535,14.503211,4
41529,-0.29140455,5.0262218,8
41530,-5.107149,11.034094,7
41531,-0.9130925,15.138032,4
41532,-4.7972856,8.778406,7
41533,3.1533227,5.222628,5
41534,14.845214,5.829147,0
41535,-3.932379,8.782306,7
41536,-0.8337903,-3.352779,1
41537,6.731608,3.8535414,3
41538,5.1655965,7.7807145,6
41539,2.9111862,4.9793105,5
41540,1.3685867,-0.61833936,2
41541,4.604886,-0.6060874,2
41542,-2.6736577,-3.3349977,1
41543,5.748586,4.6517625,3
41544,2.532611,7.2317266,8
41545,10.839585,2.3867705,6
41546,10.743535,5.319982,6
41547,11.52546,3.0066807,6
41548,5.8016787,7.1376996,5
41549,-3.615356,8.300731,7
41550,0.59719145,7.0285172,8
41551,-4.3104835,8.553614,7
41552,5.489286,5.579748,3
41553,16.700798,6.81874,0
41554,-3.2268014,-1.8038447,1
41555,-4.1310005,1.3491173,1
41556,14.710924,6.835587,0
41557,16.728842,6.939753,0
41558,-4.6961427,11.935239,7
41559,-4.2384315,1.6352746,1
41560,-0.15814826,6.68332,8
41561,11.341507,2.6484997,6
41562,-1.3564495,12.585394,9
41563,-1.6778555,10.433533,9
41564,0.2749672,6.8792944,8
41565,5.978011,3.394387,3
41566,2.9984481,6.379794,5
41567,-4.0321574,2.6063883,1
41568,-1.9259672,13.555339,4
41569,-1.7676525,15.248163,4
41570,14.47217,6.5187593,0
41571,-4.5450897,8.624734,7
41572,11.843818,5.5837765,6
41573,5.9868493,3.5145972,3
41574,-1.2146066,14.164801,4
41575,-0.11252052,5.3258266,8
41576,-1.3342184,14.884261,4
41577,10.969137,2.3598433,6
41578,1.5102003,6.27753,8
41579,4.6210437,-0.59196395,2
41580,0.011998832,15.0937,4
41581,3.6184857,-0.92201406,2
41582,4.601854,7.113829,5
41583,-1.4324311,10.171951,9
41584,-4.0347304,11.695383,7
41585,-3.9516633,2.5270908,1
41586,9.927931,3.1383705,6
41587,2.6292768,4.45936,5
41588,15.014482,8.465516,0
41589,-1.4285511,9.883694,9
41590,6.8228173,6.0870028,3
41591,-4.0740213,2.4056966,1
41592,0.63105655,6.667773,8
41593,4.4324093,-0.46803248,2
41594,0.983156,14.58543,9
41595,4.6031475,-0.5883266,2
41596,-1.5427452,-3.7823918,1
41597,-4.6742325,8.802273,7
41598,1.2787505,7.00574,8
41599,-1.2811269,10.307232,9
41600,-3.050932,-2.0911765,1
41601,-4.796017,9.307501,7
41602,4.5322046,7.924239,5
41603,-1.2816283,10.637711,9
41604,-5.073712,11.705837,7
41605,-1.6458584,10.11618,9
41606,15.136887,8.448988,0
41607,-3.790212,2.0798743,1
41608,6.36098,5.6796746,3
41609,16.196468,6.9270124,0
41610,2.8356757,6.114482,5
41611,-0.91809046,5.2225766,8
41612,14.141437,6.3548,0
41613,-2.13781,9.463039,9
41614,14.192894,6.004956,0
41615,-3.7007,8.347465,7
41616,15.185196,6.168623,0
41617,16.643694,7.2368116,0
41618,-0.21482582,13.155868,5
41619,6.0367928,3.975037,3
41620,14.468709,7.8420563,0
41621,-0.7021777,5.025778,8
41622,-0.13279921,6.8621883,8
41623,-4.2691703,1.435309,1
41624,6.118102,6.5129375,3
41625,-1.9226028,14.776665,4
41626,-1.4408659,13.646962,4
41627,16.365908,7.2686768,0
41628,3.7061405,6.432926,5
41629,6.5961146,3.8939402,3
41630,-4.799268,9.503456,7
41631,11.273359,2.5998251,6
41632,6.7887974,5.1347537,3
41633,4.7072887,-0.4589474,2
41634,14.38852,8.390021,0
41635,16.340446,6.3735514,0
41636,11.187434,6.020685,6
41637,-4.0649796,2.6874995,1
41638,-1.8095952,-2.0180821,1
41639,6.788113,4.0500197,3
41640,-2.7405193,-2.730167,1
41641,-4.0385313,2.5480766,1
41642,10.29283,2.9633152,6
41643,16.706587,7.159141,0
41644,0.9143999,12.213316,9
41645,-0.779928,10.712485,9
41646,14.831091,6.6989937,0
41647,15.236918,8.103654,0
41648,-0.24339075,14.434643,4
41649,-3.3209789,-1.4818327,1
41650,-4.127254,11.748701,7
41651,3.61078,-1.8328229,2
41652,0.041589722,5.697977,8
41653,6.0434127,5.007347,3
41654,11.057404,5.1424837,6
41655,0.1275016,14.989473,4
41656,-4.2363043,10.742346,7
41657,5.0071607,7.335968,5
41658,-1.3718604,-3.5416625,1
41659,10.689684,3.517751,6
41660,-3.7626085,9.06527,7
41661,-4.0306063,9.08903,7
41662,2.615576,-1.1448122,2
41663,-0.08293706,5.5747457,8
41664,-1.5727745,13.993582,4
41665,-0.89848304,10.985073,9
41666,11.386835,5.49555,6
41667,14.418808,7.3346643,0
41668,3.2119548,0.20421465,2
41669,-4.213066,1.2861392,1
41670,4.9829135,7.5670147,5
41671,-1.0559403,15.179551,4
41672,2.2185671,-0.287427,2
41673,5.01064,7.452726,5
41674,4.484725,6.616394,5
41675,10.43827,2.7892118,6
41676,11.413376,3.0268357,6
41677,-3.5161612,8.360682,7
41678,0.33426338,13.507577,4
41679,-0.10071766,5.8725176,8
41680,1.185889,14.439473,4
41681,-1.2694052,10.921231,9
41682,4.180892,7.2264028,5
41683,16.088669,7.9405637,0
41684,-0.5415056,11.816284,9
41685,-4.0888042,0.8729158,1
41686,-0.10776178,14.526922,4
41687,3.237152,-1.5631372,2
41688,10.118778,4.239521,6
41689,5.4855375,4.605963,3
41690,10.949229,5.6647053,6
41691,-1.3646151,14.867293,4
41692,-4.00479,11.225728,7
41693,4.957587,7.4412475,5
41694,-1.0496498,-3.3094122,1
41695,10.667572,2.927951,6
41696,14.780791,8.634138,0
41697,-4.5534344,8.72994,7
41698,-3.9794369,11.622699,7
41699,0.55683976,5.957912,8
41700,-3.3426182,11.133818,7
41701,-0.46171892,10.785548,9
41702,2.3239186,-1.1913192,2
41703,10.122535,3.6426926,6
41704,4.93113,5.3258305,3
41705,0.35714507,6.8812795,8
41706,-0.8878896,11.01654,9
41707,-3.6207626,8.954752,7
41708,3.8952107,-1.7591625,2
41709,0.05145114,5.535462,8
41710,2.904978,-1.7289413,2
41711,10.591712,3.5147994,6
41712,0.7511035,6.786914,8
41713,15.456007,8.029152,0
41714,-0.9038113,15.004667,4
41715,-4.075654,1.5939797,1
41716,1.5217924,14.474074,4
41717,-4.0271926,8.481265,7
41718,0.83001524,7.1921725,8
41719,3.7181718,7.369626,5
41720,5.880796,5.724875,3
41721,4.051781,-1.7974089,2
41722,-0.4841176,12.980045,4
41723,-4.111304,1.399315,1
41724,0.3186446,14.956805,4
41725,-3.8784714,9.289924,7
41726,11.511848,5.034551,6
41727,5.6463437,4.4408703,3
41728,-1.1372205,-4.0433674,1
41729,15.264843,6.574681,0
41730,3.605896,-1.2044072,2
41731,3.6170015,7.09696,5
41732,-3.7069972,0.48491016,1
41733,-2.6054852,-0.6697907,1
41734,-0.28894755,12.315894,9
41735,11.018536,3.8831143,6
41736,11.662132,5.8683844,6
41737,3.5188842,7.123182,5
41738,2.0370007,12.794855,9
41739,-3.984596,1.7309265,1
41740,5.974213,5.9235983,3
41741,3.7524474,-1.6709573,2
41742,-3.454757,10.568771,3
41743,16.209084,8.125845,0
41744,-1.2443514,12.182652,1
41745,3.3574421,-1.5154113,2
41746,9.862205,3.56997,6
41747,5.20477,4.7714095,3
41748,-2.9337556,-2.324746,1
41749,-0.13213465,15.141636,4
41750,-1.5924261,-1.8133988,1
41751,0.30116677,5.9091797,8
41752,3.6470256,5.817296,5
41753,5.3806963,4.4315944,3
41754,3.7610538,6.7977242,5
41755,5.504735,4.795921,3
41756,14.328624,5.755896,0
41757,11.136836,3.7261598,6
41758,0.59111214,6.1390586,8
41759,4.106458,6.894534,5
41760,-3.9211128,10.6414175,7
41761,-0.47833356,11.1285925,9
41762,-3.6557915,10.154163,7
41763,-0.8853162,11.78357,9
41764,1.2019931,7.60868,8
41765,6.183506,4.992698,3
41766,2.4681675,0.038947724,2
41767,5.820968,4.6239853,3
41768,1.1885414,12.099635,9
41769,-3.8738575,9.879098,7
41770,14.418922,5.904384,0
41771,-0.769899,11.7660055,9
41772,3.167906,6.028774,5
41773,5.4137473,4.556124,3
41774,-0.50368094,12.921252,4
41775,-1.4526387,14.817335,4
41776,5.8338137,6.4276023,3
41777,-4.0755935,1.2974099,1
41778,10.468956,4.4802356,6
41779,-4.050021,2.1600797,7
41780,0.7254375,13.658197,4
41781,4.938808,4.64179,3
41782,10.315193,3.0999057,6
41783,-1.3712522,10.336634,9
41784,-1.985531,-3.855628,1
41785,10.641591,2.5388896,6
41786,3.6717882,6.405066,5
41787,-1.4462644,10.383428,9
41788,-3.5959365,10.733518,7
41789,15.000862,8.383556,0
41790,10.703993,2.6340082,6
41791,-1.3486834,10.853,9
41792,1.4842353,12.554293,9
41793,10.420775,2.8894203,6
41794,4.3185554,-1.5228962,2
41795,12.173847,6.656006,0
41796,0.9886121,13.806312,4
41797,10.829141,3.6140885,6
41798,3.6742506,5.5762005,5
41799,-3.7982996,0.18052606,1
41800,10.239329,2.7904286,6
41801,1.6278242,6.796637,8
41802,2.7487948,0.4531544,2
41803,4.994031,7.540373,5
41804,0.15994385,13.858979,4
41805,-3.4866376,-0.24316612,1
41806,14.196696,7.9633346,0
41807,16.835846,7.275334,0
41808,3.3858142,6.5155816,5
41809,-3.6266608,1.2623342,1
41810,14.898737,8.609239,0
41811,15.010341,8.023442,0
41812,-0.9439199,-4.3414764,1
41813,-2.0490847,10.241554,9
41814,11.454891,6.3498383,6
41815,4.19938,6.929156,5
41816,1.5330192,-1.2339007,1
41817,-1.3040121,10.86459,9
41818,0.00425129,13.875091,4
41819,15.673053,7.557646,0
41820,5.161621,5.2587748,3
41821,4.1293545,-1.3379036,2
41822,6.508601,6.8610387,3
41823,-3.2005517,-2.2811358,1
41824,-1.4740884,-3.980732,1
41825,-1.3677069,15.261437,4
41826,-1.0640991,-4.420474,1
41827,-1.8037481,10.521104,9
41828,11.469055,5.5168686,6
41829,10.450277,2.7575917,6
41830,4.626482,-1.4687752,2
41831,1.216855,6.4548883,8
41832,-3.2037125,9.069081,2
41833,-0.83621794,11.23171,9
41834,5.1339083,5.8179526,3
41835,3.817396,-1.5375701,2
41836,-1.329995,-3.4063034,1
41837,16.12396,7.064502,0
41838,0.82712007,14.514995,4
41839,-3.577571,1.8355275,1
41840,1.342388,12.228186,9
41841,3.833652,-0.8105248,2
41842,11.547276,5.926242,6
41843,6.2328606,4.369402,3
41844,-4.4201016,12.0188675,7
41845,-1.7398212,14.558342,4
41846,1.4202467,14.270013,4
41847,2.590604,4.9613013,5
41848,10.679536,3.9695966,6
41849,11.634817,4.5325985,6
41850,5.9791403,5.0495033,3
41851,-4.48442,9.318227,7
41852,-2.5537796,-2.5178776,1
41853,0.34372702,5.8181734,8
41854,-3.8186388,9.552153,7
41855,-1.0319265,9.973297,9
41856,14.987231,8.306763,0
41857,16.30357,6.687957,0
41858,-0.60127854,-3.8274205,1
41859,-4.127461,2.1641128,1
41860,1.4036514,-0.4287884,2
41861,4.397207,-0.89256614,2
41862,-3.6177597,-1.1340047,1
41863,6.6500916,4.2950144,3
41864,0.38261676,14.655032,4
41865,-1.8718483,14.137322,4
41866,0.1081712,5.550752,8
41867,2.7338371,4.8382516,5
41868,4.691011,7.681749,5
41869,11.662162,3.9884012,6
41870,-0.11673955,13.494314,4
41871,-4.0075884,8.756438,7
41872,-4.2792115,10.814441,7
41873,-0.40528402,6.0160317,8
41874,9.950845,3.4511604,6
41875,-1.0214974,10.696193,9
41876,10.21492,4.1956587,6
41877,15.589235,6.8613043,0
41878,3.499842,-1.5860645,2
41879,-3.931869,1.806164,1
41880,14.382241,7.0626,0
41881,4.630402,-1.0073968,2
41882,6.063676,7.5772715,8
41883,6.067765,4.2511797,3
41884,-1.1113645,-3.301595,1
41885,-1.9087963,14.74255,4
41886,0.31428787,14.868722,4
41887,3.1477242,4.9584646,5
41888,-0.7473397,-4.5093613,1
41889,11.537005,4.6102896,6
41890,11.529135,6.090177,6
41891,-5.120334,9.427815,7
41892,-4.0849566,11.328266,7
41893,-0.33648676,5.803785,8
41894,-4.332312,1.1244899,1
41895,-0.63494164,10.333547,9
41896,15.545851,6.8934736,0
41897,-3.7551143,1.445629,1
41898,-0.5085561,-4.3370843,1
41899,10.630016,4.348842,6
41900,3.1351182,0.56797194,2
41901,0.4011603,5.8327446,8
41902,5.5460796,5.7085114,3
41903,-0.99415284,10.802682,9
41904,2.1671412,7.696741,5
41905,-0.9623199,10.875073,9
41906,-0.30659038,13.287303,4
41907,16.126158,7.057741,0
41908,-2.6363127,-3.4559748,1
41909,-2.857012,0.5878638,1
41910,-4.430522,10.397881,7
41911,4.4966407,-0.79653776,2
41912,11.289052,5.4391212,6
41913,-1.7734566,13.881496,4
41914,-1.6830461,-3.0973654,1
41915,-1.6500994,14.031915,4
41916,3.666036,-1.352779,2
41917,5.4427195,4.147215,3
41918,0.68561924,12.292081,9
41919,-5.315195,10.061786,7
41920,-4.05761,10.442507,7
41921,-1.6646919,14.521219,4
41922,14.141061,6.506532,0
41923,-1.8272798,14.773529,4
41924,2.2388368,12.700642,9
41925,-1.8120848,14.645656,4
41926,4.68982,7.3758445,5
41927,15.229217,6.6009088,0
41928,-4.153171,10.375666,7
41929,5.609152,4.3911085,3
41930,0.5645867,14.365343,4
41931,-0.53465104,5.1869884,8
41932,-1.4437451,10.385148,9
41933,2.2085915,4.444503,5
41934,4.864714,6.913399,5
41935,-0.31168205,5.525472,8
41936,2.2690856,-0.39227307,2
41937,4.5903587,-0.9452085,2
41938,3.6042268,6.4330144,5
41939,-3.8895633,5.3714255e-05,1
41940,10.914449,5.064075,6
41941,-5.192603,10.168156,7
41942,1.8451539,12.394634,9
41943,6.563197,4.182888,3
41944,-1.9596128,-1.8763571,1
41945,2.720435,5.3669147,5
41946,4.0916843,-1.8026568,2
41947,-0.3911231,5.5436406,8
41948,-0.04057465,11.948983,9
41949,2.9800534,5.110841,5
41950,0.446947,13.029929,4
41951,2.610001,4.977457,5
41952,1.1270057,7.389044,8
41953,-0.9496023,10.489252,9
41954,-2.6820536,-3.1295314,1
41955,4.8138604,-0.75548697,2
41956,-3.098588,0.10768927,1
41957,3.2973726,5.2674146,5
41958,-4.942032,10.603044,7
41959,-3.9995234,2.1146004,1
41960,7.055849,4.525426,3
41961,-3.8197978,1.6675116,1
41962,2.102189,12.804862,9
41963,11.647986,4.388614,6
41964,-0.2851788,14.667924,4
41965,4.6565757,-0.78261596,2
41966,1.736928,-0.3723583,2
41967,-2.9375348,0.12350589,1
41968,6.155941,3.9344888,3
41969,6.583664,3.9845307,3
41970,4.522502,7.4599037,5
41971,-2.0783966,-2.9393322,1
41972,-3.4868417,10.345354,7
41973,-0.68828434,5.893646,8
41974,11.389821,5.6438146,6
41975,11.596421,4.9265666,6
41976,11.456399,4.276775,6
41977,-1.585773,14.612844,4
41978,6.1322284,6.3962436,3
41979,-0.15015733,10.650931,9
41980,3.9614859,6.6675205,5
41981,-1.8930887,14.314866,4
41982,1.3896064,12.677873,9
41983,-1.311445,10.372774,9
41984,3.677071,-1.389702,2
41985,4.7230334,-0.95340747,2
41986,-1.290673,-3.0542853,1
41987,16.17398,6.562752,0
41988,9.921623,2.9093943,6
41989,15.221505,6.117647,0
41990,0.7459833,14.279686,4
41991,-1.3475161,14.699938,4
41992,1.1965015,6.841718,8
41993,-2.0464566,14.25953,4
41994,6.484157,5.1380386,3
41995,11.495066,3.4973671,6
41996,1.6906135,6.6622634,8
41997,3.8675885,-0.9168894,2
41998,2.971473,-0.54860985,7
41999,16.687681,7.2849813,0
42000,-2.8616893,-1.9688694,1
42001,4.647362,-0.8896042,2
42002,-1.0574837,-3.2765942,1
42003,0.107754454,5.4460826,8
42004,-3.1469324,9.387772,7
42005,15.748148,7.272421,0
42006,0.4675675,6.9179134,8
42007,11.760719,4.206046,6
42008,14.814287,5.854968,0
42009,-0.27041292,5.437023,8
42010,16.036938,6.8890615,0
42011,-5.1133,10.317375,7
42012,3.057056,-1.1685435,2
42013,-1.2989388,10.298605,9
42014,2.5039392,-0.63031197,2
42015,-3.3888707,1.2732602,1
42016,-5.025713,12.194617,7
42017,-0.9072032,10.585649,9
42018,-0.61603457,14.135248,4
42019,2.876667,0.21174671,2
42020,2.185796,12.304331,9
42021,11.75358,4.560807,6
42022,11.414359,4.6243224,6
42023,-4.0275154,8.584533,7
42024,5.008926,4.8938975,3
42025,11.1928215,4.083208,6
42026,-3.032228,-2.2937953,1
42027,10.964138,3.704618,6
42028,-0.6599607,-3.785088,1
42029,3.9072883,-0.6119334,8
42030,-4.264718,10.269323,7
42031,-4.986664,9.470399,7
42032,-1.1798285,13.676893,4
42033,-0.99648637,14.940813,4
42034,1.2813507,7.005563,8
42035,-0.41993612,10.231306,9
42036,-4.805425,11.990986,7
42037,4.3097954,-1.2053305,2
42038,16.604885,6.990866,0
42039,-3.769865,1.416979,1
42040,-2.9437022,0.7927748,1
42041,6.1137757,4.3817954,3
42042,1.0249228,13.170492,4
42043,5.5558043,4.695685,3
42044,-2.1558976,-3.3494143,1
42045,16.200602,7.562148,0
42046,4.4396157,7.094246,5
42047,2.7025506,4.983279,5
42048,-0.19282708,12.212358,9
42049,2.962143,5.205722,5
42050,4.2946095,-1.673191,2
42051,0.36555785,7.2519608,8
42052,2.0011616,12.755447,9
42053,14.780521,6.8002133,0
42054,6.0680866,5.7387166,3
42055,5.6873636,4.87071,3
42056,5.8709016,5.409659,3
42057,-5.2502847,10.327703,7
42058,-2.6344059,-3.4615772,1
42059,-0.572165,10.242723,9
42060,-0.0150352055,5.7294183,8
42061,-4.289162,9.945157,7
42062,-3.7509594,10.858598,7
42063,16.313702,7.7218547,0
42064,-3.3611107,10.983971,7
42065,3.165421,-0.5969273,2
42066,10.434085,4.9596477,6
42067,-3.778122,9.037689,7
42068,4.717914,-1.3319016,2
42069,-0.22865753,10.742862,9
42070,7.0408964,4.485701,3
42071,-3.6465027,0.23499802,1
42072,10.638094,4.494139,6
42073,5.885987,3.922635,3
42074,16.056852,7.2183313,0
42075,11.584263,3.8423584,6
42076,2.4049776,7.4657183,8
42077,-3.9187021,8.756482,7
42078,-0.3822911,-4.4031887,4
42079,-0.48565865,5.909061,8
42080,10.158073,3.2874017,6
42081,16.314383,7.3038015,0
42082,6.9647646,5.1378,3
42083,5.4855747,4.463103,3
42084,14.635228,7.5888524,0
42085,2.5610368,5.1756616,5
42086,-1.717334,11.277969,9
42087,5.9363794,4.9019127,3
42088,-1.2027793,10.431774,3
42089,11.59967,4.4258432,6
42090,0.888574,11.628226,9
42091,15.904429,6.2675138,0
42092,2.3719568,-0.7672133,2
42093,-2.8952043,0.5789528,1
42094,-4.5947094,10.7807045,7
42095,2.8299847,-0.36622897,2
42096,-0.20401692,6.5161066,8
42097,6.018076,4.1721125,3
42098,-3.5499675,-0.5415441,1
42099,-1.3173256,10.97823,4
42100,14.272428,8.114905,0
42101,2.7094297,4.90377,5
42102,-3.368407,-1.017097,1
42103,10.983937,3.1670034,6
42104,0.9908107,6.3070188,8
42105,-5.155425,9.830179,7
42106,1.9366313,12.828703,9
42107,0.46287975,6.626837,8
42108,3.733787,7.272539,5
42109,-1.564621,11.268486,9
42110,3.5130205,7.0841713,5
42111,15.907366,6.5509853,0
42112,-1.7177958,14.428623,8
42113,-3.5682082,1.7806501,1
42114,4.9657807,5.179551,3
42115,3.401545,-0.98116416,2
42116,0.9358228,13.631214,4
42117,6.058431,3.880174,3
42118,-1.5955278,11.363136,9
42119,-0.8424977,15.2346525,4
42120,6.7600107,5.5025773,3
42121,2.3286989,4.338011,5
42122,4.2778378,6.561395,5
42123,11.512724,3.0488048,6
42124,0.82540864,12.341274,9
42125,-4.461733,8.88001,7
42126,2.4133148,-1.0168395,2
42127,-0.39078268,5.600883,8
42128,0.0052758316,13.495494,4
42129,-1.7347366,10.825967,9
42130,0.52585703,5.837924,8
42131,16.05975,6.2487216,0
42132,-2.5576174,-3.283561,1
42133,-3.8491778,2.202115,1
42134,-3.831684,10.69424,7
42135,3.1143475,-0.8704129,2
42136,15.466048,6.7292633,0
42137,6.186362,3.5461662,3
42138,3.0248992,-1.1499155,2
42139,-1.7011665,15.301725,4
42140,5.670754,5.8145804,3
42141,2.3909779,4.34547,5
42142,1.6363407,-0.55255026,2
42143,11.249508,2.8399427,6
42144,0.6702876,11.334626,9
42145,-4.567913,8.763365,7
42146,-4.3435884,10.143344,7
42147,-0.516973,5.7822065,8
42148,-3.4986668,11.387269,7
42149,-1.9625967,10.34686,9
42150,5.5879083,4.291066,3
42151,11.230186,3.3928187,6
42152,1.8262516,12.659822,9
42153,15.527016,5.7156706,0
42154,11.47476,6.3219895,6
42155,-0.24380957,6.1724973,8
42156,-3.2097328,-2.0045013,1
42157,15.6195,5.8921704,0
42158,1.7495695,-0.054745473,2
42159,3.6905086,-0.7900581,2
42160,11.334621,4.272134,6
42161,6.146145,3.8623037,3
42162,11.308913,4.310399,6
42163,-3.9222584,8.839688,7
42164,-3.3201697,10.775635,7
42165,-1.6341867,10.72864,9
42166,10.63771,5.3407006,6
42167,-1.721375,14.940126,4
42168,2.7886214,0.25953162,2
42169,-3.8886547,9.146451,7
42170,14.521614,7.4179983,0
42171,-3.5753706,1.8191074,1
42172,10.543638,3.7126164,6
42173,-1.6821913,10.64989,9
42174,10.85907,3.8212986,6
42175,-3.5238595,1.7658155,1
42176,-1.5382298,-3.908271,1
42177,-3.9023652,8.846087,7
42178,6.585342,5.339383,3
42179,-3.5569563,1.8328096,1
42180,15.344206,5.8692193,0
42181,-2.0371103,14.896705,4
42182,-0.70277536,-3.6022072,1
42183,15.458264,5.728276,0
42184,-1.3020697,-4.156273,1
42185,15.465457,5.8174596,0
42186,6.089562,5.7291684,3
42187,-0.52611697,14.539497,4
42188,3.1073465,0.39749324,2
42189,-3.5391762,1.7705289,1
42190,11.554219,6.2779846,6
42191,-4.2355404,9.071208,7
42192,-0.5244753,12.229325,9
42193,2.4124942,4.340915,5
42194,-2.497343,-0.51849353,1
42195,-4.626101,10.205601,7
42196,1.0131619,6.338732,8
42197,-3.8048582,1.8367245,1
42198,1.6919243,14.37473,4
42199,6.087478,3.5244174,3
42200,-5.2631383,11.684617,7
42201,6.1459928,3.4894395,3
42202,-4.5401,8.926827,7
42203,6.2323537,3.5001218,3
42204,-3.8185568,8.815934,7
42205,-2.8548858,0.38747087,1
42206,3.2354252,0.42035127,2
42207,11.513746,3.5142689,6
42208,2.184957,7.566072,8
42209,-2.1888065,10.141565,9
42210,7.092834,5.445555,3
42211,-3.8484943,9.250832,7
42212,5.251605,5.808384,3
42213,-1.8432376,14.919229,4
42214,-0.5082397,10.580848,9
42215,6.1982565,3.8569477,3
42216,-0.15910141,13.0629635,4
42217,15.567524,5.921202,0
42218,-0.2644561,6.5213532,8
42219,3.2121804,-0.7145157,2
42220,4.963187,5.555408,3
42221,2.9202936,4.717382,5
42222,-1.4587,11.435157,9
42223,2.6894863,-0.4670776,2
42224,14.725879,8.884972,0
42225,10.814465,3.1583033,6
42226,1.013138,7.086782,8
42227,15.349454,5.8285704,0
42228,1.754011,12.025961,9
42229,0.07381982,6.6491303,8
42230,14.569303,7.734779,0
42231,-1.441553,10.766491,9
42232,2.8978798,6.5374446,5
42233,-1.7631352,14.9673815,4
42234,10.4042225,4.553617,6
42235,6.303598,3.6069832,3
42236,0.556837,14.0095825,4
42237,2.345244,4.3505073,5
42238,1.0878978,6.9111056,8
42239,-1.7498364,15.128022,4
42240,2.7940743,-1.579165,2
42241,-0.056752495,6.065947,8
42242,-3.0106535,-2.017939,1
42243,-3.6166677,2.0857549,1
42244,4.900565,7.105357,5
42245,15.685343,6.2348075,0
42246,1.6996124,12.053037,9
42247,11.676812,3.6351156,6
42248,6.403602,5.1608706,3
42249,-1.7212164,15.297783,4
42250,15.220351,8.0663395,0
42251,6.2377596,3.6254618,3
42252,2.9076078,5.802471,5
42253,11.1792755,2.6046886,6
42254,6.1026406,3.737826,3
42255,5.9658895,3.5696979,3
42256,11.320288,5.530134,6
42257,5.8247805,3.4980674,3
42258,-1.6306049,9.948497,9
42259,-0.31400502,5.999983,8
42260,-1.9451263,-3.577165,1
42261,-3.9373035,1.312589,1
42262,14.944984,7.6182632,0
42263,-1.3821245,14.896294,4
42264,5.553292,3.790553,3
42265,-3.862682,8.589655,7
42266,0.9021208,5.9536996,8
42267,2.3374655,4.3456583,5
42268,-0.6739547,-4.1512227,1
42269,-4.6055694,8.801965,7
42270,14.453859,7.2224646,0
42271,4.340817,-0.7329678,2
42272,1.4513878,13.953192,4
42273,3.3894956,-0.7845631,2
42274,4.438326,6.8204813,5
42275,15.78861,6.1304903,0
42276,-3.0396752,-2.0482695,1
42277,16.149895,7.177481,0
42278,3.8860302,-1.3508176,2
42279,-3.8417988,1.4187758,1
42280,1.7229961,-0.28552008,2
42281,-3.8786035,9.322708,7
42282,-5.368763,10.337994,7
42283,-4.196321,10.023803,7
42284,5.6392765,5.8410826,3
42285,-1.9213415,9.927407,9
42286,0.019644814,13.610082,4
42287,2.389365,4.342912,5
42288,-3.1485515,-0.8640325,1
42289,-1.7691619,10.453525,9
42290,-4.053678,12.029207,7
42291,0.108578734,6.480087,8
42292,-3.1502426,9.047558,7
42293,-1.9287338,9.942783,9
42294,14.491574,8.588557,0
42295,11.496501,3.7874277,6
42296,-4.6752543,11.956343,7
42297,-0.55189836,5.7008066,8
42298,0.4788039,11.119674,9
42299,-0.22358678,6.0659785,8
42300,0.04266375,14.380768,4
42301,4.0334616,-1.0481782,2
42302,0.7587571,13.944127,4
42303,6.712044,3.8911507,3
42304,1.5937631,14.167188,4
42305,11.574028,4.255187,6
42306,-0.42941672,11.024984,9
42307,-3.7308595,1.9368969,1
42308,2.1500561,0.3255413,2
42309,3.2430227,0.26338065,2
42310,1.8711022,-0.6862784,2
42311,-1.8567562,9.999147,9
42312,5.747036,7.315837,5
42313,-0.10864236,5.5861826,8
42314,0.3861418,5.3889313,8
42315,-2.046529,9.765227,9
42316,-0.31075278,-4.47133,1
42317,2.3563068,4.312662,5
42318,0.44958422,11.860621,9
42319,3.7722769,-0.82023305,2
42320,-3.3219383,8.819282,7
42321,2.3993409,4.3098345,5
42322,5.125568,7.469965,5
42323,4.5279016,-0.69102377,2
42324,14.435158,7.151377,0
42325,11.457032,4.1589823,6
42326,-1.8466564,-1.5127136,1
42327,3.3241286,0.22455095,2
42328,2.9087489,-0.6007496,2
42329,-1.7423441,15.345809,4
42330,1.2239137,14.083811,4
42331,-0.4136888,5.6223526,8
42332,-1.3629386,-4.0861993,1
42333,-1.7112857,15.347795,4
42334,3.7650318,5.7431755,5
42335,11.505081,2.955116,6
42336,2.1421146,-1.0907087,2
42337,2.338984,4.3357725,5
42338,3.724041,6.2467513,5
42339,-1.0629691,-3.8315,1
42340,11.213154,6.005478,6
42341,1.9587692,-0.9702645,2
42342,14.494522,7.9761176,0
42343,5.454178,6.1371436,3
42344,2.604388,12.491292,9
42345,0.8781011,13.598385,4
42346,0.6431517,13.959081,4
42347,5.668349,7.6882358,8
42348,-3.0690727,-2.0373201,1
42349,15.686611,8.794419,0
42350,10.403843,4.509378,6
42351,-1.0672219,-3.696406,1
42352,-4.7601814,10.41405,7
42353,2.2455864,0.3392754,2
42354,-5.1148877,12.359304,7
42355,3.1565006,0.59849304,3
42356,2.212119,12.5529375,9
42357,1.0363302,14.160358,4
42358,15.141468,8.226169,0
42359,4.779883,7.767258,5
42360,0.94116694,11.647142,9
42361,11.4999075,6.262866,6
42362,14.632432,6.665876,0
42363,-5.255332,12.292866,7
42364,2.4896388,4.4286866,8
42365,2.672553,7.452547,8
42366,1.4198669,-0.5597461,2
42367,1.3847326,13.016281,9
42368,-5.2920327,11.026077,7
42369,15.993132,8.638649,0
42370,11.349941,4.0137625,6
42371,-1.9397819,-2.7319262,1
42372,3.7809906,6.836456,5
42373,1.6712054,-0.8296484,2
42374,15.577214,6.8524556,0
42375,5.801412,6.0649657,3
42376,-1.4188768,10.388904,9
42377,0.5640404,14.632181,4
42378,-3.9627657,11.017847,7
42379,3.5398755,7.1302114,5
42380,-1.6721854,-2.0562055,1
42381,11.4357395,5.258125,6
42382,-0.16288029,14.293048,4
42383,2.669985,7.3978505,8
42384,0.12988104,7.663035,8
42385,1.905962,12.608551,9
42386,9.928459,3.1098883,6
42387,5.4572415,7.584941,5
42388,0.64363366,7.2049637,8
42389,14.986959,8.581469,0
42390,2.9605103,6.6427197,5
42391,5.751327,5.5959945,3
42392,4.2235703,7.29277,5
42393,-1.9464523,-2.8889034,1
42394,2.3071537,-0.9889374,2
42395,11.288771,5.9770417,6
42396,11.01373,5.8747287,6
42397,5.8395777,7.6457314,8
42398,5.54382,5.310472,3
42399,0.5937191,14.362699,4
42400,0.8681607,12.218388,9
42401,-1.7308294,-3.43987,1
42402,14.327457,7.9890313,0
42403,-5.1330395,12.156871,7
42404,-2.592681,-2.3352642,1
42405,11.516317,6.4199853,6
42406,-2.1280472,-2.7543082,1
42407,2.558084,5.335037,5
42408,0.9634155,6.3316875,8
42409,11.765245,5.909485,6
42410,-5.472553,10.74435,7
42411,0.6299988,14.764082,4
42412,-1.5016706,-1.8736073,1
42413,1.8158596,-0.09472913,2
42414,3.3853505,6.8042927,5
42415,2.3871963,12.626743,7
42416,-3.2576249,10.358825,7
42417,2.3861496,7.1894817,8
42418,-3.301733,10.772461,7
42419,5.9674025,5.7159576,3
42420,11.60669,5.7901654,6
42421,0.73216,14.082026,4
42422,-0.48804086,-4.2751894,1
42423,6.7191014,5.876042,3
42424,-2.0140924,-3.074368,1
42425,1.6518378,14.426773,4
42426,0.42672074,11.651229,9
42427,-4.779538,12.003594,7
42428,16.19366,8.746816,5
42429,2.0992694,-0.8940158,2
42430,-4.9121385,10.478861,7
42431,3.6144307,5.5129275,5
42432,6.0096602,6.4258738,3
42433,15.053646,8.037481,0
42434,-0.01904561,12.297373,3
42435,-1.0666397,-3.9185743,1
42436,3.673886,7.1308484,5
42437,1.1754054,12.947744,9
42438,6.696064,5.252412,9
42439,3.1941636,0.48384053,2
42440,-2.500036,-1.2891084,1
42441,5.552061,5.405637,3
42442,1.5493404,7.527283,8
42443,1.8802254,-0.49315363,2
42444,15.824655,6.0614614,0
42445,5.875437,6.200882,3
42446,14.588034,7.4102364,0
42447,4.620102,7.135728,5
42448,15.199023,8.591573,0
42449,4.2864866,7.1587877,5
42450,10.784916,5.1215076,6
42451,-3.4376833,9.707212,7
42452,11.27603,5.9803796,6
42453,2.2760859,7.109988,8
42454,2.9587164,-1.3509681,2
42455,-0.80657256,13.080838,4
42456,14.67894,7.1299014,0
42457,2.0485451,12.376059,9
42458,-0.6138315,11.169717,9
42459,1.1829392,12.067997,9
42460,-1.493159,-3.3972008,1
42461,-5.117077,12.142496,7
42462,-2.5180233,-2.042173,1
42463,-2.273496,-3.742713,1
42464,0.84975225,14.80761,4
42465,0.60663563,12.171931,9
42466,-3.3005023,10.529763,7
42467,5.7338915,7.772825,8
42468,-3.3547804,10.12508,7
42469,5.688472,5.817927,3
42470,0.32635498,6.267782,8
42471,0.85689324,13.989273,4
42472,-4.2330775,10.751034,2
42473,2.0199206,7.0810733,8
42474,3.0523248,-0.95342404,2
42475,11.39843,6.1693563,6
42476,5.8119183,6.218366,3
42477,5.216191,5.4776382,3
42478,1.0026964,7.6377645,8
42479,5.6330504,7.5012302,8
42480,3.8905747,7.0868597,5
42481,11.729773,6.2275095,6
42482,1.860067,12.738794,9
42483,14.976934,8.272118,0
42484,-0.048728686,14.745553,4
42485,-1.5362992,-2.244376,1
42486,-0.875664,-3.1295686,1
42487,14.498165,6.181489,0
42488,15.327653,7.290994,0
42489,11.049945,4.5645247,6
42490,10.461016,3.525239,6
42491,3.5625634,0.70207167,2
42492,0.9245848,12.351626,9
42493,5.465436,5.2211003,3
42494,-3.2958217,-2.0134661,1
42495,2.4309375,7.250002,8
42496,2.0461025,-0.28248355,2
42497,2.2643137,12.568931,9
42498,11.618427,5.817931,6
42499,14.391607,7.383267,0
42500,0.41464555,12.054342,9
42501,-5.1436253,12.281241,7
42502,-1.2988423,-2.3470228,1
42503,3.5498722,0.73202825,2
42504,0.75719774,14.596997,8
42505,5.2607765,4.835445,3
42506,-1.9329538,-3.983856,1
42507,-0.35668054,13.422739,4
42508,5.947366,6.9132977,3
42509,5.5258436,6.8338275,5
42510,-2.0518217,-3.3911593,1
42511,4.819831,7.4519377,5
42512,-0.8889638,11.430579,9
42513,3.197771,0.509673,2
42514,-4.7189727,11.959947,7
42515,2.423934,7.312981,8
42516,-1.092233,11.806723,9
42517,4.262656,7.6636534,5
42518,-3.063929,-1.7871554,1
42519,-1.1439264,14.049948,4
42520,4.870893,7.595957,5
42521,10.83918,4.6502333,6
42522,3.7282217,0.6744805,2
42523,11.477286,5.5347857,6
42524,1.8513337,12.5106,9
42525,11.051348,5.289578,6
42526,3.59099,0.7573264,3
42527,-5.2089667,12.294211,7
42528,-3.812318,11.224196,7
42529,1.259881,11.612445,9
42530,10.586921,3.2452552,6
42531,-3.4008377,-1.1620814,1
42532,3.9441824,0.7462842,2
42533,5.6648173,7.548817,8
42534,6.5888405,5.4241,3
42535,1.9019227,-0.5266683,2
42536,0.47472548,13.424436,4
42537,-3.154584,-2.4226034,1
42538,3.7120519,0.27484512,2
42539,2.772744,0.24221404,2
42540,0.5209603,7.0338674,8
42541,11.878771,5.834266,6
42542,-0.0530997,12.007322,9
42543,3.4099004,7.1997476,5
42544,-4.876547,11.305192,7
42545,5.1504064,5.857543,3
42546,-3.434423,-0.68225086,1
42547,-0.39517188,14.130743,4
42548,-3.9220006,11.448362,7
42549,-4.9691186,11.918795,7
42550,1.6379026,12.23117,9
42551,1.8865085,12.522672,9
42552,14.18856,7.0306478,0
42553,-0.36387748,14.155966,4
42554,5.2084713,5.940521,5
42555,3.6250618,6.2278414,5
42556,3.7848754,6.9292436,5
42557,1.154244,12.105749,9
42558,10.586593,3.1842418,6
42559,15.019609,7.6621375,0
42560,4.106972,7.234358,5
42561,-2.884626,0.3105503,1
42562,2.2901475,-0.2901893,2
42563,2.8765993,-1.3298213,2
42564,0.2656647,11.662485,9
42565,5.7448945,5.84659,3
42566,0.90423363,14.084127,9
42567,-0.8448565,15.042249,4
42568,2.8933015,-0.46531627,2
42569,4.237255,6.3563986,5
42570,11.288052,5.934457,6
42571,11.265405,3.8428354,6
42572,4.556459,7.247961,5
42573,-4.305809,9.014462,7
42574,0.39504424,13.557647,4
42575,-0.0009651228,6.3758035,8
42576,1.7646511,6.8724713,8
42577,-0.43791425,11.699684,9
42578,-3.3078275,-1.0706433,1
42579,15.692993,7.1083035,0
42580,-0.48895505,6.202975,8
42581,-3.7379234,1.248745,1
42582,-3.553944,11.387156,7
42583,3.3270729,-1.2797757,2
42584,-0.9465364,-3.4924374,1
42585,6.6719885,4.447404,3
42586,-1.8871254,-3.0337338,1
42587,-0.8781833,15.302095,4
42588,5.7130213,4.910187,3
42589,3.530335,6.709542,5
42590,4.4420915,7.1150775,5
42591,11.556665,3.6616528,6
42592,-4.4724784,10.431917,7
42593,-5.0502462,9.771327,7
42594,-4.46514,12.059677,7
42595,0.22715367,6.8455772,8
42596,1.9240301,-0.8181493,2
42597,-0.15905124,11.287921,9
42598,2.3116798,-1.1259611,2
42599,15.146494,7.713219,0
42600,10.258485,2.6973095,6
42601,-3.411152,0.19196153,1
42602,-3.0077775,-2.4975054,1
42603,3.0571856,-1.0221709,2
42604,4.7554955,7.390464,5
42605,7.023105,5.678254,3
42606,-4.631649,12.017574,7
42607,-1.4055265,14.863773,4
42608,14.928481,6.603917,0
42609,3.3176606,4.8220425,5
42610,14.564743,8.774158,0
42611,11.369956,3.7859848,6
42612,14.32043,8.191828,0
42613,-3.9324358,9.224457,7
42614,14.57513,8.17818,0
42615,0.31120262,6.525277,8
42616,0.60862666,14.056896,4
42617,0.83544964,6.7545643,8
42618,-0.7392622,-4.2125864,1
42619,-4.559406,10.597441,7
42620,0.45122558,13.375946,4
42621,-5.289567,10.131688,7
42622,4.2402554,-1.8671716,2
42623,15.789071,7.670186,0
42624,-1.0994612,9.890587,8
42625,-3.9637828,0.07923208,1
42626,3.2781427,6.6795735,5
42627,6.426764,5.4607425,3
42628,-0.19007105,11.778668,9
42629,-4.803284,10.80508,7
42630,-0.60295385,-4.203478,1
42631,4.009858,5.971076,5
42632,16.751303,7.8560815,0
42633,4.026708,-0.62887776,2
42634,15.042721,7.5167203,0
42635,0.28538552,5.9780645,8
42636,5.70509,4.956374,3
42637,15.631771,8.048063,0
42638,-0.18815298,13.006705,4
42639,-4.251671,9.595452,7
42640,-1.3620044,11.02888,9
42641,3.7889028,7.027881,5
42642,2.6254215,12.467799,9
42643,-0.9687182,10.529776,9
42644,-0.9571992,-4.4419837,1
42645,-1.8609712,10.370598,9
42646,-4.016327,10.428111,7
42647,11.314298,3.379546,6
42648,-4.9377975,11.62719,7
42649,16.272484,8.089014,0
42650,-3.7237306,11.379614,7
42651,-0.40272975,10.66998,9
42652,4.301213,6.8753014,5
42653,-1.3455384,15.020823,4
42654,2.5976279,-1.2667707,2
42655,-4.0157847,-0.27887127,1
42656,1.4183046,7.3734155,8
42657,-4.199162,0.6497178,1
42658,15.793245,8.75318,0
42659,3.9136577,6.4337397,5
42660,5.577424,7.3585033,5
42661,0.3789356,6.5368824,8
42662,0.5019029,7.849058,8
42663,4.0643606,5.727766,5
42664,14.695218,5.881582,0
42665,0.17492825,6.2753606,8
42666,-2.3797758,-3.3379447,1
42667,10.882968,2.806453,6
42668,0.117666274,12.455508,9
42669,6.1729884,4.9708605,3
42670,-3.8065028,11.6484,7
42671,14.313668,7.479962,2
42672,-3.4460664,10.882236,7
42673,-3.3731575,0.22802372,1
42674,15.498288,6.4185224,0
42675,3.4641907,-0.8072602,2
42676,1.2253965,14.412121,4
42677,6.134647,5.0916815,3
42678,6.763611,6.1265917,3
42679,0.28215554,6.6895885,8
42680,5.796866,7.140577,5
42681,6.034679,5.1862006,3
42682,5.6995616,7.410762,8
42683,3.5241444,-0.7610785,2
42684,0.5070522,14.720629,4
42685,10.923177,3.1597013,6
42686,4.0217547,-1.5950452,2
42687,3.5260499,5.943374,5
42688,-2.2605233,-1.0242666,8
42689,11.1989,3.3445761,6
42690,-0.5490449,-4.3134055,1
42691,1.747548,7.5731173,8
42692,4.717422,-1.406973,2
42693,2.6377077,-0.17602463,2
42694,10.561789,5.27519,6
42695,-4.410132,9.115883,7
42696,-1.9916719,10.043836,9
42697,-1.4786111,15.286171,4
42698,3.1229253,6.6431465,5
42699,0.10805492,6.8206425,8
42700,10.839298,4.542668,6
42701,-2.452842,-0.43775588,1
42702,-2.0671332,-3.112437,1
42703,10.8708315,2.5529118,0
42704,0.8625705,6.8843937,8
42705,3.0732644,4.6375675,5
42706,0.40558565,6.80624,8
42707,6.135263,5.3788934,3
42708,3.2320502,-0.9825997,2
42709,-0.2957013,10.528974,9
42710,1.3935491,14.149177,4
42711,-1.6978389,15.373429,4
42712,0.757715,5.6095004,8
42713,-3.8671007,2.3623466,1
42714,11.3279,6.240065,6
42715,-0.7993534,10.07571,9
42716,-1.4356296,-3.3824139,1
42717,4.0718637,-1.0260917,2
42718,-1.8037332,10.669506,9
42719,-3.6819575,0.96361774,1
42720,14.58054,6.9802356,0
42721,0.22096542,10.7921,9
42722,-4.5705333,11.310307,7
42723,10.744107,2.615705,6
42724,1.2555238,6.9615045,8
42725,-4.5009055,9.485238,7
42726,2.986399,-0.62333626,2
42727,-1.6239183,9.767501,9
42728,0.7293926,11.78521,9
42729,10.512879,3.118223,6
42730,11.58484,6.327236,6
42731,-3.5384514,0.59107393,1
42732,14.527783,8.498018,0
42733,-4.114579,10.285234,7
42734,14.125262,7.4020705,2
42735,6.546814,5.221118,3
42736,1.2461653,7.3135743,8
42737,0.5067955,7.145542,8
42738,-1.2784147,11.739875,9
42739,-4.7626834,10.649542,7
42740,-1.3799766,-4.2813945,1
42741,3.0155444,-1.3148819,2
42742,-0.4027358,14.093127,4
42743,-1.6721984,10.17645,9
42744,14.295922,7.9880896,0
42745,11.106884,2.636985,6
42746,3.6905773,0.40289366,2
42747,3.9911337,6.4604177,5
42748,-5.469072,10.42501,7
42749,0.27120683,6.427032,8
42750,-0.2638778,13.862508,4
42751,-4.7439146,9.904104,7
42752,15.254998,8.602949,0
42753,3.7136524,5.2198424,5
42754,3.0633438,-1.2026484,2
42755,6.6491423,4.5086346,3
42756,4.1179614,7.647025,5
42757,-1.8840278,9.98039,9
42758,5.253903,4.928517,3
42759,15.293291,8.206383,0
42760,5.632533,7.6650076,5
42761,3.6767433,6.117423,5
42762,4.348102,7.1486573,5
42763,-4.402919,8.698041,7
42764,14.746545,7.846138,0
42765,-3.7699172,1.4249468,1
42766,0.6315329,14.611005,4
42767,10.603777,3.107509,6
42768,-2.384021,-0.9071982,1
42769,-3.2674594,1.248569,1
42770,-0.7699012,12.342642,4
42771,15.076183,6.866601,0
42772,-4.914331,11.740246,7
42773,-0.9886193,10.302952,9
42774,0.4206291,13.476881,4
42775,6.8826547,5.2087474,3
42776,15.550242,7.2829227,0
42777,6.2925277,4.9392095,3
42778,0.17988257,6.1792865,8
42779,-1.3858805,15.360774,4
42780,-4.5530033,10.503268,7
42781,-1.4051065,15.333474,4
42782,-1.8808838,-1.7241765,7
42783,15.580995,6.4379344,0
42784,-3.7969828,10.268548,7
42785,11.497534,4.9645123,6
42786,-2.836178,-0.38048902,1
42787,-0.5692068,14.909997,4
42788,10.550235,3.1928432,6
42789,3.7858279,-1.0405167,2
42790,-3.5325298,8.583525,7
42791,6.29024,4.386434,3
42792,2.989139,-1.1861453,2
42793,-0.9766794,15.301257,4
42794,5.375986,5.4315805,3
42795,15.191722,7.0237184,0
42796,1.6298482,12.1010275,9
42797,16.463974,7.721017,0
42798,-3.4682868,10.361695,7
42799,3.3950822,0.61202276,2
42800,-3.795066,11.509843,7
42801,14.357486,6.2757497,0
42802,-1.2851114,9.768359,9
42803,-1.6810712,-2.1162508,1
42804,5.133176,4.85643,3
42805,4.019936,-1.5474892,2
42806,-2.640193,-3.2038858,1
42807,6.8721685,6.18615,3
42808,-0.5281464,11.217385,9
42809,0.29337865,14.539186,4
42810,1.7392714,-0.76132876,2
42811,-4.2400966,9.705827,7
42812,0.76116496,14.031659,4
42813,0.11068718,5.5154457,8
42814,3.9720228,-0.4152631,2
42815,-0.48261422,11.30433,9
42816,-1.4956294,13.792572,4
42817,15.621618,6.4285045,0
42818,14.839909,7.964015,0
42819,-2.9032893,-0.6202671,1
42820,0.9261528,7.1252093,8
42821,4.6908813,-1.3904285,2
42822,-1.8341466,14.075723,4
42823,6.091386,5.7884793,3
42824,-4.0960956,9.3670025,7
42825,-0.73830247,14.254093,4
42826,-3.2295802,9.2555,9
42827,3.232435,5.439669,5
42828,-3.286119,11.380689,7
42829,10.819899,2.9731324,6
42830,2.4836721,-0.08455417,2
42831,-4.2172327,9.521003,7
42832,0.8810626,7.441042,8
42833,0.0304156,5.352759,8
42834,-0.90604657,-3.5879283,1
42835,15.947641,7.299612,0
42836,5.44192,7.815089,5
42837,-3.2702856,-0.90593094,1
42838,0.33234373,11.715567,9
42839,4.46239,-1.7138056,2
42840,5.530508,5.2709246,3
42841,6.4583077,5.5068827,3
42842,2.0520961,-0.88617283,2
42843,11.501613,3.7599812,6
42844,-4.2520547,1.0851136,7
42845,-1.0553398,11.218966,9
42846,-3.3596218,-1.0366399,1
42847,11.043281,3.2301025,6
42848,16.440544,7.6737957,0
42849,-2.7646644,-0.22688726,1
42850,4.210481,6.1508613,5
42851,-0.21332125,10.701216,9
42852,-3.2848988,-1.4505866,1
42853,-0.45257553,10.483748,9
42854,-0.35611215,6.050213,4
42855,-1.0041671,10.756738,9
42856,10.246671,4.0430913,6
42857,-1.5663053,14.275421,4
42858,-0.6683348,13.488425,4
42859,-4.216361,1.2356772,1
42860,5.44111,6.0465684,9
42861,4.4990554,-1.0315843,2
42862,14.569643,8.743454,0
42863,4.673899,6.163692,5
42864,5.3435245,7.6517544,5
42865,16.079634,5.9632998,0
42866,-3.5958576,10.690109,2
42867,15.502837,7.0563555,0
42868,-0.12504093,5.521491,8
42869,10.683833,2.5408041,6
42870,-0.1659558,12.024888,9
42871,15.891299,6.098831,0
42872,0.90917873,6.6698456,8
42873,-0.52670246,5.5754004,8
42874,-0.6362751,-3.7951307,1
42875,-3.8686957,1.4704369,1
42876,-4.787544,11.598241,7
42877,15.2347355,6.166201,0
42878,5.822332,7.769971,8
42879,-1.2564131,11.026109,9
42880,1.5293967,5.993114,8
42881,-3.7719595,0.26991215,1
42882,-0.44627166,11.975339,9
42883,4.0831475,-0.972584,2
42884,1.7653934,12.532172,9
42885,4.5377564,-1.4519744,2
42886,4.698668,5.377825,3
42887,4.552522,-1.3910514,2
42888,-2.4551444,-2.8007202,1
42889,4.4848924,6.444375,5
42890,2.176243,12.513026,9
42891,4.552601,-1.5072353,2
42892,-0.1522804,12.946275,7
42893,-3.365403,-0.042010956,1
42894,-1.9268715,-1.4286681,1
42895,-1.5964918,14.188964,4
42896,14.428742,7.072896,0
42897,-4.5557184,10.738867,7
42898,5.8961234,6.2053704,3
42899,-4.2661495,0.71763295,1
42900,1.3282145,6.557479,8
42901,-4.6368527,9.237379,7
42902,5.778633,5.7525845,3
42903,-0.5715886,10.514997,9
42904,11.002274,6.1286373,6
42905,11.329653,3.3225877,6
42906,6.3369656,6.62454,3
42907,6.8035784,4.7196136,3
42908,6.520421,4.9866624,3
42909,6.1282225,5.942168,3
42910,4.0141015,6.315997,5
42911,-2.5367894,-0.45311347,1
42912,11.374994,5.5084004,6
42913,15.385268,5.997201,0
42914,6.7186785,6.560694,3
42915,15.19858,7.931014,0
42916,2.653037,-0.23154052,2
42917,5.239291,7.078804,5
42918,3.1321578,-1.1863803,2
42919,11.407342,4.2918077,6
42920,0.68475795,7.228968,8
42921,10.935474,2.9798844,6
42922,10.054357,3.6873813,6
42923,0.41320404,5.4439807,8
42924,-2.2356524,10.034379,9
42925,14.636092,6.7027574,0
42926,4.1422834,-1.6481556,2
42927,-3.4694977,-1.2104481,1
42928,-4.6878605,9.238535,7
42929,3.7138715,-1.3315449,2
42930,5.8533597,6.1892776,3
42931,-3.6170042,8.766853,3
42932,-3.002738,-2.4300706,1
42933,-1.9280174,14.126486,4
42934,3.35414,-0.4465639,2
42935,2.6867516,5.307343,5
42936,1.7568321,-0.559853,2
42937,10.139435,2.5224044,6
42938,5.965046,6.028654,3
42939,-3.5426083,9.900193,7
42940,5.8080297,7.1722946,5
42941,-3.292511,0.46475628,8
42942,11.077407,6.0125327,6
42943,-1.6868727,11.192205,9
42944,-0.27993223,5.910764,8
42945,14.665564,5.846319,0
42946,0.31798676,12.401353,9
42947,-3.6634154,-0.5659505,1
42948,11.171268,5.3351464,6
42949,3.9500425,-1.1070025,2
42950,4.327599,-0.9688469,2
42951,5.238697,4.1227303,3
42952,0.081206836,14.927462,4
42953,-1.9911814,14.202264,4
42954,5.8915305,6.101432,3
42955,2.836039,5.9890504,5
42956,-0.12503411,13.394785,4
42957,10.296007,2.4421577,6
42958,2.398128,-0.22116902,2
42959,-3.793797,9.698316,7
42960,10.037017,4.225629,6
42961,-0.10087359,5.1521597,8
42962,6.315991,5.356445,3
42963,-0.9223135,10.357853,9
42964,5.0635405,7.372447,5
42965,15.156893,7.860245,0
42966,5.6145806,5.6697235,3
42967,-2.810602,-0.44965613,1
42968,-3.255711,0.10195145,1
42969,3.709399,-0.9741428,2
42970,5.5967097,7.5321136,5
42971,5.4601617,4.0883594,3
42972,11.582767,6.4208307,6
42973,-1.255765,14.860528,4
42974,-1.2518983,-2.6379378,1
42975,10.233427,2.5199447,6
42976,-4.549696,9.564562,7
42977,-3.9811897,9.594818,7
42978,11.123959,4.734176,6
42979,-0.5515254,5.18377,8
42980,15.309115,6.3663216,0
42981,15.378186,6.243208,0
42982,1.7426282,-0.53762186,2
42983,3.4527936,6.1453605,5
42984,5.6005974,7.3687267,5
42985,15.571404,5.8599052,0
42986,-1.5150456,-1.8641675,1
42987,-0.12731296,5.1470866,8
42988,0.80754936,11.901348,8
42989,15.520551,5.8264866,0
42990,0.23108612,7.1829233,8
42991,3.398744,-0.9210689,2
42992,10.25394,2.4161005,6
42993,-1.9444566,10.462059,9
42994,5.259936,5.623736,3
42995,-1.9299176,14.62994,4
42996,11.498413,4.9442425,6
42997,-3.3895862,9.6583805,7
42998,1.1788806,7.289174,8
42999,-3.731774,0.47326013,1
43000,0.8606593,12.687532,9
43001,-1.4820437,11.493086,9
43002,4.653764,-1.3272301,2
43003,-3.8394048,0.66387236,1
43004,0.49052885,7.3328753,8
43005,-3.963131,9.75911,7
43006,-3.537393,-1.1818373,1
43007,-4.115316,1.3972566,1
43008,2.1877906,6.9453444,8
43009,-1.8734156,14.556039,4
43010,1.4948862,14.316535,4
43011,15.248972,6.986729,0
43012,5.7440033,4.3593802,3
43013,14.381145,6.099202,0
43014,3.4003177,5.1846943,3
43015,-1.8685756,13.732988,4
43016,-2.7826624,-1.9632668,1
43017,-3.3606997,0.30701748,1
43018,-0.3536563,5.507048,8
43019,-4.0062623,9.672515,7
43020,14.385675,5.8539658,0
43021,3.2232683,5.567005,5
43022,0.7626292,13.929814,4
43023,-3.5349276,9.26555,7
43024,-5.252128,10.009892,7
43025,-2.5217714,-0.47639814,1
43026,-1.7080323,14.456727,4
43027,5.293336,3.9570916,3
43028,0.5418646,12.483504,9
43029,5.595333,3.7165217,3
43030,-0.5250121,-4.325508,1
43031,5.4762163,3.9536064,3
43032,2.4148715,-0.80974776,2
43033,-4.101857,-0.11250105,1
43034,0.1451532,12.742146,9
43035,10.161334,2.4422941,6
43036,-4.642319,9.168577,7
43037,-1.685701,10.365903,9
43038,1.1425447,14.144343,4
43039,-4.269287,9.436946,7
43040,2.2613375,0.011631873,2
43041,-1.8055546,14.5206375,4
43042,-1.5967611,9.152812,8
43043,5.660298,3.5933,3
43044,-2.3498776,-0.6050225,1
43045,16.755121,7.630632,0
43046,-4.174241,10.869057,7
43047,3.369456,-1.0521958,2
43048,3.0240195,6.2047987,5
43049,10.072527,2.4806778,6
43050,14.538647,5.9935875,0
43051,-3.859689,0.6400456,8
43052,-4.1995687,11.41571,7
43053,-3.744611,0.28316307,1
43054,10.78521,3.3471537,6
43055,3.3240194,5.7577276,5
43056,3.4342227,6.659357,5
43057,-2.0107808,9.885838,9
43058,-1.3336087,11.848215,9
43059,16.062975,6.0502596,0
43060,1.030446,7.5312123,8
43061,10.475458,2.222589,6
43062,1.3701739,7.3534675,8
43063,10.117501,2.405465,6
43064,6.204031,5.089305,3
43065,5.410934,3.8535647,3
43066,4.7760043,7.3093724,5
43067,5.5418315,4.0374236,3
43068,0.54625595,13.957235,4
43069,-0.07229621,5.116819,8
43070,6.04126,6.339293,3
43071,-3.5356526,-0.5369596,1
43072,-0.16139051,6.7110376,8
43073,-1.9058099,14.270099,4
43074,16.186916,7.744255,0
43075,-3.9818294,9.843975,7
43076,6.695145,5.969045,3
43077,3.6877213,-0.9721779,2
43078,-0.062269922,12.924291,4
43079,3.6759381,-1.0837413,2
43080,4.917963,5.4863944,3
43081,15.144418,5.825405,0
43082,-3.6578646,9.473092,7
43083,15.37824,5.806261,0
43084,4.3488345,7.0785737,5
43085,-4.0044203,0.03955064,1
43086,0.9927323,11.538482,9
43087,-4.0213094,9.993441,7
43088,14.715693,8.694191,0
43089,-3.184473,8.963295,7
43090,6.0560036,4.8906093,3
43091,-0.061955098,5.1770225,8
43092,15.897492,8.000768,0
43093,-2.0580754,9.878169,9
43094,-1.5391322,11.686508,9
43095,-3.805628,1.5271407,6
43096,1.4951591,6.8525796,8
43097,-0.15757577,5.164023,8
43098,-2.0342233,9.861934,5
43099,-0.011531869,5.1507196,8
43100,6.602017,5.271276,3
43101,3.662748,-0.9840934,2
43102,14.123741,6.834253,0
43103,5.478887,4.033472,3
43104,-4.2776575,10.481625,7
43105,3.1994762,-1.256938,2
43106,-0.8586877,15.198511,4
43107,-1.5712014,11.610772,9
43108,-3.8051038,9.627453,7
43109,-3.7133389,0.14247794,8
43110,0.73813885,5.5664372,8
43111,3.8967085,5.6436687,5
43112,1.4682482,14.033172,4
43113,3.6304603,-1.0308738,2
43114,-1.446354,9.936479,9
43115,10.4042425,3.0258334,6
43116,2.8601208,-1.2578738,2
43117,3.6732304,-0.9749964,2
43118,-3.546125,-0.59213746,1
43119,-1.9586943,14.229915,4
43120,-1.6303223,10.329208,9
43121,0.007138115,5.1484127,8
43122,1.8192226,-0.3732878,2
43123,-2.0049062,14.219092,4
43124,3.3979979,-1.5254153,2
43125,10.059598,2.4079044,6
43126,6.231745,6.578586,3
43127,3.398342,5.5484595,5
43128,-2.5963295,-0.6579504,1
43129,15.8717375,5.943717,0
43130,1.0624185,14.15867,4
43131,-2.909308,0.06673152,1
43132,6.1672974,4.4528103,3
43133,3.6702337,-0.9841007,2
43134,16.00014,8.640039,0
43135,6.6616054,4.4200215,3
43136,5.03908,6.7783523,5
43137,-1.068634,14.423791,4
43138,-0.035539694,11.0836315,9
43139,4.574874,7.0942183,5
43140,5.088194,4.8442016,3
43141,11.307404,4.92376,6
43142,-2.7500114,-1.4721448,1
43143,-4.79988,9.305419,7
43144,3.6879072,6.8502674,5
43145,0.59243137,5.7868757,8
43146,1.0193009,12.720881,9
43147,-1.9314358,10.080627,9
43148,4.201482,7.4713135,5
43149,16.306944,6.399419,0
43150,0.3545549,14.312319,4
43151,-3.8639367,1.3839177,1
43152,1.2623973,13.937384,4
43153,4.596005,-1.1421409,2
43154,10.790596,5.2182283,6
43155,6.5419064,4.2892833,3
43156,-0.5300522,13.693834,4
43157,-1.5165337,14.140529,4
43158,0.08238967,11.204531,9
43159,4.268256,7.136038,5
43160,-5.1143923,11.660326,7
43161,11.071096,3.2140543,6
43162,-1.1392852,-4.3439493,1
43163,-4.8096595,8.79041,7
43164,11.074135,4.8682127,6
43165,0.30795062,5.8525405,8
43166,11.114552,3.7683673,6
43167,-2.0267885,9.523696,9
43168,-5.1989427,10.994136,7
43169,16.597797,6.6747513,0
43170,16.059813,7.4180613,0
43171,5.736027,4.0723677,3
43172,3.955749,-1.1668699,2
43173,-1.385966,14.134499,4
43174,-2.5343397,10.920368,9
43175,3.945221,6.0968366,5
43176,1.9623153,0.19671561,2
43177,11.547083,3.6650982,6
43178,-5.0493965,9.076796,7
43179,-3.6879265,8.265213,7
43180,6.4525456,5.417164,3
43181,0.3432089,5.8167396,8
43182,0.6666798,6.442443,8
43183,-1.9383155,9.583912,9
43184,2.939802,-0.75039595,2
43185,-1.0427215,11.637119,9
43186,16.235619,7.532476,0
43187,-4.550945,9.917115,7
43188,14.401915,7.550367,0
43189,4.8984685,6.7578197,5
43190,-4.5955443,11.593222,7
43191,3.0692694,0.022635717,2
43192,6.190139,5.437397,3
43193,-1.8282533,9.7721815,9
43194,0.2814779,5.5925703,8
43195,16.106876,7.0829415,0
43196,6.404104,4.9448824,3
43197,-3.4540339,1.4416999,1
43198,-4.1004796,10.331561,3
43199,5.1590757,7.0105577,5
43200,5.8789053,5.8449984,3
43201,0.18366747,6.4945154,8
43202,-5.003039,10.568275,7
43203,0.6321743,6.399487,8
43204,5.8731575,5.093118,3
43205,16.872702,7.6621656,0
43206,6.174553,7.4209447,5
43207,-1.6989149,10.483525,9
43208,3.0813286,-0.031769074,3
43209,6.5490317,4.1826863,3
43210,1.3422258,12.489298,9
43211,3.519998,-0.50926554,2
43212,5.86111,6.8022237,5
43213,-5.353501,10.288759,7
43214,-3.6270123,-1.1563942,1
43215,-0.46923846,5.7773447,8
43216,14.617402,6.971965,0
43217,-1.8718482,14.119327,4
43218,3.743146,6.7107553,5
43219,-0.7175966,14.132257,4
43220,1.6873024,-0.6890515,2
43221,3.8740735,7.0434566,5
43222,-3.6741123,10.377802,7
43223,-1.1313902,10.532087,9
43224,6.0746856,6.610514,3
43225,11.013321,3.3722441,6
43226,2.4255235,4.6828876,8
43227,-3.8246481,1.3568434,1
43228,-0.7241705,13.327308,4
43229,16.29642,7.045618,0
43230,6.009004,6.499921,3
43231,-1.1302652,14.422346,4
43232,-2.3262062,-2.976374,1
43233,4.2369742,7.171694,5
43234,0.28433216,6.7454643,8
43235,6.692444,4.494913,3
43236,15.122018,8.913837,0
43237,-0.4699156,10.363786,9
43238,-3.5251186,11.077188,7
43239,-1.1542939,14.363844,4
43240,3.2899415,-1.73391,2
43241,4.407616,-0.8742719,2
43242,-0.35021034,5.4070463,8
43243,16.520723,7.594564,0
43244,4.9659176,6.439623,5
43245,3.9228277,7.447618,5
43246,-1.4397272,-3.9308653,1
43247,16.24785,7.292111,0
43248,5.5822334,6.34966,9
43249,-4.2389197,1.157024,1
43250,0.6603796,6.0693235,8
43251,11.405599,3.8528721,6
43252,5.8121333,5.4408712,3
43253,-2.0927825,9.784805,9
43254,2.0741086,-0.4228532,2
43255,6.4265194,4.0189214,3
43256,5.6528854,5.2173457,3
43257,3.2424986,-1.1624925,2
43258,14.762395,6.02186,0
43259,-1.4632592,10.7737665,9
43260,11.231816,4.428778,6
43261,-3.8466427,0.42034552,1
43262,2.820485,6.31721,5
43263,10.877949,2.739691,6
43264,11.596098,5.9622436,6
43265,16.239912,6.4567776,0
43266,14.133015,7.2441053,0
43267,-3.868695,1.3669617,1
43268,0.8197021,7.669221,8
43269,-3.8766954,1.5366926,1
43270,10.482394,4.2426386,6
43271,0.5378242,5.9054,8
43272,0.47227177,13.502095,4
43273,16.022032,6.4986925,0
43274,-0.07831388,14.734306,4
43275,-1.5470015,13.931267,4
43276,15.654592,6.346713,0
43277,-4.9015784,9.450826,7
43278,1.4043691,14.316689,4
43279,-4.838105,9.135304,7
43280,5.417423,4.4163737,3
43281,11.231598,3.199617,6
43282,-0.2191736,11.953499,9
43283,16.507944,6.6377945,0
43284,-3.1383302,10.645327,7
43285,-4.006471,8.504238,7
43286,-2.3837783,-2.283013,1
43287,5.8239064,4.193632,3
43288,-4.0616612,10.908042,7
43289,3.825758,5.704437,5
43290,0.64419794,7.410214,8
43291,-1.4798616,14.042929,4
43292,3.1109378,-1.1099097,2
43293,3.8674161,-0.8469298,2
43294,2.8373475,-1.5415612,2
43295,-1.7553536,13.837945,4
43296,-0.9667912,-4.4411316,1
43297,-3.9449432,0.646587,1
43298,5.6843133,5.082498,3
43299,0.6171466,5.807769,8
43300,-3.7260754,0.6685158,1
43301,6.770647,4.341066,3
43302,0.80724394,14.416789,4
43303,4.273898,7.3052697,5
43304,11.412469,5.6069064,6
43305,10.626984,2.8545873,6
43306,1.1955884,7.300287,8
43307,-4.2852373,8.6011915,7
43308,3.950919,7.131061,5
43309,16.175026,6.533329,0
43310,-0.47690874,10.097912,9
43311,10.730362,2.633493,6
43312,4.093842,-1.2894142,2
43313,-4.3605847,8.545399,7
43314,2.1816978,-0.081415854,2
43315,-3.320891,1.3355359,1
43316,-2.1311069,-3.3955607,1
43317,4.0974865,-0.8547271,2
43318,2.8684793,6.3322654,5
43319,4.055221,6.096303,5
43320,10.59771,2.9964306,6
43321,0.48307404,5.801307,8
43322,1.2080233,7.0653653,8
43323,-3.895154,0.64684314,1
43324,-1.218991,11.741692,9
43325,-2.0162914,9.892027,9
43326,2.5862772,0.2285892,2
43327,6.1862006,3.9916928,3
43328,3.4454637,5.9545608,5
43329,0.3529436,6.321558,8
43330,6.7685437,6.1887293,3
43331,3.8649507,-0.9628806,2
43332,-3.953862,0.4025981,1
43333,0.42208993,6.026217,8
43334,1.1316278,6.2143097,8
43335,0.3626118,5.790922,8
43336,-2.8977919,-0.46723256,1
43337,-5.0875483,9.958029,7
43338,2.333143,-0.08993672,2
43339,-3.4815207,1.5141777,1
43340,-4.294869,12.036712,7
43341,-5.3063326,10.116911,7
43342,0.67050177,6.586269,8
43343,-1.5175476,9.795747,9
43344,-1.0882331,-3.332233,1
43345,4.4801536,-0.6986595,2
43346,-3.7910209,9.428669,7
43347,15.127028,8.571155,0
43348,10.541368,3.6582136,6
43349,-4.0977383,0.56038463,1
43350,-3.3451786,-1.2712231,1
43351,4.3692465,-0.69219357,2
43352,-4.9833956,12.005174,7
43353,6.618547,3.958781,3
43354,-4.462929,11.489841,7
43355,-1.2542697,15.157086,4
43356,-4.535201,11.909223,7
43357,4.7745543,7.2235126,5
43358,1.5952572,12.682818,9
43359,11.5951395,3.8175545,6
43360,1.9401251,-0.36035943,2
43361,-4.250226,8.932073,7
43362,-3.7733083,11.500138,7
43363,0.270544,5.9995713,8
43364,0.645724,14.949103,4
43365,-0.98908335,9.925476,9
43366,15.735008,6.1827583,0
43367,15.627414,8.15481,0
43368,3.9761581,6.934399,5
43369,-3.9682019,1.5345099,1
43370,0.0053379843,13.403874,4
43371,4.845227,-1.0121996,2
43372,1.7036963,12.057706,8
43373,5.619568,4.03059,3
43374,-4.7140603,11.433018,7
43375,-1.9284714,15.145416,4
43376,3.1322484,-1.5679314,2
43377,3.4621809,5.3396597,5
43378,-3.2688186,10.893363,7
43379,11.387251,3.2658384,6
43380,6.083781,5.563976,3
43381,-4.3607087,8.548372,7
43382,-4.335294,10.171174,7
43383,-0.03227968,5.4385676,8
43384,-4.889594,11.696898,7
43385,-1.0849046,9.92879,9
43386,10.908752,4.786015,6
43387,15.585848,8.139187,0
43388,-0.34686136,5.026937,8
43389,-3.335002,1.440524,1
43390,-4.6262355,11.930984,7
43391,4.8394465,-0.93879706,2
43392,0.33008155,12.147899,9
43393,6.032083,4.969181,3
43394,3.4984584,-1.3832582,2
43395,-1.4249374,15.043138,4
43396,10.955187,5.7510157,6
43397,3.523154,5.570668,5
43398,0.46143746,13.602296,4
43399,11.424809,3.4228985,6
43400,-3.7205796,9.985437,7
43401,-4.626385,8.588798,7
43402,4.6866117,7.174686,5
43403,-0.3110086,5.350818,8
43404,15.200705,8.698318,0
43405,-0.8160458,10.0601,9
43406,-1.6819968,-2.9441686,1
43407,4.823415,-1.1000289,2
43408,-3.6835763,10.004896,7
43409,3.6539083,6.5213733,5
43410,1.1503892,7.217289,8
43411,-3.8617034,1.0649652,1
43412,5.777656,7.3029675,5
43413,11.469013,3.7889485,6
43414,-3.6518025,10.823151,7
43415,-1.5800976,14.307057,4
43416,-1.595446,11.331062,9
43417,6.6211586,3.6979096,3
43418,14.013328,7.015299,0
43419,-0.72610986,9.9558,9
43420,10.024588,3.4423873,6
43421,-0.7555579,9.984857,9
43422,15.242713,7.7884026,0
43423,15.815544,6.946897,0
43424,10.749639,4.539761,6
43425,0.54518765,10.9693,9
43426,-1.1272645,-3.5366359,1
43427,-4.049936,8.58391,7
43428,5.980315,5.631731,3
43429,-3.9177272,1.852248,1
43430,3.801557,-0.4454798,2
43431,11.407141,3.7961614,6
43432,3.2168338,5.3294225,5
43433,-1.8399698,14.12595,4
43434,3.908441,-0.26714623,2
43435,6.470768,3.9029603,3
43436,3.438033,-1.9014899,2
43437,11.1890135,3.9491894,6
43438,6.0027485,4.681144,3
43439,3.5471382,-0.8278544,2
43440,10.994029,3.8807957,6
43441,4.689843,-0.9903591,2
43442,3.8534808,6.370001,5
43443,15.808422,6.785595,0
43444,-2.0262356,-1.1578157,1
43445,15.585707,7.605771,0
43446,-1.4958962,-3.8850527,1
43447,-0.054367967,6.1164455,8
43448,6.8951955,6.0183773,3
43449,3.6586797,-0.875848,2
43450,2.5121095,-0.80445415,2
43451,3.635038,6.447661,5
43452,1.6820225,14.583623,4
43453,-0.768101,10.136891,9
43454,5.852674,6.4013743,5
43455,0.3691055,5.8566456,8
43456,6.019358,6.246908,3
43457,11.227678,3.2136934,6
43458,-2.595902,-0.6684419,1
43459,4.0610223,6.751576,5
43460,6.595446,5.0172434,3
43461,-5.172987,9.306881,7
43462,10.383909,4.283552,6
43463,16.686836,7.253012,0
43464,0.98889875,7.0186224,8
43465,16.132257,6.9064612,0
43466,5.9878435,6.452416,3
43467,-1.8922325,14.556454,4
43468,14.728958,7.651835,0
43469,-4.3189383,1.1268505,1
43470,-3.1199887,10.097078,7
43471,-4.504208,10.15731,7
43472,15.000793,7.245628,0
43473,-1.3438922,14.602992,4
43474,-1.9908073,-3.6427143,3
43475,6.4609833,3.9304266,3
43476,5.0014277,5.3367515,3
43477,4.5125055,-1.1240307,2
43478,-1.5367837,10.077699,9
43479,4.2265215,-0.8410408,2
43480,-1.6744794,-3.5745487,1
43481,-1.9666499,14.559512,4
43482,5.8786016,3.5963194,3
43483,-4.2322435,9.151789,7
43484,-2.3636973,-0.8911196,1
43485,11.134342,3.040766,6
43486,2.0815132,-0.32716337,2
43487,-1.7607155,14.132168,4
43488,5.1802764,7.3372946,5
43489,-4.618491,9.604347,7
43490,-3.043467,-2.020904,1
43491,-4.8987336,9.500618,7
43492,6.0646763,6.321191,3
43493,-4.000297,8.625928,7
43494,5.8988023,5.7570834,3
43495,4.0734973,-1.303709,2
43496,-3.5418856,8.588684,7
43497,15.762602,7.642909,0
43498,10.128433,4.137819,6
43499,-0.8792507,9.98003,9
43500,-1.5073818,-1.9406312,1
43501,-0.0589344,6.2706895,8
43502,1.4688731,12.638661,9
43503,3.927745,6.7106843,5
43504,1.9360181,7.791927,8
43505,10.95522,2.669092,6
43506,5.5981064,7.6400704,5
43507,-1.1204365,14.578494,4
43508,2.506664,4.7493305,5
43509,5.89715,4.8637896,3
43510,4.968537,7.137252,5
43511,-0.282293,5.759271,8
43512,0.44655773,12.444804,9
43513,4.385357,-1.2639033,2
43514,2.0387979,-0.14805737,2
43515,0.4458403,5.7105665,8
43516,0.57429856,13.996449,4
43517,6.2908816,3.9255316,3
43518,11.718563,6.5423374,6
43519,0.19696592,5.3202963,8
43520,-4.579395,8.647555,7
43521,-0.5884618,10.510973,9
43522,1.8015002,7.0453014,8
43523,3.5188336,6.2659273,5
43524,1.0480986,7.4698524,8
43525,0.18801345,5.4247293,8
43526,-0.025864769,11.832628,9
43527,15.273053,6.1152215,0
43528,-5.378579,11.327505,7
43529,4.042538,6.0828376,5
43530,-0.26621637,14.646874,4
43531,-1.8505775,14.665733,4
43532,1.8462156,7.233646,8
43533,-4.7857413,9.2889,7
43534,1.0017493,7.24685,8
43535,-3.407005,1.4979668,1
43536,14.400278,8.237522,0
43537,6.2985296,3.4326625,3
43538,2.195314,7.629074,8
43539,-3.9803092,2.1857078,1
43540,5.083941,7.375651,5
43541,-4.7979026,8.678991,7
43542,-3.703708,11.41264,7
43543,-0.6703356,9.976679,9
43544,2.1199458,12.466174,9
43545,10.724888,3.0028746,6
43546,3.7206693,-1.8046323,2
43547,2.9072745,-0.7791798,2
43548,1.6986313,6.6090875,8
43549,15.571204,8.496524,0
43550,-1.0244985,11.080181,9
43551,-0.9493159,10.163624,9
43552,5.7762117,6.009198,3
43553,-3.10879,0.93759876,1
43554,15.429761,7.9083414,0
43555,-4.2246995,8.602595,7
43556,14.536722,7.4359083,0
43557,5.7606077,3.6409254,3
43558,1.6944654,6.8661714,8
43559,-0.45183256,5.2329016,8
43560,6.0532956,7.701368,5
43561,15.654353,7.078739,0
43562,-3.5067317,10.774943,3
43563,5.761159,4.0356483,3
43564,11.551624,5.968122,6
43565,-0.049079843,10.579944,9
43566,4.7188306,-1.271384,2
43567,-3.5873508,1.6390296,1
43568,4.2719703,6.5382624,5
43569,11.512854,3.589992,6
43570,-0.8041516,-3.2896652,1
43571,-1.5798377,14.962678,4
43572,11.734074,5.3900166,6
43573,6.3581142,3.750012,3
43574,10.5047245,2.263568,5
43575,4.9204626,-0.9923092,2
43576,3.2001977,-0.3584616,2
43577,-3.0386086,0.80017257,1
43578,-0.9877925,-3.4083903,1
43579,0.13597976,6.1396255,8
43580,0.80805326,7.16417,8
43581,10.72886,3.2442393,6
43582,10.135576,2.9261568,6
43583,-3.7568686,1.5369545,1
43584,-4.356071,10.43163,7
43585,3.4425738,5.624476,5
43586,10.2860985,3.644331,6
43587,3.4882627,5.7322745,5
43588,-0.25248316,5.222439,8
43589,11.448958,3.1306095,6
43590,3.3140357,-1.783725,2
43591,2.802653,4.563466,5
43592,10.440233,3.3738384,6
43593,15.135275,6.4339466,0
43594,10.49341,5.087598,6
43595,-1.3839442,-2.577815,1
43596,-0.55607134,11.309718,9
43597,3.9889655,-1.3449897,2
43598,-3.6608596,9.511953,7
43599,5.3192816,4.240221,3
43600,0.39161643,13.741646,4
43601,-0.70303786,14.2475,4
43602,14.869683,8.799681,0
43603,3.303767,5.9934154,5
43604,1.8463423,14.539597,4
43605,10.820662,3.8206482,6
43606,0.16161457,5.7214284,8
43607,-4.733703,11.006967,7
43608,1.3668433,14.434183,4
43609,0.3407112,6.501782,8
43610,14.384729,8.307633,0
43611,-0.42866933,11.211673,9
43612,0.8204333,13.933268,4
43613,15.389522,7.294119,0
43614,0.564732,14.551989,4
43615,-1.9239897,-1.6021181,1
43616,-3.0231256,-1.6319209,1
43617,3.1428304,-1.0327847,2
43618,2.9916122,12.19329,7
43619,5.0519743,5.2755256,3
43620,10.303528,3.0888174,6
43621,-0.690323,13.8571205,4
43622,0.55323815,14.713949,4
43623,4.4120793,7.016039,5
43624,15.305335,8.538664,0
43625,11.004027,3.5353413,6
43626,1.7907431,14.470867,4
43627,-4.2137074,9.710955,7
43628,-4.394658,12.173315,7
43629,-0.37741578,5.881012,8
43630,3.5561051,-1.8212279,2
43631,16.276016,7.539982,0
43632,1.8942896,-0.52179545,2
43633,-3.4045439,0.5040093,1
43634,1.4307044,14.246806,4
43635,3.9829497,-1.095976,2
43636,1.7820415,14.503256,4
43637,5.6805325,4.4739256,3
43638,5.7088614,7.446344,5
43639,-1.0061882,14.044694,4
43640,9.875632,2.7098248,6
43641,2.9637716,5.3765855,5
43642,1.9629341,-0.17408255,2
43643,11.674189,3.6837282,6
43644,5.7536125,5.6270914,3
43645,-4.220975,9.58947,7
43646,10.563172,4.3777466,6
43647,-0.17973828,5.5331283,8
43648,5.5758495,7.789911,5
43649,4.3581433,-1.3573085,2
43650,1.7597604,12.382825,9
43651,3.2321064,6.4028254,5
43652,-2.219973,-2.9170043,1
43653,-3.815414,0.8416283,1
43654,4.9422317,4.820851,3
43655,11.198628,4.1111026,6
43656,1.6514139,7.487635,8
43657,-0.37015796,14.193565,4
43658,-0.8054132,11.24716,3
43659,6.571949,4.364451,3
43660,0.24117127,12.354368,9
43661,-0.54283226,10.899045,9
43662,14.913968,7.860592,0
43663,-0.72326005,10.126203,9
43664,-1.2794472,-4.0749826,1
43665,15.908178,6.9929667,0
43666,6.738711,5.96942,3
43667,-1.7386813,10.164662,9
43668,11.787373,4.3591385,6
43669,-4.0644727,8.587987,7
43670,-3.9032161,9.09006,3
43671,-3.7891686,0.96320987,1
43672,5.149178,5.254981,3
43673,11.415129,2.9026508,6
43674,1.5572412,-0.63910145,2
43675,-1.73858,14.055469,4
43676,4.369838,6.684457,5
43677,5.250341,4.243891,3
43678,10.367629,4.4711885,6
43679,10.690033,2.9189632,6
43680,4.822117,7.33206,5
43681,3.247019,-1.0352913,2
43682,11.476377,6.17387,6
43683,3.0646424,-0.43385226,2
43684,-2.8571873,-2.0529168,1
43685,15.77116,6.7697616,0
43686,-4.8375936,12.053885,7
43687,-0.0076847705,5.161389,8
43688,-0.48297638,12.932757,4
43689,4.031954,-1.2757967,2
43690,0.6558503,7.009501,8
43691,2.6062725,4.9630957,5
43692,0.98665005,7.569445,8
43693,-0.5565289,11.363385,9
43694,10.271641,4.0923333,6
43695,0.58948714,5.76126,8
43696,4.702423,7.0418925,5
43697,10.925132,3.3176394,6
43698,-0.0013656192,6.661095,8
43699,3.0037906,6.133621,5
43700,-0.060228366,13.440414,4
43701,16.183487,7.834397,0
43702,6.073934,5.179062,3
43703,-0.2753241,14.71696,4
43704,-1.8299357,-3.9985385,1
43705,-3.2775512,-0.5429881,1
43706,14.929392,5.922326,0
43707,-4.161519,8.680245,7
43708,-0.7906361,-3.814361,1
43709,-1.5684159,14.157509,4
43710,-3.6092815,9.019125,7
43711,4.8524733,4.701916,3
43712,14.260065,7.956574,0
43713,-1.5189939,14.09233,4
43714,-1.6833559,-3.510241,1
43715,-2.1994946,-1.4531093,1
43716,3.9261277,7.846525,5
43717,5.550049,5.2199745,3
43718,0.2018183,12.03892,9
43719,-4.8579993,10.012722,7
43720,11.605226,6.1430445,6
43721,-1.865582,14.150581,4
43722,-5.291109,11.489865,7
43723,-4.151817,9.093597,7
43724,1.0473913,6.532807,8
43725,-4.1142015,9.308837,7
43726,10.187451,2.8766112,6
43727,15.3221035,7.2746434,0
43728,14.776909,8.427201,0
43729,0.31862193,11.4955225,9
43730,5.6290107,4.364765,3
43731,-0.045150887,5.182956,8
43732,0.6611657,14.21019,4
43733,3.4173381,6.13635,5
43734,-1.4539137,11.217993,9
43735,10.966233,3.113698,6
43736,9.967769,3.9070642,6
43737,-0.8911459,15.023456,4
43738,-0.097358964,11.361931,9
43739,6.5530047,5.0242705,3
43740,-0.26514068,12.940863,4
43741,5.525736,3.8759422,8
43742,11.280147,5.316393,6
43743,3.9246736,-1.3255166,2
43744,10.417597,5.0437074,6
43745,0.5385362,7.37787,8
43746,-0.8780074,-4.002764,1
43747,5.0783486,4.4581094,3
43748,3.3672316,5.6819015,5
43749,0.75976306,6.5716453,8
43750,-0.5197223,10.403932,9
43751,-1.4373108,10.741518,9
43752,10.4035015,5.025579,6
43753,3.7476485,6.143701,5
43754,0.4479537,6.590207,8
43755,0.2077531,5.3969865,8
43756,1.204802,14.088281,4
43757,-1.5606177,13.837229,4
43758,5.541447,5.16002,3
43759,6.1668367,4.659114,3
43760,3.171043,-1.8296622,2
43761,-3.6890407,0.2599229,1
43762,6.1713142,6.2760243,3
43763,-4.109856,8.75849,7
43764,-1.8645822,-1.8725876,1
43765,-1.1265501,10.46023,9
43766,3.9439285,6.691239,5
43767,10.735016,2.3423066,6
43768,2.7272563,0.2593717,2
43769,3.2318332,-0.2552397,2
43770,-2.468737,-2.7653985,1
43771,-3.7359602,8.86857,7
43772,5.666205,6.899234,5
43773,6.2730813,4.3169627,3
43774,-4.5227695,10.889746,7
43775,5.78211,3.990849,3
43776,5.111256,6.969389,5
43777,-1.3813726,10.918416,9
43778,14.690124,5.8513956,0
43779,-2.8954346,0.045939222,1
43780,3.750922,7.3000426,5
43781,-1.9451218,14.094838,4
43782,4.9282837,4.7343497,3
43783,6.604759,5.2967076,3
43784,-2.0466607,-3.9137592,1
43785,-0.5714423,11.22,9
43786,-0.64996463,10.632614,9
43787,0.111166455,6.0551763,8
43788,3.9414492,0.7633703,8
43789,4.364711,-1.1546651,2
43790,-1.2569985,-3.5752988,1
43791,-2.4019265,-0.57527214,1
43792,0.22733289,12.231674,9
43793,-0.1818242,6.6206837,8
43794,1.703358,-0.72540146,2
43795,10.402843,3.3130639,6
43796,-3.2464821,11.334519,7
43797,-1.7389389,14.441631,4
43798,-3.943821,9.758155,7
43799,4.3348866,6.532658,5
43800,11.788569,5.929186,6
43801,-3.294096,0.92772704,1
43802,-3.936334,11.631777,7
43803,4.1776896,5.9904547,5
43804,10.210679,4.352017,6
43805,3.3099976,6.246259,5
43806,2.1123502,-0.76511717,2
43807,10.98029,3.740879,6
43808,-1.0909402,-3.5687056,1
43809,2.8388827,5.8439674,5
43810,-0.42196327,10.699233,9
43811,15.406451,5.6333227,0
43812,-0.6179955,14.468562,4
43813,-3.6097767,0.3189661,1
43814,2.114111,12.702636,9
43815,3.5268576,-0.51410687,2
43816,6.006306,6.002785,3
43817,5.227886,4.326568,3
43818,-4.08946,10.435478,2
43819,-1.2259778,14.817676,4
43820,6.105689,7.3553715,5
43821,-4.7102556,9.489314,7
43822,11.425661,6.093316,6
43823,-2.0502415,15.03796,8
43824,-0.12600634,5.2755246,8
43825,-1.5966903,10.503439,9
43826,3.4504762,-1.7993069,2
43827,15.142008,5.8522367,0
43828,0.7241722,6.1918416,8
43829,-3.1282191,0.96694684,1
43830,0.24145968,11.05059,9
43831,3.3947947,-0.03775355,2
43832,1.4469477,14.1195755,4
43833,5.458236,4.3954496,3
43834,14.927633,8.37674,0
43835,-1.2071921,14.364445,4
43836,-1.736532,-1.6109158,1
43837,2.4054406,4.3716326,5
43838,2.8369236,6.2554145,5
43839,11.01879,2.4173508,6
43840,-4.8202157,10.510501,7
43841,-4.9107165,9.791868,7
43842,2.1862044,-0.06875927,2
43843,-0.68456334,5.2707515,8
43844,-3.5210454,-1.1551039,1
43845,-1.0301569,10.903991,9
43846,-0.3799944,5.6417603,8
43847,15.621971,6.4869146,0
43848,-0.22631179,5.463334,8
43849,-4.141476,0.25880748,1
43850,-3.3594978,-0.59792084,2
43851,3.0299387,-0.64041287,2
43852,1.6937559,0.09992569,2
43853,5.546294,4.069055,3
43854,4.057406,-1.9170214,2
43855,3.240495,5.5842876,5
43856,5.2347846,7.892058,5
43857,11.144127,2.901305,6
43858,-0.5239223,14.523253,4
43859,-4.7014403,9.171595,7
43860,-3.8561363,9.986352,7
43861,-0.58972174,5.6657743,8
43862,0.36922663,12.151547,9
43863,-1.404632,10.514777,9
43864,0.22469708,11.711924,9
43865,5.6578207,5.599345,3
43866,11.3232155,3.2963192,6
43867,3.578735,6.0571747,5
43868,6.679782,6.1634717,3
43869,5.827406,4.730398,3
43870,1.4722213,12.445741,9
43871,3.6665375,-0.79194397,2
43872,-2.8767924,-0.52694786,1
43873,-0.4973049,11.107326,9
43874,2.4102936,0.39428926,2
43875,5.4415927,4.2618237,3
43876,1.6158667,7.0892234,8
43877,3.9023244,-0.8214104,2
43878,1.8201116,-0.23465459,2
43879,-3.5876255,-0.6859109,1
43880,-0.7734741,5.2868104,8
43881,-1.114343,13.848784,4
43882,3.818656,6.8495107,5
43883,5.850863,4.7777967,3
43884,15.416768,7.8718176,0
43885,4.3468456,-1.2457405,2
43886,-4.5768967,10.720847,7
43887,-2.6950655,-0.4574179,1
43888,0.2713969,11.720377,9
43889,5.8480988,4.7330422,3
43890,-3.822702,8.500546,7
43891,-0.92209554,10.980182,9
43892,10.439686,4.431873,6
43893,-4.890877,10.200895,7
43894,-0.1948242,6.494549,8
43895,3.802533,-0.79671574,2
43896,-0.51879513,11.1265,9
43897,10.008731,2.4899716,1
43898,0.31086117,12.556836,7
43899,3.9332342,-0.82766336,2
43900,1.7772781,6.6598477,8
43901,-0.07202588,5.5112796,8
43902,5.6353765,5.8373213,3
43903,0.14999793,11.379057,9
43904,0.46792677,14.899741,4
43905,-3.7007246,0.313102,1
43906,-1.5654972,13.55633,4
43907,-0.11311603,5.6397896,8
43908,10.700406,4.792864,6
43909,-0.3945803,7.0718555,8
43910,-2.5730162,-1.0088686,1
43911,-4.059775,9.566338,7
43912,-3.410199,10.119183,7
43913,15.884626,6.23897,0
43914,10.463527,2.7937803,6
43915,15.763185,6.0883775,0
43916,-1.1625451,11.747878,9
43917,-4.4639683,10.296738,7
43918,-0.24129389,11.6280775,9
43919,-4.5157223,10.296729,7
43920,1.6179093,12.238031,9
43921,-0.08747562,5.7261047,8
43922,6.580695,6.213011,3
43923,-4.0712495,9.624135,7
43924,-3.422009,9.635561,7
43925,10.932723,3.962288,6
43926,-4.4582086,10.887835,7
43927,-3.4017317,-1.4824519,1
43928,0.117959484,14.571378,4
43929,-1.8595567,14.163469,4
43930,2.0664234,6.9328117,8
43931,11.216762,4.4593263,6
43932,14.593087,6.953734,0
43933,-4.2883058,0.95396173,1
43934,0.6634515,13.908667,4
43935,4.011896,-0.77874476,2
43936,5.446555,6.9866223,5
43937,3.3815992,6.127194,5
43938,0.09818458,7.0388384,8
43939,15.388732,6.9086137,0
43940,11.423236,5.740231,6
43941,15.341816,5.667148,0
43942,6.3402014,6.117716,3
43943,5.3273516,3.8058786,3
43944,1.3745868,6.419635,8
43945,-0.44671676,5.203438,8
43946,4.6912236,7.834967,5
43947,-3.4474454,-1.0907776,4
43948,-2.2170687,-2.7338557,1
43949,-0.39031518,14.218122,4
43950,5.861423,7.120337,9
43951,-3.2621932,-1.4874259,1
43952,6.9909244,5.3900514,3
43953,-0.65821385,6.0408945,8
43954,1.1046379,13.831577,4
43955,10.676948,3.8653383,6
43956,-3.125389,10.641523,7
43957,3.4525535,6.1060376,5
43958,0.1580712,6.337879,8
43959,-1.6327926,10.420189,9
43960,15.362738,8.064045,0
43961,15.948805,5.9203725,0
43962,6.4293046,5.1980114,3
43963,15.606096,5.790117,0
43964,1.9313143,-0.4095096,2
43965,14.605516,5.773849,0
43966,-0.3361832,11.535063,9
43967,5.855805,4.1691875,3
43968,0.17347884,5.931342,8
43969,-3.882929,9.307434,7
43970,-0.8475894,10.902581,9
43971,-3.768186,1.1237464,1
43972,-2.7631273,-0.43071482,1
43973,10.96142,3.0233924,6
43974,2.995281,-1.3893783,2
43975,2.9509513,-0.7403812,2
43976,15.978779,7.2159553,0
43977,11.188256,4.5148644,6
43978,5.2920265,5.784466,3
43979,9.896209,3.7072022,6
43980,-2.9053814,-1.7691557,1
43981,15.008313,6.07842,0
43982,-0.18438736,12.285121,9
43983,-1.4804022,13.193342,4
43984,-1.7331607,-1.788615,1
43985,2.7843957,4.6021657,5
43986,4.4038844,-1.4982958,8
43987,-1.2375091,13.997586,4
43988,2.163016,-1.0401301,2
43989,-3.7610106,0.0031418547,1
43990,-4.753991,9.770296,7
43991,6.1633477,4.2471194,3
43992,-0.7710838,10.82496,9
43993,-0.94243985,6.094371,8
43994,3.4394119,-1.6598623,2
43995,10.837522,3.6773612,6
43996,3.3160896,-0.31622592,2
43997,5.632732,4.063759,3
43998,2.8575346,12.181142,7
43999,-0.19851191,11.147198,9
44000,15.001784,7.105782,0
44001,-0.16219376,10.930417,9
44002,2.2117672,7.641486,8
44003,2.4521768,4.723576,5
44004,6.475899,5.317851,3
44005,-4.1936326,10.484998,7
44006,5.103521,7.7954717,5
44007,-0.4778596,5.315894,8
44008,0.14144327,11.763315,9
44009,3.1242075,5.647084,5
44010,-0.6180684,10.808776,9
44011,10.781065,4.483188,6
44012,-2.709113,-2.3794272,1
44013,-0.88648516,14.806515,4
44014,4.7604733,7.7293534,5
44015,-4.0179453,9.81362,7
44016,0.6857474,11.73825,9
44017,11.272345,4.505417,6
44018,3.8936417,6.738841,5
44019,4.5305686,-0.84261286,2
44020,5.62122,6.0377183,3
44021,3.310764,-1.0719265,2
44022,1.4428289,12.631015,9
44023,15.608856,6.0921617,0
44024,-0.24260701,5.6273923,8
44025,-0.9585861,10.863708,9
44026,1.2307492,12.499544,9
44027,-1.2653626,13.893566,4
44028,-1.5633092,11.596817,9
44029,16.383286,6.706597,0
44030,16.721703,7.7651105,0
44031,-4.136715,2.095454,1
44032,5.1355643,5.813924,3
44033,4.347919,-0.87718856,2
44034,5.8526998,5.066369,3
44035,5.7721906,4.1013813,3
44036,-3.881116,-0.1567219,1
44037,-1.2316341,14.55533,4
44038,-3.3137252,-1.3049963,1
44039,-5.3999906,10.369353,7
44040,16.466915,8.29696,0
44041,0.25201538,6.017137,8
44042,-3.9256644,8.377813,7
44043,-0.73076075,10.421353,9
44044,1.6870258,12.042496,9
44045,16.242659,7.117505,0
44046,1.7001526,-1.2173289,1
44047,-4.0608387,2.761596,1
44048,1.2109494,12.350977,9
44049,4.756595,-0.8626619,2
44050,-4.9833183,11.429478,7
44051,5.998906,4.159644,3
44052,-0.12920201,13.008676,4
44053,-2.0789278,15.082237,4
44054,4.183195,-1.7066898,2
44055,3.5507102,5.4628077,5
44056,0.91615593,6.852725,8
44057,11.720433,4.486507,6
44058,5.098491,4.809653,3
44059,-4.8415966,8.682709,7
44060,14.828439,7.531391,0
44061,-0.64649785,6.161951,8
44062,-3.5187995,9.386801,7
44063,16.168974,8.251507,0
44064,-4.964961,9.545071,7
44065,-4.063653,2.7735198,1
44066,10.948499,5.3809304,6
44067,-4.976523,8.884803,7
44068,-1.5306392,15.0505,4
44069,0.6034633,6.2216024,8
44070,10.041484,4.2959647,6
44071,-0.79568166,9.9249115,9
44072,2.2859025,7.471093,8
44073,11.147872,3.5671725,6
44074,0.26674902,12.35481,9
44075,-1.2896471,10.077808,9
44076,15.881609,7.1901884,0
44077,11.281487,4.106487,6
44078,10.171577,4.779481,6
44079,-4.1370296,2.5225174,1
44080,-4.5958633,9.505867,7
44081,-0.6203855,10.09669,9
44082,9.984877,2.7030826,6
44083,-1.2946919,9.810525,9
44084,0.663098,11.675705,9
44085,-0.083017506,10.911462,9
44086,1.1647068,14.488438,4
44087,-0.6806533,5.750907,8
44088,1.4398392,14.053483,4
44089,-3.7116792,0.6085443,1
44090,2.2984548,0.060121298,2
44091,-1.7004358,15.363036,4
44092,2.9689636,-1.5028485,2
44093,-4.2811007,2.235138,1
44094,15.038971,8.11079,0
44095,4.6890206,-0.42753175,2
44096,14.694957,8.849225,0
44097,-1.5150633,9.684439,9
44098,3.143048,-1.818118,2
44099,2.8645098,4.4678636,5
44100,0.9924257,13.081477,4
44101,5.647404,4.6854043,3
44102,12.001563,5.995151,6
44103,15.255489,5.9642177,0
44104,0.50117457,11.787975,9
44105,-2.1007824,14.946765,4
44106,5.6355643,7.0281024,5
44107,-0.8811614,9.903834,9
44108,-2.6839283,-3.3009372,1
44109,-4.030516,2.826885,1
44110,1.7104273,12.7472925,4
44111,-4.6776795,8.551565,7
44112,6.5800047,5.085758,3
44113,-4.0356803,2.6407156,1
44114,11.185709,3.133216,6
44115,-0.5171434,5.680274,8
44116,1.5259538,12.04102,9
44117,-4.0481925,8.325491,7
44118,0.9594351,7.126116,8
44119,11.262785,3.6823869,6
44120,-1.0679101,-4.112902,1
44121,16.601465,7.9397545,0
44122,1.6920485,7.295145,8
44123,2.6042917,5.5734825,8
44124,-0.3920498,14.019707,4
44125,-4.322498,1.7851359,1
44126,-3.8683288,0.3616873,1
44127,16.60612,6.9429746,0
44128,12.030931,6.485473,6
44129,-1.2473696,9.818957,9
44130,14.268847,6.445137,0
44131,-4.020658,2.83869,1
44132,10.436508,4.948773,6
44133,4.450627,-0.5064917,2
44134,6.9767385,4.9954596,3
44135,3.0460606,4.4058795,5
44136,-2.4894981,-3.1642504,1
44137,-2.066098,15.030779,4
44138,5.810669,5.943445,3
44139,-4.826892,8.814992,7
44140,3.1344438,-1.1545187,2
44141,-3.642174,8.252613,7
44142,6.1817775,5.9004326,3
44143,4.7491446,-0.49894634,2
44144,1.7698141,7.3670564,8
44145,-4.30207,8.8731165,7
44146,5.3372526,5.513389,3
44147,3.261096,4.554251,5
44148,4.726714,7.6898165,5
44149,4.731519,-0.4222684,2
44150,-3.9969525,8.832191,7
44151,-4.10617,2.555125,1
44152,3.0580497,5.5920987,5
44153,-2.0703008,15.052127,4
44154,0.81868696,12.048243,9
44155,-2.2198093,14.268218,4
44156,-4.332,10.705595,7
44157,3.241803,4.4860053,3
44158,-2.9426723,-2.6002147,1
44159,16.694963,6.771334,0
44160,-3.2543995,11.041388,7
44161,16.482956,7.3622675,0
44162,5.100222,4.5890584,3
44163,-0.80633694,5.1050673,8
44164,4.8790965,6.48839,5
44165,2.680548,4.42245,5
44166,3.4440594,-1.6048491,2
44167,-2.0786414,14.519591,4
44168,11.296758,6.086827,6
44169,-4.747999,8.57621,7
44170,-4.3336673,11.678531,7
44171,-0.61717063,5.7732244,8
44172,6.070981,6.483825,8
44173,-0.3724823,5.832063,8
44174,5.9066095,6.4432197,3
44175,-4.744365,9.027503,7
44176,1.4305071,7.403615,8
44177,-1.1979972,9.851108,9
44178,-4.89327,9.678251,7
44179,10.744825,2.389414,6
44180,0.85436845,7.2902436,8
44181,5.98702,3.9122002,3
44182,0.7894777,11.555312,9
44183,-4.115832,2.409335,1
44184,16.275677,8.591477,0
44185,-4.511263,8.72802,7
44186,3.9616203,-1.7382892,2
44187,-1.2243801,9.747367,9
44188,6.825419,6.410912,3
44189,11.639581,4.2427917,6
44190,-0.30241242,13.519966,4
44191,5.847322,3.646843,3
44192,6.999303,4.9471664,3
44193,5.8495507,3.6583772,3
44194,-3.753191,10.737793,7
44195,4.6312027,-0.6232724,2
44196,1.9414244,7.406627,8
44197,11.290905,3.9351943,6
44198,-3.2102005,-1.7641258,1
44199,16.682596,7.0391827,0
44200,0.64499664,6.1862745,8
44201,11.640402,3.599279,6
44202,2.4423475,7.0095754,8
44203,-0.24060558,6.1233854,8
44204,10.792659,3.3966918,6
44205,15.800395,8.605789,0
44206,0.80145,7.486939,8
44207,-4.0007596,1.2534393,1
44208,14.471958,8.404601,0
44209,2.8524458,-0.034691136,2
44210,-2.6701787,-3.0674605,1
44211,6.1731167,3.5249975,3
44212,-3.5197418,8.829126,7
44213,-1.7461607,15.368694,4
44214,1.2704818,12.18603,9
44215,3.1843536,4.701731,5
44216,6.928119,5.999043,3
44217,11.249739,3.3074703,6
44218,10.6270895,3.56861,6
44219,-3.8710518,8.255376,7
44220,-3.8725054,-0.624269,1
44221,-0.14067723,5.897485,8
44222,-0.81542546,-4.225423,1
44223,-1.9042767,9.943101,9
44224,-0.26472113,12.937015,4
44225,16.298872,8.143752,0
44226,2.182649,-0.15047477,2
44227,-4.0094743,2.7063339,1
44228,-1.5420464,10.147432,9
44229,4.6595635,-1.316354,2
44230,1.8798827,12.254322,9
44231,5.9053364,4.1523294,3
44232,-0.6758404,14.519195,4
44233,-1.7148445,15.138338,4
44234,2.2139091,12.396808,9
44235,3.4036064,6.035722,5
44236,4.97701,5.357174,9
44237,10.537174,2.2969005,6
44238,11.804872,4.962793,6
44239,-4.701184,8.777524,7
44240,6.6382756,5.2623153,3
44241,-0.85031515,5.8801866,8
44242,-2.5478787,-3.2822473,1
44243,16.663538,8.056875,0
44244,-0.45229736,11.518913,9
44245,-4.0388703,2.7889843,1
44246,-4.6110926,10.975716,7
44247,4.4601836,-0.8597932,2
44248,3.8970544,-1.4942482,2
44249,5.5071974,4.422555,3
44250,11.270485,6.4135165,6
44251,-1.005734,15.325942,4
44252,-3.4782398,10.594995,7
44253,3.9072735,5.209439,5
44254,-5.069856,12.096146,7
44255,10.813561,2.2867198,6
44256,1.4494853,14.253792,4
44257,-3.9403167,8.384306,7
44258,10.910836,5.5957513,6
44259,-0.5090658,5.51566,8
44260,3.4391322,-1.8057356,2
44261,-2.8844593,8.907089,9
44262,5.585846,6.5696025,5
44263,3.9155912,6.2632766,5
44264,1.0024234,13.7179785,4
44265,4.0486383,-1.0121635,2
44266,14.941448,8.428571,0
44267,0.057267357,7.1357207,8
44268,15.280888,7.2435145,0
44269,-4.267532,1.786232,1
44270,1.1640226,7.768331,8
44271,-3.4593427,8.385205,7
44272,1.1824033,7.210303,8
44273,4.627715,-1.1258888,2
44274,-3.1347,9.846181,2
44275,-2.147862,15.005796,4
44276,15.113228,6.4614034,0
44277,-4.010794,2.6943681,1
44278,14.372534,8.331629,0
44279,-1.9678924,15.000931,4
44280,6.3611655,4.018112,3
44281,-3.9528136,2.3538103,1
44282,5.8333836,4.8529944,3
44283,-2.1713796,14.98354,4
44284,0.16868249,13.674025,4
44285,-1.601606,9.663788,9
44286,2.1112669,6.859339,8
44287,10.744159,2.1252055,6
44288,-2.1185424,-3.0733068,1
44289,-0.8469346,5.7479243,8
44290,-0.5330369,-4.3145084,1
44291,-1.6792196,15.14771,4
44292,3.940905,6.9547653,5
44293,3.4576833,5.469415,5
44294,-1.2947632,11.873845,4
44295,5.7078705,5.227953,3
44296,-2.5995872,-3.4632168,1
44297,-4.436206,8.664179,7
44298,3.1636674,-1.067396,2
44299,-0.56158453,5.7682586,8
44300,10.167924,4.6848745,6
44301,-1.8658977,14.961354,4
44302,2.4085104,-0.9826536,2
44303,6.0141864,3.3937163,3
44304,1.8170005,-0.28036028,2
44305,6.536661,3.920681,3
44306,-2.7893958,-1.9428475,1
44307,3.9302323,5.6053076,5
44308,2.2323897,6.9592533,8
44309,10.815696,2.558225,6
44310,0.4591963,6.5937853,8
44311,-4.0370545,8.262971,7
44312,5.910545,5.2413797,3
44313,16.26251,6.5024114,0
44314,14.95914,8.582805,0
44315,11.074782,2.7169187,6
44316,2.2424927,-0.3622543,2
44317,-4.111225,2.4367661,1
44318,10.494201,5.135297,6
44319,10.719175,2.3731053,6
44320,1.9465576,6.61395,8
44321,-0.25521034,5.868633,8
44322,-4.535935,11.51166,7
44323,-3.7310326,8.17509,7
44324,-0.5282044,-4.2111144,1
44325,15.763027,6.797859,0
44326,14.34575,6.970344,0
44327,-4.037004,2.74976,1
44328,5.901475,4.5479484,9
44329,3.0517519,4.8236995,5
44330,10.48489,3.8702579,6
44331,11.332858,2.8711739,6
44332,0.6944972,13.984659,4
44333,16.268353,6.8850994,0
44334,2.9653847,-1.3372984,2
44335,16.56087,7.4109116,0
44336,11.065446,5.430472,6
44337,10.6533575,2.2513344,6
44338,6.6934257,5.07963,3
44339,-3.9551463,2.3097408,1
44340,-2.8721373,10.450487,9
44341,2.8671591,4.777155,5
44342,1.4031771,14.398922,4
44343,0.10505909,5.5434256,8
44344,15.086417,8.86117,0
44345,-2.1080282,14.4714575,4
44346,10.949925,5.1330376,6
44347,3.5033002,-0.8309232,2
44348,1.3532072,11.8858,9
44349,5.3978896,4.2082515,3
44350,6.3187385,6.673849,3
44351,-1.7415885,9.750293,9
44352,0.34692135,13.9568405,4
44353,-4.0217476,8.758028,7
44354,10.252945,2.5522966,6
44355,11.139992,2.576699,6
44356,-1.5733322,13.45209,4
44357,-1.0301595,9.760336,9
44358,11.477968,6.0750628,6
44359,-4.085958,2.7535644,1
44360,1.4355292,7.2431655,8
44361,-2.1655674,9.237614,9
44362,4.284224,-1.1080505,2
44363,16.374218,6.466267,0
44364,2.473507,0.08754812,2
44365,10.718388,2.146989,6
44366,-3.0443976,-2.1314433,1
44367,-3.73512,8.351499,7
44368,-0.73400444,-4.2061834,1
44369,-4.115445,2.0336392,1
44370,-2.7951217,-3.1155531,1
44371,3.9377637,-0.22331181,2
44372,14.856166,7.5621605,0
44373,5.6948385,4.0530224,3
44374,3.149123,-0.76884776,2
44375,-1.6175272,9.656228,9
44376,0.12546371,12.147511,9
44377,4.1427536,-0.9671087,2
44378,-3.467182,8.12692,7
44379,-1.8036118,15.344405,4
44380,6.22752,4.3317566,3
44381,3.0308912,4.8795733,5
44382,11.7297,6.5283356,6
44383,4.429272,6.0332375,5
44384,-0.9281984,11.735401,9
44385,5.713893,3.7069197,3
44386,0.6188605,14.23074,4
44387,-3.6536686,9.302556,7
44388,6.4579935,5.6700945,3
44389,-4.1149926,2.7476966,1
44390,2.969979,6.7263856,5
44391,-0.81039375,5.40482,8
44392,-3.9166675,10.087805,7
44393,3.5131166,-0.8311168,2
44394,10.1606865,3.5757012,6
44395,3.6667247,0.063513294,2
44396,0.7650607,11.890139,9
44397,5.919293,3.6105618,3
44398,-3.6580338,9.697564,7
44399,16.627878,7.4382973,0
44400,-0.046787184,11.964102,9
44401,4.6153874,-0.6081057,2
44402,-1.501375,11.230214,9
44403,-1.3585372,9.898695,9
44404,5.761996,7.155602,5
44405,-2.1232672,14.98884,4
44406,4.489764,6.453389,5
44407,-2.1691887,9.777855,9
44408,5.2987976,5.5905104,3
44409,-4.3282638,8.574871,7
44410,10.131066,3.6476753,6
44411,16.631298,6.878306,0
44412,3.7537088,-1.5899423,2
44413,16.466696,6.8568354,0
44414,2.1219478,0.25160167,2
44415,4.247617,-0.67885196,2
44416,7.064967,6.0579605,3
44417,-3.760145,8.331746,7
44418,-0.44920188,-4.3941846,1
44419,-2.1500528,15.027963,4
44420,11.794328,5.201791,6
44421,-1.5593433,9.450885,9
44422,-3.5333967,-0.58512145,1
44423,-1.0786561,9.642548,9
44424,2.9536016,-1.0946009,2
44425,4.2069597,-0.70015246,2
44426,6.1926045,6.3603096,3
44427,-0.77186203,5.723874,8
44428,11.388858,6.113914,6
44429,-1.7021836,9.512358,9
44430,0.6185092,12.32779,9
44431,-2.0289414,-3.299611,1
44432,-1.1391305,12.214149,1
44433,-0.8724455,5.176459,8
44434,-4.1339846,8.332536,7
44435,5.6700435,3.9667857,3
44436,-1.6781301,-3.4623787,8
44437,-0.778315,5.091593,8
44438,-0.08657961,12.235978,9
44439,6.1042733,3.5289361,3
44440,5.3186016,5.134537,3
44441,11.156437,2.5651991,6
44442,6.7855735,4.273703,8
44443,-4.153019,8.204325,7
44444,11.217254,6.2822213,6
44445,16.772552,6.9515166,0
44446,-1.3307512,-3.6966226,1
44447,-2.1554134,15.232934,4
44448,15.387439,8.682761,0
44449,16.551256,6.8737197,0
44450,-1.3676744,11.681029,9
44451,14.653395,7.659345,0
44452,10.321526,3.9802434,6
44453,-2.1632087,-1.9448167,1
44454,-1.7546699,-3.488861,1
44455,2.996822,-1.2441148,2
44456,3.3926952,-1.5922909,3
44457,5.834092,5.7861047,3
44458,1.3157308,6.390542,8
44459,0.088852964,13.842183,4
44460,9.814625,3.0638099,6
44461,4.2925754,6.8307033,5
44462,6.8789735,5.5127997,3
44463,11.516187,4.929347,6
44464,1.4529666,14.140343,4
44465,-4.418199,10.712308,7
44466,1.5269024,14.509886,4
44467,0.9908819,6.8302093,8
44468,6.1878414,6.0322127,3
44469,0.829735,11.68847,9
44470,-4.831826,9.9609785,7
44471,16.021818,7.9011345,0
44472,-5.271896,12.083188,7
44473,-2.6866603,-1.0386316,1
44474,15.959249,8.723526,0
44475,3.4287057,-0.8710953,2
44476,4.0382113,6.7060184,5
44477,5.9926734,5.9471173,3
44478,5.5745497,4.162621,3
44479,0.29269972,14.464776,4
44480,4.7637534,7.1546154,5
44481,3.9476562,6.1975317,5
44482,-1.8936393,-3.186835,1
44483,11.765808,5.6228313,6
44484,6.5332623,4.182827,8
44485,-4.834074,9.607452,7
44486,0.9452261,11.720454,9
44487,0.83300054,6.0875783,8
44488,5.3248425,7.1410856,5
44489,-0.68066514,10.86838,9
44490,3.487995,-1.5346965,2
44491,15.675546,8.542941,0
44492,2.9962006,0.40353438,2
44493,-1.6194311,-2.2867498,1
44494,3.6799424,7.327733,5
44495,4.770314,-1.1997683,2
44496,1.8344917,14.304721,4
44497,5.713216,4.928629,3
44498,10.948918,5.203413,6
44499,0.57295525,14.834045,4
44500,-3.491339,10.505087,7
44501,4.7134404,7.3661146,5
44502,1.9553189,-0.9187384,2
44503,11.438767,4.166667,6
44504,7.0457983,5.2391825,3
44505,-4.550287,9.284086,7
44506,5.6776667,7.806491,5
44507,0.310097,5.776876,8
44508,5.73633,7.610054,5
44509,0.7684534,11.4690075,9
44510,5.2991753,5.3427997,3
44511,-2.4531734,-0.508763,1
44512,-4.8730526,11.027038,7
44513,15.238527,7.1173077,0
44514,1.6260513,6.8019385,8
44515,-0.112686165,14.574292,4
44516,-4.878682,12.001052,7
44517,11.500523,3.9708128,6
44518,14.247626,7.1929646,0
44519,5.98869,5.8424597,3
44520,3.623304,-1.6158012,2
44521,-0.118590035,14.702237,4
44522,6.5949893,5.462598,3
44523,-0.23377672,14.046922,4
44524,-1.881195,-1.3433384,1
44525,4.664153,-1.4058112,2
44526,-5.3623295,10.37191,7
44527,0.565475,6.4367566,8
44528,0.33304483,14.689763,4
44529,-2.372737,-0.82664204,1
44530,-0.47361633,13.495397,4
44531,15.29488,6.0553102,0
44532,0.6278659,6.0410423,8
44533,11.235142,5.0027986,6
44534,5.6734996,5.7623773,9
44535,0.5820517,14.851778,4
44536,-4.9804683,12.035095,7
44537,0.3579073,11.084939,9
44538,-4.349118,10.4202795,7
44539,-4.5310836,9.762307,7
44540,6.4433846,5.3851805,3
44541,2.6618023,-0.8217214,2
44542,-1.329672,-4.0257006,1
44543,6.2677555,6.2990813,3
44544,1.3734573,14.196755,4
44545,7.0258703,6.1065946,3
44546,6.683609,6.743683,3
44547,0.16970158,11.511229,9
44548,-1.5923802,-4.0882626,1
44549,4.6450677,-1.2998405,2
44550,0.9160571,11.74352,9
44551,14.508807,7.4687223,0
44552,-3.4175584,8.925309,7
44553,1.3844188,11.676193,9
44554,3.2770016,6.922544,5
44555,6.6869435,5.3033195,3
44556,-3.0740492,-2.5257819,1
44557,5.7154226,5.4332614,3
44558,14.242752,6.531118,0
44559,-0.17502682,11.800069,9
44560,15.097269,8.598688,0
44561,-2.6469836,-0.12106032,1
44562,-5.2155457,12.286951,7
44563,3.8437538,6.6226215,5
44564,4.3771195,7.069853,5
44565,3.5900693,-1.3563054,2
44566,-4.536678,10.146371,7
44567,6.0583067,5.8060517,3
44568,1.5897928,7.414461,8
44569,-2.4946206,-2.9266782,1
44570,-3.1309915,-2.18564,7
44571,11.771825,4.7277846,6
44572,-4.345896,11.478249,7
44573,-4.4398036,10.845665,7
44574,-3.1775753,9.63791,7
44575,5.7381516,5.270104,3
44576,1.0879883,6.2766447,8
44577,-4.1135097,10.221415,7
44578,15.940636,8.755793,0
44579,1.1011442,6.6068096,8
44580,5.608891,6.045302,3
44581,-0.34979865,14.342992,4
44582,-2.0438344,-2.9436607,1
44583,15.48432,8.149118,0
44584,-0.18623807,13.506022,4
44585,3.3577778,-1.1222823,2
44586,0.7594915,12.667063,9
44587,-0.037098546,13.935883,4
44588,-5.0629206,12.06034,7
44589,14.7546015,6.4024987,0
44590,-5.1308126,12.226418,7
44591,4.436951,-1.5084287,2
44592,-0.69522876,11.727701,9
44593,0.5543819,14.184298,4
44594,0.03707578,13.624715,4
44595,-4.2164116,10.77038,7
44596,5.0049605,4.946328,3
44597,0.69857955,6.0426545,8
44598,14.962687,8.667102,0
44599,15.44328,6.130958,0
44600,0.46918973,12.153088,9
44601,-5.1542897,10.628914,7
44602,10.296157,4.595832,6
44603,14.7758255,6.4698386,0
44604,0.69509685,7.3371778,8
44605,11.841793,4.8785367,6
44606,14.6849985,6.390139,0
44607,0.04346063,11.302713,9
44608,6.781246,4.708074,3
44609,5.9752364,6.0702305,3
44610,-3.560009,10.072726,7
44611,4.0049295,-1.4243371,2
44612,1.6953968,-0.65026516,2
44613,-1.0275451,13.855885,4
44614,16.219536,8.6423,0
44615,1.2604017,6.2193666,8
44616,1.5541141,7.4229164,8
44617,11.264872,4.9411707,6
44618,-1.1310974,11.896211,9
44619,14.724125,7.850573,0
44620,-0.28138834,13.26689,4
44621,3.8828597,5.199868,5
44622,-3.4871511,-1.3743345,1
44623,-5.006628,9.915086,7
44624,0.5149734,5.3816414,8
44625,5.1995044,6.2455554,5
44626,-3.9588273,8.975491,7
44627,-2.1754081,-1.1790767,1
44628,-1.9017475,-3.9980876,1
44629,15.372047,6.411258,0
44630,5.6766934,6.121273,3
44631,0.85592973,6.8119416,8
44632,1.5646539,14.38359,4
44633,-2.5917134,-1.9950054,1
44634,4.975379,7.005304,5
44635,11.452271,6.027951,6
44636,-0.84716123,12.953382,4
44637,-5.468235,10.867102,7
44638,0.8738205,5.9770813,8
44639,2.4550865,-0.242956,2
44640,-4.0837283,9.228119,7
44641,0.55288005,11.283289,9
44642,3.7773576,6.6418486,5
44643,-4.912743,10.220207,7
44644,11.579212,6.4828057,6
44645,-0.24952006,10.919611,9
44646,1.4088995,13.982917,4
44647,3.541522,5.7633696,5
44648,-1.5144482,-2.2874827,1
44649,11.589852,3.5903938,6
44650,-3.2710028,0.16038881,1
44651,3.5211036,6.3534756,5
44652,0.45150518,7.439666,8
44653,4.574266,-1.317032,2
44654,0.88500494,5.8648205,8
44655,11.496869,3.5227284,6
44656,15.532711,8.319448,0
44657,2.5097382,-0.22923559,2
44658,-3.666837,11.392188,7
44659,0.26989812,6.556315,8
44660,14.8782835,8.381177,0
44661,-2.226255,-0.6590332,1
44662,5.048393,6.6416597,5
44663,-4.966972,11.145815,7
44664,3.3474717,5.9919524,5
44665,4.1959004,7.012448,5
44666,10.446532,4.019078,6
44667,3.9292004,6.9906263,5
44668,0.14118695,13.8131695,4
44669,-4.915979,10.793996,7
44670,-0.3431005,10.332808,9
44671,6.944239,5.2387004,3
44672,2.546061,0.017173683,2
44673,2.972536,5.552769,5
44674,5.7142386,7.5062,5
44675,15.916602,7.2230663,0
44676,1.6254654,7.031768,8
44677,-3.2298648,-1.3763448,1
44678,1.5804554,12.232203,9
44679,-3.1033394,0.91006553,1
44680,-2.2411807,-3.4404168,1
44681,7.050526,5.392795,3
44682,-2.914549,-1.6114885,1
44683,1.0461264,7.01186,8
44684,5.2041492,3.9608338,3
44685,-0.54285413,14.759693,4
44686,1.8017037,7.3629274,8
44687,-0.54593587,10.547512,9
44688,0.494151,14.501614,4
44689,-1.2616868,14.533284,4
44690,10.155573,4.3448167,6
44691,3.5234854,6.4034157,5
44692,14.6855955,8.758386,0
44693,-3.852456,0.8020439,1
44694,-0.21986178,13.28627,4
44695,-0.3146996,5.570196,8
44696,14.984996,8.778492,0
44697,11.379562,3.827063,6
44698,1.1372616,4.517692,1
44699,0.08753723,5.4707017,8
44700,15.37492,6.7513194,0
44701,-1.3378859,10.967793,9
44702,1.1630087,6.0345182,8
44703,14.455676,7.1955843,0
44704,15.674763,8.000099,0
44705,-1.8878064,-3.9881346,1
44706,4.782057,7.8312364,5
44707,3.0988483,-1.6379454,2
44708,-4.029746,9.2979145,7
44709,6.6378236,5.4567122,3
44710,3.1736453,-1.0061808,2
44711,0.6403607,13.761486,4
44712,1.7595699,14.513021,4
44713,5.4641814,7.34425,5
44714,1.0568149,6.712305,8
44715,10.86786,5.6723785,6
44716,6.725641,5.5011945,3
44717,-4.5626774,12.08094,7
44718,2.6779602,-1.5683796,2
44719,0.5978817,7.2667484,8
44720,16.033491,7.2675157,0
44721,1.2632065,12.567914,9
44722,10.626713,4.6583114,6
44723,14.489837,7.417369,0
44724,-0.86281204,-4.5222597,1
44725,-1.7880373,-4.087346,1
44726,-3.3675284,9.6392765,7
44727,2.959572,-1.4971747,2
44728,10.110623,3.3076193,6
44729,6.8325667,5.6524997,3
44730,15.296895,6.1461315,0
44731,1.1456114,13.93038,4
44732,11.429925,6.3620973,6
44733,4.7163825,7.408695,5
44734,-5.105496,11.676979,7
44735,11.509808,5.903677,6
44736,5.524611,7.8376236,5
44737,-4.2779384,11.401905,7
44738,5.736339,7.6763897,5
44739,-0.17084436,6.504757,8
44740,4.7257934,-1.3873652,2
44741,1.0428455,11.888622,9
44742,10.491793,4.4008956,6
44743,14.763671,7.136675,0
44744,14.951146,8.093932,0
44745,-1.2777611,-2.960487,1
44746,2.0777647,12.803746,9
44747,3.6586187,-1.4739395,2
44748,5.583547,7.5433755,8
44749,6.3983464,5.432741,3
44750,14.927908,7.5583134,0
44751,0.6460376,14.259797,4
44752,2.8630557,6.3455844,5
44753,5.8516784,7.138834,5
44754,10.632601,2.8642812,6
44755,10.913532,5.219145,6
44756,-5.0288486,12.025341,7
44757,-4.8313556,11.894042,7
44758,3.667531,-1.9334472,2
44759,-0.15617684,5.9240294,8
44760,4.9434175,7.5346084,5
44761,-0.31981686,13.405344,4
44762,1.111029,11.832644,9
44763,0.010396274,11.304805,9
44764,5.7671957,5.879305,3
44765,-0.5925433,14.272287,4
44766,14.407032,6.3089576,0
44767,-3.5108426,10.565791,2
44768,15.342471,6.2567105,0
44769,0.7177935,11.292911,9
44770,-2.3206787,-2.0635924,1
44771,-0.51229143,14.277264,4
44772,-4.6187363,11.585842,7
44773,3.6049519,6.346651,5
44774,-4.4782066,11.079714,7
44775,-0.046951745,5.4898715,8
44776,1.3723007,12.304515,9
44777,15.320154,7.2865105,0
44778,-0.495638,10.634225,9
44779,5.826087,4.4411397,3
44780,2.1443517,12.646163,9
44781,4.560967,7.3478456,5
44782,6.909289,6.1069984,3
44783,5.083962,7.4224844,5
44784,2.6253438,-0.36904848,2
44785,-1.8580655,-1.4098705,1
44786,-0.9105221,-3.3125663,1
44787,-4.0878158,11.291778,7
44788,14.988824,6.261681,0
44789,-0.18153857,6.4337482,8
44790,11.376981,5.7134194,6
44791,0.60127425,13.970463,4
44792,-0.867875,-3.9200745,1
44793,4.68041,7.3249826,5
44794,2.0832574,-0.95185316,2
44795,-4.6345325,11.866438,7
44796,16.294739,6.648597,0
44797,3.4244967,-1.2717663,2
44798,-0.47499242,14.308766,4
44799,6.2108636,4.8434415,3
44800,-0.8691098,-3.9810193,1
44801,10.51722,4.635539,6
44802,4.3384786,7.0356393,5
44803,-4.596598,11.776801,7
44804,3.3502603,5.3479037,5
44805,-4.964642,11.941884,7
44806,0.3228405,6.7707367,8
44807,-5.26386,12.255842,7
44808,10.172559,3.0453565,6
44809,10.834842,5.457448,6
44810,3.4661033,6.5364246,5
44811,14.851771,6.41503,0
44812,1.161306,7.134219,8
44813,-3.0029416,-2.144496,1
44814,10.678018,4.324076,6
44815,14.632574,6.526182,0
44816,3.5462823,5.7425623,5
44817,11.081751,5.0633225,6
44818,-3.7238066,11.487652,7
44819,5.4188743,7.414849,5
44820,3.376315,5.288286,5
44821,5.027905,7.5733757,5
44822,-1.5672771,11.484889,9
44823,3.706177,-1.5140487,2
44824,-1.1130344,11.363515,9
44825,0.23146449,11.499691,9
44826,14.839144,8.266556,0
44827,5.6944838,4.9987397,3
44828,3.5147398,-1.3520322,2
44829,-1.5506243,-2.1681254,1
44830,4.0972548,6.6941957,5
44831,0.48635578,14.201675,4
44832,-5.2898626,11.467689,7
44833,0.025003694,6.8708706,8
44834,1.8054007,7.104082,8
44835,-4.8843193,12.004422,7
44836,-4.220986,11.318473,7
44837,5.034072,4.9749355,3
44838,14.9568,8.489055,0
44839,-0.077371106,6.3563466,8
44840,-5.0745807,11.346457,7
44841,3.5488503,-1.3637722,2
44842,0.7145216,14.889767,4
44843,10.936905,4.1975884,6
44844,14.555627,6.4217277,0
44845,5.323815,6.7985225,5
44846,14.394849,7.534986,0
44847,3.6794035,-1.050588,2
44848,2.9564836,0.37313253,3
44849,-5.1307416,10.203584,7
44850,1.2018231,14.664404,4
44851,-1.0904646,10.515415,9
44852,5.0958495,7.038744,5
44853,2.9658134,12.193604,7
44854,-1.1459918,12.047139,9
44855,-0.30385008,11.63092,9
44856,-0.46787187,-4.346411,1
44857,-3.3848903,-0.5437958,1
44858,4.5978317,6.9739914,5
44859,14.855054,6.9379044,0
44860,-1.250752,14.572649,4
44861,0.44198924,6.0036035,8
44862,14.3956995,7.4334054,0
44863,-1.5019168,11.418842,9
44864,-1.8158141,-3.3707526,1
44865,-5.213622,12.217635,7
44866,1.0219569,6.8529315,8
44867,15.211082,6.275674,0
44868,-3.4974308,9.419142,7
44869,4.5242715,7.3584127,5
44870,10.07948,4.1506224,6
44871,15.08125,7.607962,0
44872,16.296803,8.479351,0
44873,5.7722297,5.286939,3
44874,1.3310168,7.471298,8
44875,-0.693112,6.4072723,8
44876,-1.6263288,-3.5169055,1
44877,-0.8016886,14.604856,4
44878,0.72608435,12.235795,9
44879,11.499738,5.668918,6
44880,0.89754736,6.2749443,8
44881,4.5587173,-1.1288524,2
44882,2.2022958,12.416581,9
44883,15.159305,5.808535,0
44884,0.43943876,12.394376,9
44885,-1.0713898,14.610032,4
44886,-1.7281349,-3.0305657,1
44887,-2.331729,-0.7114582,1
44888,5.4366727,5.977818,3
44889,5.0237527,5.0201273,3
44890,0.5220994,12.130961,9
44891,-2.834993,0.12506294,1
44892,0.3332102,11.826579,9
44893,15.689021,6.1575065,0
44894,-0.16099189,14.010846,4
44895,-0.018597703,10.7911215,9
44896,-5.3931704,11.031695,7
44897,15.084853,7.6747932,0
44898,3.7997208,0.12989129,2
44899,-1.5516323,-1.7754873,1
44900,15.484424,7.9552116,0
44901,3.3060722,0.58672446,2
44902,4.212105,-1.2181681,2
44903,2.6914883,-1.2682002,3
44904,0.019706443,13.66089,4
44905,-0.4793973,14.217537,4
44906,5.4809523,5.345454,3
44907,3.3460178,4.8866024,5
44908,-4.405425,10.356194,7
44909,11.293387,5.1733613,6
44910,3.4493911,5.246583,5
44911,-4.703401,11.032766,7
44912,-3.3493402,8.99491,7
44913,0.25606948,5.9671144,8
44914,-4.494676,10.25738,7
44915,-1.3173351,11.880312,9
44916,4.4076943,6.6961136,5
44917,15.574849,8.03022,0
44918,1.3956771,6.4636664,8
44919,-3.2905037,-0.026191432,1
44920,-4.325429,9.350609,7
44921,-1.513436,14.125415,4
44922,0.042403217,13.930411,4
44923,3.6067975,6.3315425,5
44924,4.022479,7.084867,5
44925,11.563454,5.223172,6
44926,2.1691132,12.341556,9
44927,-4.5504813,9.998999,7
44928,5.3807974,7.558969,5
44929,-0.103375524,6.377064,8
44930,3.5151055,6.3957224,5
44931,-0.010766406,11.926888,9
44932,11.5883875,6.2673683,6
44933,15.435975,8.608091,0
44934,3.9458272,-1.6426059,2
44935,-3.3922503,-0.62387455,1
44936,-0.59775877,11.728847,9
44937,-1.0538329,14.4564085,4
44938,4.119951,6.907234,5
44939,3.0490758,6.1568975,5
44940,-5.4156375,11.693641,7
44941,10.889599,4.227513,6
44942,-0.10831881,14.116327,4
44943,-4.6008005,9.929162,7
44944,5.823542,7.775987,8
44945,-0.6718898,5.8022485,8
44946,0.37181905,11.374225,9
44947,-1.3331563,10.966082,9
44948,2.0305684,12.838261,9
44949,-3.924272,10.088228,7
44950,3.4970057,-1.5936556,2
44951,15.677121,7.116246,0
44952,11.700674,6.552673,6
44953,11.087127,4.0902205,6
44954,-3.2311378,9.423962,7
44955,14.942988,8.190861,0
44956,0.054285977,13.438353,4
44957,-3.7762008,9.756579,7
44958,15.448304,7.07573,0
44959,2.266227,-0.620812,3
44960,-0.7503179,13.368615,4
44961,-3.4553814,9.152235,8
44962,-0.80079556,10.49441,9
44963,10.504456,3.2444694,6
44964,2.792842,5.834938,5
44965,-4.5565825,9.997291,7
44966,-1.7109877,-3.5903237,1
44967,-3.610995,-0.43271446,1
44968,-0.16100375,6.0238566,8
44969,1.8699361,-0.6831399,3
44970,4.100596,6.6073055,5
44971,-4.6223207,9.48661,7
44972,2.9525485,12.192613,7
44973,0.533821,11.178271,9
44974,0.7333319,6.9481835,8
44975,-3.7502358,9.818564,7
44976,4.265868,6.628623,5
44977,-0.9704744,15.295745,4
44978,2.2364268,-0.42288834,2
44979,15.087994,7.6965494,0
44980,0.9137814,5.8688045,8
44981,11.131318,3.6706097,6
44982,4.7754197,5.2047634,9
44983,-0.5209572,14.727346,4
44984,11.6199045,6.1719856,6
44985,-0.79965043,11.320348,9
44986,-2.0756664,-1.059803,1
44987,4.2904334,6.390812,5
44988,-4.2861753,2.1739995,1
44989,10.172853,3.406567,6
44990,-0.43019924,13.832077,4
44991,4.287456,7.1794395,5
44992,0.08867921,12.387895,9
44993,3.752758,-1.6976749,2
44994,-1.4350256,-3.143137,1
44995,-0.7282346,11.284416,9
44996,-2.848133,-2.0445206,1
44997,0.23421255,6.381767,8
44998,1.6749953,14.705538,4
44999,3.3264327,6.0307918,5
45000,5.572783,5.083153,3
45001,-4.06091,0.55825305,1
45002,-1.7639917,-3.9090664,1
45003,2.994462,6.3780518,5
45004,-4.056579,10.809094,7
45005,-3.9140172,8.298282,3
45006,-1.6824346,-3.9100416,1
45007,-1.4314257,10.785318,9
45008,5.9517603,5.0204554,3
45009,-1.2798145,15.029212,4
45010,10.518143,4.454905,6
45011,3.6405752,5.79803,5
45012,7.0235286,5.1495447,5
45013,10.60452,3.1249056,6
45014,-4.3149657,11.50366,7
45015,5.4730763,5.0824304,3
45016,1.5885866,7.7945366,8
45017,-1.6181569,13.174336,4
45018,5.4370604,6.854164,5
45019,0.20994842,5.968633,8
45020,-4.213171,10.430849,7
45021,15.402663,7.937368,0
45022,2.9669313,-0.9163157,2
45023,11.015731,3.999623,6
45024,5.2125363,7.8409853,5
45025,-1.1337463,14.8796835,4
45026,1.9858326,7.774696,8
45027,0.055675466,6.6813188,8
45028,2.9432998,-0.5137202,2
45029,-3.094625,-0.71232873,1
45030,11.248626,5.8941793,6
45031,6.191184,3.870505,3
45032,-2.2101066,-2.3643184,1
45033,-1.7385854,13.973019,4
45034,-0.21465531,12.260242,9
45035,15.6986265,8.750461,0
45036,4.781481,6.6811986,5
45037,-3.4185588,-1.4079167,1
45038,-0.8214089,12.983417,4
45039,-0.16905643,10.7062645,9
45040,-4.250341,8.601984,7
45041,3.7483783,-1.0357829,2
45042,14.404747,7.3707805,0
45043,5.7007136,3.835694,3
45044,1.1990331,12.559399,9
45045,-4.530909,9.707762,7
45046,-3.2299337,9.459996,3
45047,3.5058365,0.5955702,2
45048,1.1105224,14.80234,4
45049,3.3707845,5.6783524,5
45050,1.1668476,6.6649265,8
45051,-2.7989638,0.27339604,1
45052,3.6430025,5.6419344,5
45053,-4.1912556,9.883811,7
45054,-3.5213141,11.315567,7
45055,3.2940264,-0.48018253,2
45056,4.6485763,8.005587,8
45057,-0.3080864,5.1371074,8
45058,14.952203,8.673673,0
45059,-4.7066817,9.888753,7
45060,-4.0743313,11.558921,7
45061,16.274788,8.048177,0
45062,1.8123637,12.085722,9
45063,-2.6751966,-0.15783574,1
45064,0.14080204,13.205234,4
45065,0.18954797,11.729863,9
45066,15.676868,8.957011,0
45067,11.004295,4.3826737,6
45068,-5.256378,12.177699,7
45069,-1.3773197,14.46464,4
45070,2.8575706,5.7915688,5
45071,-1.4147469,11.037055,9
45072,2.8041089,6.048379,5
45073,3.5220454,0.56051373,2
45074,-0.6579092,12.245435,9
45075,-3.4676707,0.24268134,1
45076,-4.251731,2.2346919,1
45077,3.5037982,0.034618285,2
45078,-1.5022407,-3.601482,1
45079,5.868414,3.6889627,3
45080,11.160078,3.645395,6
45081,-3.7813287,8.387851,7
45082,9.88279,3.5055678,8
45083,15.363607,5.9838967,0
45084,1.5280011,12.573181,9
45085,3.3935585,0.2232092,2
45086,0.40800065,11.400819,9
45087,-4.2511864,0.59028065,1
45088,6.684896,5.224713,3
45089,6.6444464,3.8427773,3
45090,11.356742,4.379595,6
45091,3.8116589,6.4948926,5
45092,-1.6384485,-3.4921448,1
45093,6.7089643,3.8985784,3
45094,4.4037247,-1.8018979,2
45095,-0.7128788,14.459974,4
45096,3.0349574,-1.3339615,2
45097,-4.136265,9.850746,7
45098,1.6151308,7.0621123,8
45099,3.5878146,0.71421975,2
45100,-1.9494581,14.202795,4
45101,3.7318535,6.484971,5
45102,-3.436191,10.90173,7
45103,-0.08427894,6.4571157,8
45104,11.110212,4.715298,6
45105,-3.0968752,0.97495544,1
45106,1.6342076,7.102931,8
45107,11.168364,3.889679,6
45108,5.9269423,6.412829,3
45109,-0.22686416,5.931896,8
45110,2.111387,7.5388365,8
45111,3.498475,6.0228453,5
45112,15.373389,7.299263,0
45113,11.715693,3.9938254,6
45114,0.8470671,12.1865635,7
45115,16.26169,8.160306,0
45116,-0.07102909,5.2799234,8
45117,-1.7301508,9.967942,8
45118,6.1062174,7.5071907,5
45119,-0.8627488,10.395987,9
45120,0.07062172,12.276829,9
45121,-2.0209846,14.804649,4
45122,1.4872171,7.3915358,8
45123,-0.75322354,10.771352,9
45124,3.1568873,6.6462207,5
45125,3.621544,-0.92526203,2
45126,14.319295,5.933027,0
45127,11.235334,3.2910264,6
45128,15.837378,8.034651,0
45129,15.19044,8.8547535,0
45130,2.9733093,-1.0270431,2
45131,-1.3412621,-3.0321069,1
45132,3.8593166,7.0499034,5
45133,3.1096613,0.52833265,2
45134,3.3548484,6.5553284,5
45135,7.117979,5.7394276,3
45136,2.4216425,-1.1324042,2
45137,0.73563516,13.910103,4
45138,10.133259,2.4344172,6
45139,5.433281,7.5737963,5
45140,-2.1738908,-2.5273762,1
45141,11.34258,5.3295255,6
45142,-1.1270413,10.664195,9
45143,-2.985328,-2.1468177,7
45144,1.0878344,11.808102,9
45145,16.125475,8.70091,0
45146,15.87394,8.434534,0
45147,-1.1046071,-3.3117845,1
45148,0.8018195,14.333715,4
45149,3.4310539,-0.14479725,2
45150,6.7613473,5.680085,3
45151,7.1144705,5.7659526,3
45152,14.65065,6.5163207,0
45153,1.2339448,14.259879,4
45154,10.768472,5.5124507,6
45155,2.9696941,5.3526516,5
45156,1.0520489,6.682599,8
45157,11.31093,4.9651527,6
45158,2.9437091,-0.04858984,2
45159,-4.8897243,12.176272,7
45160,5.351431,7.2806954,5
45161,2.7581666,7.483089,8
45162,14.797539,6.1645308,0
45163,-0.025605373,12.358013,9
45164,5.4037967,5.0308766,3
45165,15.185192,8.937256,0
45166,2.800399,6.1763268,5
45167,-0.78765064,-3.9844337,1
45168,2.210176,7.625531,8
45169,2.4787602,-0.6468218,2
45170,-4.795383,10.9155655,7
45171,6.343749,6.3409834,3
45172,0.9346119,14.632704,4
45173,0.93872106,14.199272,4
45174,-0.068033956,11.791387,9
45175,2.8462312,4.6077147,5
45176,-0.7929674,10.339824,9
45177,11.220588,4.9332967,6
45178,1.5131507,12.19475,9
45179,-4.750156,12.118073,7
45180,-3.2349465,9.923043,7
45181,2.5901332,7.4142976,8
45182,-3.3855963,-0.76786643,1
45183,0.4063114,12.48996,9
45184,-0.41417694,14.672674,4
45185,-3.5655797,-1.0951383,7
45186,-1.0514127,-4.010525,1
45187,-4.7518616,11.875008,7
45188,-4.565045,12.004159,7
45189,15.367055,8.598705,0
45190,14.493575,6.290135,0
45191,0.7890559,14.692873,4
45192,-3.6238601,9.1682005,7
45193,15.090305,8.8007555,0
45194,2.015836,7.018926,8
45195,7.198102,5.7187,3
45196,7.0569816,5.9746666,3
45197,-1.4813063,-2.1629927,1
45198,1.318338,14.647235,4
45199,2.500009,7.4719696,8
45200,-4.7202344,9.393276,7
45201,0.82992995,12.708568,9
45202,0.8737726,6.56445,8
45203,-4.073111,8.639432,2
45204,-1.1678724,-3.8638666,1
45205,-1.7105739,-3.1784372,1
45206,1.9283375,0.10041968,2
45207,2.5270708,7.3912535,8
45208,-0.052137062,5.5846195,8
45209,11.330769,5.1388855,6
45210,0.7777707,14.300222,4
45211,4.9120927,7.3800144,5
45212,1.3092077,12.288494,5
45213,0.76513964,14.117848,4
45214,1.6937298,14.571574,4
45215,-4.9318485,12.189245,7
45216,2.6688983,-1.1011494,2
45217,6.879902,5.458199,3
45218,15.147175,8.548135,0
45219,0.56598943,14.012042,4
45220,-2.9142992,-2.7551951,1
45221,-2.053994,-3.8797734,1
45222,2.585515,5.0910077,5
45223,2.1587179,6.976723,8
45224,10.386791,4.9004126,6
45225,11.20518,5.2848873,6
45226,5.7705173,7.5227923,5
45227,1.3868539,12.551307,9
45228,11.340591,6.137217,6
45229,-0.8234844,-3.3775616,1
45230,15.964749,6.255039,0
45231,0.68358594,13.898185,4
45232,-0.85655814,11.345078,9
45233,3.2338815,5.631196,5
45234,-0.21084464,14.102069,4
45235,15.260513,8.605242,0
45236,0.012010983,11.999739,9
45237,-0.92807746,-3.369375,1
45238,0.13144681,11.274082,4
45239,7.0563226,5.9690156,3
45240,-1.335373,-4.342946,1
45241,11.322497,4.879729,6
45242,1.0433136,12.05561,9
45243,0.7128497,14.166792,4
45244,1.6016701,12.159762,9
45245,5.8326073,7.7382812,8
45246,6.171351,5.6951966,3
45247,0.86736995,12.237864,9
45248,10.446537,4.684998,6
45249,2.2452683,7.0238304,8
45250,3.6437685,5.6858354,5
45251,2.515465,-0.86154145,2
45252,-1.0187985,13.201497,4
45253,-1.6776139,-3.723109,1
45254,-1.7932433,-1.740116,1
45255,15.214721,8.445264,0
45256,4.0087457,7.541647,5
45257,-5.023747,11.128072,7
45258,-3.1487799,9.765478,7
45259,2.6510735,-0.09378535,2
45260,5.672939,5.287672,3
45261,3.790912,6.534391,5
45262,11.264426,5.2702627,6
45263,3.3867881,5.274719,5
45264,5.6147814,5.630483,3
45265,11.3439245,5.116028,6
45266,5.9710226,4.638508,3
45267,11.330564,5.157185,6
45268,4.595667,-1.3495554,2
45269,11.196494,4.9188685,6
45270,4.2524824,6.7470284,8
45271,7.044902,5.712481,3
45272,6.240241,6.3668456,3
45273,6.2401404,6.3849926,3
45274,14.890513,8.940259,6
45275,7.1033645,5.7735868,3
45276,16.048794,7.297746,0
45277,-2.9269793,-2.1704953,1
45278,-0.67637503,13.3711605,4
45279,-4.826672,11.512113,7
45280,-1.2025452,14.718894,4
45281,2.5026376,-0.68823284,2
45282,6.0354323,7.0147624,5
45283,3.273163,0.14267126,2
45284,-0.8752223,-3.651391,1
45285,-4.883179,10.602165,7
45286,0.6170027,5.729357,8
45287,2.664667,-0.06163852,2
45288,14.664733,6.662352,0
45289,6.3371167,6.3970594,3
45290,-1.5746261,-3.7515717,1
45291,11.292658,4.409978,6
45292,4.8168597,6.551486,5
45293,2.5070665,7.249006,8
45294,11.165329,5.9036784,6
45295,4.534653,7.7053447,5
45296,0.15676571,14.43301,4
45297,-1.689829,-2.4400935,1
45298,1.7403712,6.7225523,8
45299,0.075203195,14.021991,4
45300,11.591643,6.276276,6
45301,1.0006639,11.853305,9
45302,-1.5440197,-1.8870358,1
45303,15.197651,8.044874,0
45304,1.0601237,11.608127,9
45305,3.3323662,5.7486467,5
45306,1.5571721,-0.1519075,2
45307,15.237062,8.560242,0
45308,-1.1621742,11.076074,9
45309,11.318693,5.1660542,6
45310,-3.5907662,9.495889,7
45311,2.213455,7.106565,8
45312,5.7513027,5.459193,3
45313,2.2454455,6.9977427,8
45314,-5.1963434,11.14541,7
45315,15.0047,8.851829,0
45316,-0.8358745,13.459012,4
45317,1.521084,6.5852385,8
45318,0.5707234,14.112614,4
45319,2.9112759,0.16319121,2
45320,-0.90240914,-3.6001275,1
45321,7.0204883,5.6172423,3
45322,0.42916262,11.955943,9
45323,1.004436,12.352003,9
45324,11.048429,5.969544,6
45325,-0.5217976,13.407564,4
45326,-0.55673844,5.000665,8
45327,6.2076893,6.13988,3
45328,5.499654,5.440812,3
45329,-4.61101,11.923684,7
45330,1.8197662,14.402306,4
45331,-2.53021,-2.3668,1
45332,3.8084428,-1.8957171,2
45333,-4.7766395,11.884033,7
45334,2.67917,5.328131,5
45335,10.786073,4.371931,6
45336,6.6349874,5.855222,3
45337,1.1416935,11.954968,9
45338,11.560815,5.9264054,6
45339,0.7284376,13.993829,4
45340,5.982311,4.172265,3
45341,3.0204935,0.024889743,2
45342,3.0306542,-1.2563207,2
45343,0.5789646,12.206893,9
45344,3.8747456,7.3366966,5
45345,0.47707394,12.042648,9
45346,3.204128,-0.06867239,2
45347,2.9882953,-0.6753145,2
45348,14.221542,5.9997487,2
45349,15.073528,8.275838,0
45350,2.7140381,-0.764397,2
45351,1.6454959,6.361619,8
45352,-1.1042935,12.08747,9
45353,0.79566824,14.636065,4
45354,14.413689,8.40119,0
45355,1.2242072,12.003343,9
45356,0.48926532,7.021014,8
45357,-0.21961522,13.662069,4
45358,2.0198197,-0.8869306,2
45359,14.636821,7.747686,0
45360,2.8902311,6.466005,5
45361,-4.5523043,11.992356,7
45362,4.071009,-1.9340869,2
45363,-2.3624005,-2.7734923,1
45364,6.66371,5.5621004,3
45365,6.0387454,5.633908,3
45366,-2.3251207,-3.0207088,1
45367,2.0754783,-0.45575437,2
45368,10.577599,5.3317366,6
45369,0.35331517,11.922258,9
45370,-0.4160096,12.147465,9
45371,15.450424,6.9709015,0
45372,-0.5500456,-4.251299,1
45373,-3.7463894,0.7612166,1
45374,-4.1068854,9.986719,7
45375,4.1469307,-1.2841306,2
45376,11.601226,6.3647127,6
45377,6.412064,4.037357,3
45378,3.38607,-1.7622987,2
45379,-0.3495799,5.1879396,8
45380,-0.5060672,12.161962,9
45381,-1.3678812,10.185582,9
45382,-4.914438,10.540354,7
45383,16.041672,7.4130173,0
45384,14.862477,7.869038,0
45385,-4.382995,1.9591044,1
45386,15.039002,7.8411236,0
45387,4.863786,-0.98231596,2
45388,0.78633344,12.071691,9
45389,5.9158196,3.2835147,3
45390,5.4532065,7.4770913,5
45391,-2.1462264,15.132419,4
45392,-3.119938,9.384069,7
45393,3.7370594,5.2478423,5
45394,1.1631688,14.508334,4
45395,11.092257,2.5489452,6
45396,5.942063,5.281696,3
45397,-5.016034,8.8906975,7
45398,5.870024,4.283065,3
45399,0.14403959,5.2211676,8
45400,5.2772493,5.776718,3
45401,16.063303,6.5841494,0
45402,16.264664,8.608456,0
45403,-4.1488633,1.9131145,1
45404,1.1981914,14.405,4
45405,4.6157928,-0.7450385,2
45406,1.9002129,-0.35790542,2
45407,6.5978,4.221814,3
45408,5.8305764,6.4226723,3
45409,11.461834,2.9081352,6
45410,10.694824,3.1905422,6
45411,-5.0942645,9.463525,7
45412,2.0628717,-0.26559043,2
45413,-0.7756218,5.15668,8
45414,-3.4160485,9.417403,2
45415,-2.02743,9.256444,9
45416,0.041066397,6.7122693,8
45417,15.206271,6.8543158,0
45418,15.054255,7.2826395,0
45419,5.9171176,4.338535,3
45420,2.8609521,-1.3277407,2
45421,-1.3439248,10.621331,9
45422,14.040496,6.4104056,0
45423,3.7056367,5.249256,5
45424,-1.314614,13.99896,4
45425,10.967323,3.2660882,6
45426,14.388061,6.0395107,0
45427,0.14405239,5.45682,8
45428,-3.4700608,10.945794,7
45429,-1.5771587,15.313302,4
45430,1.9188528,-0.44976443,2
45431,-1.6116507,9.832184,9
45432,4.3712425,6.6468916,5
45433,-3.8053958,2.0765707,1
45434,15.710989,7.749826,0
45435,-4.515782,8.6253,7
45436,5.564846,5.437611,3
45437,-4.145535,0.7445619,1
45438,-0.9795093,-4.125863,1
45439,2.8848064,4.3624277,2
45440,-1.9993242,10.626417,9
45441,5.9506135,3.2761137,3
45442,15.158111,6.8205285,0
45443,6.0771713,6.6857104,5
45444,-0.76684505,-3.62624,1
45445,-1.6776135,9.597336,9
45446,-1.011379,-4.3840146,7
45447,11.550506,3.1865819,6
45448,10.318943,4.3490076,6
45449,-1.7402966,9.424975,9
45450,0.6502801,11.725532,9
45451,-4.200894,0.5066482,1
45452,4.015236,7.214537,5
45453,4.6482453,-1.4139118,2
45454,1.15754,5.9751315,8
45455,10.897606,2.4152286,0
45456,-3.9488409,10.646809,7
45457,-4.8623924,8.915546,7
45458,-0.9791989,-3.91635,8
45459,4.3524156,-1.1026758,2
45460,10.414507,5.2006936,6
45461,-1.3849838,9.560356,9
45462,2.1186774,-0.4519291,2
45463,-0.42817143,5.0884542,8
45464,4.7189837,-1.4899417,2
45465,-0.38946214,10.199508,9
45466,-4.253962,9.699159,7
45467,15.114182,7.316369,0
45468,5.661425,5.145523,3
45469,-5.013165,9.96213,7
45470,4.6298485,6.996015,5
45471,-4.196673,1.2462739,1
45472,-0.73085684,12.836042,4
45473,6.580822,3.6820025,3
45474,7.0776906,5.8389306,3
45475,15.630134,8.155894,0
45476,15.387089,7.9861994,0
45477,6.284606,3.6950395,3
45478,11.429633,4.653019,6
45479,10.701139,2.92109,6
45480,6.126463,4.0891094,3
45481,0.68947905,5.549406,8
45482,4.74989,7.271833,5
45483,-5.17522,9.498793,7
45484,2.0006967,-1.3032764,2
45485,-1.7879695,15.35856,4
45486,3.6307828,0.09673088,2
45487,-1.8330094,10.395375,9
45488,4.7166114,-0.90981543,2
45489,-4.650885,9.657794,7
45490,5.763804,7.681092,5
45491,5.4268913,5.927738,5
45492,-4.6467032,8.722264,7
45493,0.3508691,5.7027555,8
45494,14.653619,8.07043,0
45495,-3.7523496,1.3887491,1
45496,-3.2551517,9.558431,7
45497,3.6483254,5.2574587,5
45498,3.0672314,-1.2411295,2
45499,-4.2690244,1.5907075,1
45500,2.7873144,-1.1986403,2
45501,3.5809689,0.6522451,2
45502,-0.8755297,4.966829,1
45503,15.422957,7.4418206,0
45504,15.109226,8.5138855,0
45505,4.617111,-1.1117802,2
45506,10.805499,5.520611,6
45507,-1.9576793,15.180619,4
45508,6.111133,6.3417964,3
45509,5.8576064,3.3706193,3
45510,10.424876,4.4395256,6
45511,15.640963,7.0770917,0
45512,3.6795056,6.8347406,5
45513,15.599985,8.070472,0
45514,11.042881,3.4639943,6
45515,15.533465,8.588863,0
45516,-1.4727575,-2.8721192,1
45517,6.923372,4.967239,3
45518,-4.4556074,11.209918,7
45519,4.5236673,6.293087,5
45520,1.6202667,6.1551623,8
45521,-5.0095825,11.065376,7
45522,15.01195,8.906562,0
45523,10.976026,4.6689777,6
45524,-3.6778738,10.843139,7
45525,-0.75529116,10.636121,9
45526,2.518252,4.99387,5
45527,-0.9548601,10.516353,9
45528,1.7037534,12.616202,9
45529,-0.30069026,6.283182,8
45530,-3.8995357,11.530198,7
45531,4.5129237,-0.9712315,2
45532,-1.5844728,-2.576222,1
45533,-5.188409,10.355345,7
45534,3.5296206,6.4995036,5
45535,-5.0177546,9.567942,7
45536,5.9655056,7.7696047,5
45537,-4.0196943,2.1453886,1
45538,-1.0880368,13.299096,4
45539,14.811033,7.9156737,0
45540,14.486838,6.043019,0
45541,-1.8723654,-2.047921,1
45542,10.869616,5.743944,6
45543,3.7348182,-1.7590563,2
45544,15.057559,8.334457,0
45545,6.15295,6.2724457,3
45546,-2.2410588,-3.752702,1
45547,4.718018,6.8224974,5
45548,-4.095617,11.7447605,7
45549,10.572639,3.9476182,6
45550,0.45469612,14.337495,4
45551,-4.2411785,10.433506,7
45552,10.488733,5.007181,6
45553,1.6850939,7.018107,8
45554,5.7463937,4.8132744,3
45555,-0.24456117,12.203123,9
45556,-1.251718,-4.384075,1
45557,14.516552,7.4642677,0
45558,11.50518,6.032195,6
45559,-2.6598825,-2.864663,1
45560,-1.4585261,15.152832,4
45561,3.4124715,-1.5770262,2
45562,3.0423942,6.2755747,5
45563,6.1702924,6.3511066,3
45564,-0.6799331,12.715747,4
45565,-1.2488936,13.702646,4
45566,15.027177,8.563539,6
45567,4.4991727,6.6689067,5
45568,3.495002,-1.0937201,2
45569,10.761542,4.019981,6
45570,-3.1383638,10.198249,7
45571,-4.808415,11.033088,7
45572,-1.4737765,-3.9579322,1
45573,1.3855262,6.6177287,8
45574,-0.9473172,12.5213375,4
45575,-4.378328,11.782287,9
45576,-2.466618,-3.662149,8
45577,14.360044,6.854685,0
45578,-0.62464136,14.096003,4
45579,-1.7735006,-3.678452,1
45580,9.971365,3.4940898,6
45581,10.765593,3.8772562,6
45582,4.8595467,6.347605,5
45583,-4.6623173,11.226982,7
45584,-3.4677963,10.942172,2
45585,1.6832128,6.7653823,8
45586,5.7099247,5.835001,3
45587,-0.13713475,12.209093,9
45588,-3.216498,-1.2365742,1
45589,14.363271,6.3908186,0
45590,-0.51863223,12.933352,4
45591,4.4383984,7.1505866,5
45592,-4.105742,8.91172,7
45593,10.78594,4.722632,6
45594,-4.3524723,12.1089735,7
45595,1.4777898,6.684545,8
45596,15.719966,8.381855,0
45597,6.189751,5.9958715,3
45598,-2.071859,-2.9085364,1
45599,6.032392,5.508295,3
45600,-5.2234087,12.066171,7
45601,6.0082026,5.5650067,3
45602,-5.233177,10.198164,5
45603,0.011902544,11.859087,9
45604,3.0136778,6.7345777,5
45605,-0.9851128,11.326989,9
45606,-3.9306383,10.599616,7
45607,5.441914,6.855618,5
45608,14.479484,7.536982,0
45609,10.829991,5.338106,6
45610,6.422826,5.1122894,3
45611,-0.27864248,13.679722,4
45612,6.280374,6.610499,3
45613,-0.36584577,13.393391,4
45614,10.059247,2.3653567,6
45615,-5.096135,11.614124,7
45616,6.081665,7.5619426,5
45617,14.5392,6.533314,0
45618,-4.5859237,11.100556,7
45619,6.014299,6.167253,3
45620,2.706643,0.3182869,2
45621,0.81303674,11.9462385,9
45622,11.690302,6.5763307,6
45623,10.847731,4.9630966,6
45624,4.6686716,7.2482224,5
45625,0.6963275,11.972892,9
45626,-3.754797,11.315202,7
45627,-1.8014842,-1.7738408,1
45628,5.073951,5.782061,3
45629,4.6507416,6.8206744,5
45630,11.416537,5.6345077,6
45631,4.133179,-1.7631699,2
45632,0.7220616,11.452426,9
45633,10.957378,4.9049582,6
45634,11.592756,5.4106374,6
45635,11.095031,5.7135525,6
45636,6.3911242,6.6682196,3
45637,-4.1187897,10.833699,7
45638,4.751898,-0.98145705,2
45639,1.4071369,7.3863683,8
45640,10.845973,4.90257,6
45641,-1.9000843,-1.5677999,1
45642,6.2446637,5.0607433,3
45643,10.746466,4.911172,6
45644,5.3908477,5.770485,3
45645,-4.200291,10.990519,7
45646,1.6673006,7.606065,8
45647,1.0440748,7.2057357,8
45648,2.24975,-0.53610235,2
45649,1.7297459,6.8010397,8
45650,-2.5604696,-3.1950884,1
45651,-1.6525377,-2.0819905,1
45652,-3.7874808,11.221547,7
45653,1.8798221,6.8065996,8
45654,-1.09004,11.785729,9
45655,6.7546234,5.6076765,3
45656,5.572809,5.845507,3
45657,-4.4566,11.7405615,7
45658,6.0619,7.1480107,3
45659,-1.4509345,-2.2125285,1
45660,-0.3380577,5.2587104,8
45661,3.5186708,-0.5279557,2
45662,4.0021205,-1.9452411,2
45663,-4.2113576,11.058502,7
45664,10.949129,2.639793,6
45665,-2.9054193,-1.8016725,1
45666,-1.6373767,-3.4976485,1
45667,3.7253723,5.993801,5
45668,10.580477,2.4867525,6
45669,14.238633,6.7049417,0
45670,-0.5215565,14.5448675,4
45671,-0.2903656,12.135133,9
45672,3.3480456,-1.380195,2
45673,1.6389276,7.029957,8
45674,0.6494303,14.403349,4
45675,6.09425,5.5920815,3
45676,15.276825,8.705915,0
45677,-2.9398441,-2.1529028,1
45678,-0.58781874,5.5633597,8
45679,0.7611429,6.7605333,8
45680,-3.9699721,9.263554,7
45681,-0.7551393,13.541282,4
45682,14.311138,7.7396445,0
45683,-2.3581722,-2.675652,1
45684,2.0926182,6.4359956,8
45685,-0.034316335,13.773747,4
45686,11.69357,5.9503927,6
45687,6.7672267,5.5742164,3
45688,2.2702923,12.759417,9
45689,-0.85727143,11.668017,9
45690,-2.4985566,-3.622046,1
45691,-3.6930394,10.186906,7
45692,-1.5210733,9.840817,8
45693,-2.6022074,-2.4880087,1
45694,-1.380357,11.03468,9
45695,14.498787,7.6513824,0
45696,6.8256965,5.97285,3
45697,-3.728798,9.502746,7
45698,2.6237361,-0.20568553,2
45699,7.0719886,5.2103558,3
45700,0.19612508,12.075401,9
45701,15.660983,7.818317,0
45702,10.857696,3.6014698,6
45703,-3.2993803,-0.6542468,1
45704,6.4963794,6.045882,3
45705,4.10763,-1.1559243,2
45706,-0.022654114,6.595801,8
45707,5.7143745,4.986418,3
45708,-0.16414183,11.674912,9
45709,-0.62414086,15.107964,4
45710,2.0595713,7.0418453,8
45711,3.160665,4.9918633,5
45712,5.3999925,5.256873,3
45713,11.494728,4.0300665,6
45714,3.269542,-1.1166024,2
45715,-4.625981,11.06135,7
45716,5.5897264,7.5428133,5
45717,0.52560806,6.963423,8
45718,0.11497014,14.748902,4
45719,-0.69548607,11.018386,9
45720,-3.8526132,10.0545025,7
45721,15.972851,8.091123,0
45722,14.429975,5.9990582,0
45723,-3.548511,0.7696367,1
45724,0.7073225,13.971926,4
45725,3.9560184,-1.7569758,2
45726,5.6726904,7.6289163,5
45727,6.6896586,4.0870895,3
45728,14.649465,8.670293,0
45729,-0.93380934,15.269279,4
45730,-2.2656288,-2.0443017,1
45731,3.1593595,4.5906134,5
45732,5.1498623,5.91246,3
45733,11.432749,2.9255192,6
45734,6.1795793,6.2253327,3
45735,-4.7560377,9.597356,7
45736,4.7827883,5.2051325,3
45737,0.5434657,6.667304,8
45738,0.6429342,6.0524035,8
45739,-3.278425,8.64496,9
45740,-0.17853747,12.930908,4
45741,16.56041,7.426663,0
45742,11.136498,4.8736997,6
45743,-3.7402945,0.74013174,1
45744,-5.3671584,12.095236,7
45745,4.32539,-1.3695254,2
45746,5.518432,7.2200556,8
45747,5.7430935,4.708995,3
45748,15.780928,8.504092,0
45749,-1.0846367,10.247705,4
45750,10.938568,2.8498368,6
45751,-1.1723816,14.64059,4
45752,-1.094136,12.981091,4
45753,5.4507527,6.9790754,5
45754,-1.0165658,-3.3014138,1
45755,11.703296,5.911851,6
45756,-0.9506556,11.47656,9
45757,11.628693,3.3284442,6
45758,6.7081847,6.739095,3
45759,5.461728,4.856086,3
45760,15.476713,7.392551,0
45761,-0.0059813666,15.137251,4
45762,-0.906928,11.992584,9
45763,4.471814,-1.7620919,2
45764,5.767136,6.204848,3
45765,0.21990182,6.7081156,8
45766,16.116753,8.261771,0
45767,-3.757854,1.589962,1
45768,-2.304716,-2.996961,1
45769,16.513334,6.8325667,0
45770,3.633784,7.2726965,5
45771,11.233547,3.5878124,6
45772,1.6451602,6.960874,8
45773,-0.58103496,15.020124,4
45774,6.648471,6.1881304,3
45775,-0.45846733,10.178958,9
45776,-3.8772528,9.105383,7
45777,-4.736579,9.288319,7
45778,0.3511187,14.209813,4
45779,4.20374,-1.5178826,2
45780,3.4483473,6.708353,5
45781,5.838073,5.6054945,3
45782,-2.0312798,-3.4156551,1
45783,6.8215938,5.0112677,3
45784,5.9048433,4.664197,9
45785,0.5399182,11.023575,9
45786,5.9006824,5.78138,3
45787,-0.58250475,10.185391,9
45788,-1.1348816,14.673458,4
45789,6.904604,5.122672,3
45790,-3.1872747,-1.7639474,1
45791,6.35457,4.760643,3
45792,1.5525326,-0.12639861,2
45793,-0.14951308,10.867264,9
45794,0.78679675,13.603597,4
45795,-4.171935,2.1048553,1
45796,5.6455474,4.3941402,3
45797,2.699262,4.978327,5
45798,0.8025809,6.898452,8
45799,4.357244,-1.5533175,2
45800,2.2016222,12.319479,9
45801,4.739249,7.483164,3
45802,0.90262413,7.060047,8
45803,-3.534271,0.39653146,1
45804,-3.4191113,8.538,7
45805,11.5306425,4.4984517,6
45806,-4.752762,12.249058,7
45807,-3.2516034,9.422068,7
45808,3.0915163,6.573965,5
45809,5.906763,4.6854978,3
45810,0.13483948,12.375412,9
45811,-5.0490074,10.002576,7
45812,15.963487,8.761284,0
45813,1.5159515,7.044097,8
45814,6.1296196,4.803973,3
45815,-1.5483518,15.130014,4
45816,-3.7317045,-0.42385757,1
45817,16.410357,6.877438,0
45818,2.7537098,-0.38930532,2
45819,3.5218654,-0.47881222,2
45820,-2.9735153,-2.4387567,1
45821,-0.73997116,15.047887,4
45822,6.542986,5.4259586,3
45823,15.339909,5.7769,0
45824,0.4122662,12.276885,9
45825,4.0866995,-1.7792635,2
45826,5.7855253,7.4916887,5
45827,-1.6948725,14.481939,4
45828,-0.5198826,12.083048,9
45829,-5.031831,10.287549,7
45830,14.928822,8.336707,0
45831,0.5619711,6.5182,8
45832,2.3210347,-0.8811023,2
45833,15.758594,5.874064,0
45834,-1.0938096,13.007516,4
45835,-4.5778527,9.3410845,7
45836,5.703798,6.5731115,3
45837,15.913617,6.1558704,0
45838,-3.2079678,8.355548,2
45839,11.304478,2.6462066,6
45840,14.327699,8.079874,0
45841,-0.43467632,10.204872,9
45842,0.96631044,6.4042916,8
45843,5.610702,4.079596,3
45844,-4.655965,11.995213,7
45845,4.56371,-1.6651561,2
45846,10.215367,2.5218585,6
45847,-1.4056898,14.881934,4
45848,5.3085823,5.277746,3
45849,-0.7538118,5.972588,8
45850,6.74623,5.254473,3
45851,11.807465,3.754273,6
45852,3.9841735,-0.7564146,2
45853,16.614418,7.7852077,0
45854,6.0147395,5.61021,3
45855,-3.831359,1.3502933,1
45856,10.392471,4.047665,6
45857,15.71891,7.21761,0
45858,-1.2767531,-4.21641,1
45859,1.3555692,7.449534,8
45860,0.21077064,13.433387,4
45861,-3.9291828,0.5033485,1
45862,5.671583,5.0551343,3
45863,11.149592,4.431362,6
45864,2.6705747,12.459769,9
45865,-4.1139646,9.221664,7
45866,1.5944074,7.135633,8
45867,4.526741,-1.0510429,2
45868,-4.62313,11.970777,2
45869,-1.1616194,9.789396,9
45870,3.5354655,6.6645646,5
45871,-4.3353486,8.951574,7
45872,5.165843,7.4110303,5
45873,-1.0927223,9.883489,9
45874,-0.4189904,5.476852,8
45875,2.3017054,4.3423886,5
45876,-0.2166106,13.006131,4
45877,1.0370475,6.4354653,8
45878,6.3967724,4.997009,3
45879,-1.4790335,10.7364,9
45880,1.6355938,-0.14234416,2
45881,11.463868,4.2350206,6
45882,1.160799,6.6883674,8
45883,3.8185809,6.4848065,5
45884,6.7082105,4.8561215,8
45885,3.9467509,-1.4762603,2
45886,4.7851963,7.2109685,5
45887,16.41363,7.761222,6
45888,3.5983713,6.880897,9
45889,4.6524806,-1.1927204,2
45890,4.7330756,7.495977,5
45891,0.5475218,6.2842817,8
45892,0.25534385,11.694466,9
45893,-3.7949932,1.1261427,1
45894,4.5025473,7.080699,5
45895,-4.2618227,9.249712,7
45896,1.0735157,6.7910085,8
45897,4.033702,6.591505,5
45898,1.0877556,6.253359,8
45899,4.6861176,6.1063676,5
45900,-2.6810522,-3.2537267,1
45901,-4.063745,1.8632394,7
45902,5.7420897,6.0701594,3
45903,6.903031,5.892166,3
45904,3.5883868,0.087767266,2
45905,16.201231,6.77204,0
45906,3.5983946,-0.9969427,2
45907,-4.283559,0.8059361,1
45908,15.12817,6.4030485,0
45909,-4.0678573,1.9615315,1
45910,10.659144,3.7134922,6
45911,-4.606731,9.694391,3
45912,1.4719994,14.622468,4
45913,0.5025666,6.1656804,8
45914,10.74545,4.8062544,6
45915,-0.1463598,15.213272,4
45916,0.6755379,13.742687,4
45917,3.8579764,0.17977254,9
45918,1.7282876,6.618078,8
45919,4.1238437,6.8042846,5
45920,2.4258456,-0.15236731,2
45921,-4.0763373,1.793333,1
45922,0.7080885,11.589245,9
45923,-0.1082243,6.152345,8
45924,3.8169262,6.497695,5
45925,-1.5749943,9.611653,9
45926,-2.7889001,-2.7136984,1
45927,-4.076478,1.1165936,1
45928,0.885687,13.819464,4
45929,3.6625187,-1.1912426,2
45930,-4.4102187,9.841089,7
45931,-3.80884,1.4516269,1
45932,2.5199451,-1.0660609,2
45933,6.9945254,5.1578913,5
45934,9.933125,3.759097,6
45935,11.186249,3.3352792,6
45936,0.49909988,13.578563,4
45937,-4.788818,9.083158,7
45938,1.662923,6.5361223,8
45939,16.428005,7.115078,0
45940,6.836387,5.042101,3
45941,-4.068367,2.5122297,1
45942,15.621386,8.596711,0
45943,4.239663,-1.3177452,2
45944,0.42002052,11.66204,9
45945,4.9794273,5.230046,3
45946,5.4831614,5.182299,3
45947,4.472746,6.611084,5
45948,1.6729019,7.2398787,8
45949,11.459476,3.4420311,6
45950,-0.9790036,13.420133,4
45951,-4.901962,9.2789135,7
45952,14.390541,6.7675433,0
45953,16.851145,7.271741,0
45954,-0.8810536,6.5773296,8
45955,-4.039147,1.8124025,1
45956,-0.08284428,6.005726,8
45957,4.266893,-1.2654085,2
45958,3.4499106,-0.42713058,2
45959,6.3002706,4.7828293,3
45960,14.216845,7.002721,0
45961,-4.0229955,2.670929,1
45962,-2.293736,-2.6688845,1
45963,5.403036,6.5922446,5
45964,3.364976,0.02073334,2
45965,11.701961,4.486486,6
45966,14.979634,8.351021,0
45967,-5.0598807,10.406629,7
45968,14.408345,6.312924,8
45969,-0.91094416,10.287109,9
45970,5.6193953,5.43367,3
45971,0.2823193,5.9161367,8
45972,1.8765178,0.19693695,2
45973,-4.393857,9.404954,7
45974,-2.3838315,-2.2615688,1
45975,16.699192,7.1190343,0
45976,0.5951694,6.191231,8
45977,3.9321685,-1.4032954,2
45978,-4.9027205,11.896395,7
45979,6.538217,3.8916724,3
45980,-1.2600446,11.950719,9
45981,-1.3610408,15.313957,4
45982,-0.021236861,13.271936,4
45983,5.658922,3.9921196,3
45984,10.86513,4.938209,6
45985,-0.29170385,5.649117,8
45986,10.253046,3.1644895,6
45987,3.8828068,5.461305,5
45988,0.83689857,5.833877,8
45989,-4.2022295,1.2778087,1
45990,6.699364,5.05878,3
45991,4.4298053,6.663539,5
45992,-3.181287,9.398311,7
45993,4.7470293,-0.9327498,2
45994,-0.9810633,-4.048749,1
45995,5.849436,4.81961,3
45996,-3.0025175,-2.481445,1
45997,16.410217,8.022992,0
45998,2.0049918,-0.9856377,2
45999,-4.1216125,2.1946945,1
46000,0.29422265,12.265023,9
46001,3.5297742,0.5618707,2
46002,1.7571295,-0.119136296,2
46003,11.930667,4.1001425,6
46004,1.0152241,14.423962,4
46005,5.2012653,4.4006023,3
46006,-1.3730668,-3.770305,1
46007,15.556699,8.165742,0
46008,1.0138612,12.5282,9
46009,-4.7322083,9.256095,7
46010,15.933449,7.1551695,0
46011,4.2602267,-1.2914479,2
46012,-2.4431343,-2.7734456,1
46013,11.13467,4.545422,6
46014,14.844535,8.62456,0
46015,-4.1041,2.83159,1
46016,-3.3727405,8.554509,7
46017,16.698671,7.0839214,0
46018,1.6978294,7.0410104,8
46019,3.3180852,4.7842054,5
46020,-1.0841095,11.409905,9
46021,-0.54269755,10.952008,9
46022,1.1061991,14.0226145,4
46023,-4.212995,8.964114,9
46024,10.693611,5.3481493,6
46025,-0.43700743,5.876887,8
46026,-2.080849,-1.2204993,1
46027,5.369887,4.55534,3
46028,3.6466572,-1.0740757,2
46029,-3.461052,1.128944,1
46030,-0.79246265,10.587109,9
46031,-4.811911,9.033689,7
46032,-1.7130003,11.258467,9
46033,-2.1389227,9.732551,4
46034,0.03585822,6.862596,8
46035,-5.067488,10.854267,7
46036,3.8831656,-1.7404563,2
46037,-1.8475746,15.369016,4
46038,0.063713074,13.207242,4
46039,16.283909,7.36422,0
46040,-1.524385,12.718777,1
46041,16.6108,7.05389,0
46042,-3.4693768,10.462572,7
46043,11.758968,4.320962,6
46044,1.8598099,-0.51599306,2
46045,11.868817,4.4322968,6
46046,-3.7936673,0.2973558,1
46047,4.6569347,-1.3330852,2
46048,-4.395178,11.464973,7
46049,11.630224,4.3963056,6
46050,2.824308,0.14721794,2
46051,5.307903,4.1988935,3
46052,0.19459628,14.411984,4
46053,-4.353788,9.875424,7
46054,14.9928255,6.2245297,0
46055,-4.745149,10.154125,7
46056,3.5013485,-1.7941346,2
46057,-1.8403304,15.313295,4
46058,1.5903944,-1.2641542,1
46059,-1.6511128,15.17151,4
46060,3.0028062,6.568774,5
46061,5.813136,3.83721,3
46062,6.378849,4.4470897,3
46063,-0.012000292,6.4160566,8
46064,-0.39448187,12.138663,9
46065,-0.18855686,10.903984,9
46066,-0.59610623,12.205423,9
46067,11.910186,4.202838,6
46068,5.8680143,5.6948366,3
46069,16.57909,7.5012183,0
46070,6.246111,7.0467186,3
46071,-2.2497215,9.224984,9
46072,6.8216105,5.7959037,3
46073,7.2248325,5.432285,5
46074,10.398609,3.7950778,6
46075,6.5255675,4.0299563,3
46076,-4.4461546,10.341117,7
46077,-3.8579993,2.1508327,1
46078,-1.297127,12.191001,7
46079,5.788422,3.8670888,3
46080,0.19640192,7.1397243,8
46081,-4.7710786,9.062482,7
46082,3.1994572,0.29313233,2
46083,4.7823606,-1.1606178,2
46084,-4.6089406,9.915504,7
46085,-4.0691924,1.9117091,1
46086,5.0773892,6.7555513,5
46087,-1.4229642,10.359609,9
46088,2.7777984,6.026175,6
46089,-3.814368,0.6214385,1
46090,14.44403,7.362163,0
46091,3.6202035,5.396505,5
46092,1.7361013,-0.43873346,2
46093,-4.1967273,1.9318593,1
46094,2.0855212,-0.718182,2
46095,-3.9513805,8.6982,7
46096,10.7386675,2.5777555,6
46097,-1.4541941,15.347948,4
46098,7.005089,5.3773985,3
46099,-0.4511261,6.062104,8
46100,-0.15006022,12.022996,9
46101,11.575089,4.2814755,6
46102,3.232281,6.7199545,5
46103,-4.133597,1.0712959,1
46104,1.5100404,14.344372,4
46105,4.4867277,-1.2446721,2
46106,-3.0948896,10.178615,7
46107,-4.1127706,2.1079457,1
46108,2.996706,6.4195585,5
46109,11.403763,3.4900503,6
46110,1.2377572,6.5942183,8
46111,15.336328,8.0928135,0
46112,-0.91446924,14.20581,4
46113,-2.83031,-0.24473704,1
46114,15.70448,8.573275,0
46115,-3.1421618,9.302096,2
46116,1.6171585,-0.7154354,2
46117,5.396381,5.5340247,3
46118,-2.5019846,-3.577269,8
46119,-3.8261757,9.375525,7
46120,10.292124,3.3484063,6
46121,0.13754871,6.015332,8
46122,14.159936,7.09227,2
46123,-1.5465286,10.508784,9
46124,-1.010051,12.759603,4
46125,15.575683,7.6662064,0
46126,6.636658,6.8510413,3
46127,-2.9699621,0.72794574,1
46128,1.34659,14.467357,4
46129,3.2823367,-0.8466106,2
46130,6.747882,4.610983,3
46131,10.439483,2.710766,6
46132,-3.7746577,10.395012,7
46133,-4.761262,9.870987,7
46134,6.0243635,6.475163,3
46135,-0.08097478,5.925686,8
46136,6.717272,4.742062,3
46137,0.17323402,11.202933,9
46138,5.8482313,4.9770803,3
46139,15.820186,7.72067,0
46140,1.1206369,13.9416895,4
46141,-3.0335207,0.3460316,1
46142,-2.8290174,-1.9890237,1
46143,3.8838384,-0.8636411,2
46144,14.322066,6.376673,0
46145,6.552892,4.2727833,3
46146,-4.3532553,11.776893,9
46147,-4.664041,9.782849,7
46148,2.009085,12.917785,9
46149,4.020428,6.702599,5
46150,-1.0470574,13.9749975,4
46151,-4.4727077,10.022622,7
46152,4.6926,7.131641,5
46153,-4.774999,10.092346,7
46154,-0.2633688,5.2626452,8
46155,-4.887171,10.286082,7
46156,-5.2370424,11.766051,7
46157,5.1099834,5.52008,3
46158,-1.7922623,-3.5743213,1
46159,-2.7801995,-0.12572664,1
46160,-3.9924905,10.052086,7
46161,-0.5302909,10.664649,9
46162,1.6739348,-0.60338116,2
46163,3.911648,-1.0422812,2
46164,1.1198906,14.199285,4
46165,-2.9367309,-0.05320433,1
46166,15.555597,7.2860484,0
46167,10.467833,2.3558602,6
46168,1.3822814,12.294999,9
46169,3.2459767,5.0748973,5
46170,10.157554,2.9088237,6
46171,-4.8197618,9.763865,7
46172,1.2722192,13.852575,4
46173,-3.409143,-1.5303082,1
46174,-3.6578872,11.359444,7
46175,0.41171962,6.428679,8
46176,0.41838706,11.897028,9
46177,11.048907,3.9140906,6
46178,-0.7411422,-3.398952,1
46179,0.1791785,11.023147,9
46180,4.4368744,7.2425876,5
46181,-3.5240207,-0.4691188,1
46182,5.94536,5.8872743,3
46183,15.846065,7.481984,0
46184,6.0792623,5.8607464,3
46185,-2.6239562,-0.15650539,1
46186,10.485858,2.9818258,6
46187,1.3648182,12.290944,3
46188,6.1402636,7.461701,5
46189,11.438485,4.007888,6
46190,-4.1768637,10.8279,7
46191,-0.37700278,6.2932477,8
46192,14.331299,8.293796,0
46193,-0.36690158,10.775871,9
46194,0.6727092,13.837465,4
46195,3.5985527,5.794624,5
46196,-2.5008726,-2.0714688,1
46197,4.256144,-0.76265824,2
46198,11.184387,5.9290495,6
46199,-2.7210999,-0.0733036,1
46200,0.85782355,7.7114196,8
46201,-4.6371593,10.999456,7
46202,-5.002427,12.318441,7
46203,4.052364,7.4400682,5
46204,-4.091726,0.77836686,1
46205,11.030738,3.547626,6
46206,0.07926589,11.687215,9
46207,11.034104,3.7349715,6
46208,5.1526113,5.8977876,3
46209,10.987904,3.5958595,6
46210,-3.2056956,0.31629667,1
46211,5.109847,4.8080454,3
46212,2.1537342,-0.81588316,2
46213,-2.8348746,0.030841434,1
46214,3.9899013,0.76355296,2
46215,-4.9917603,11.05764,7
46216,0.8066251,7.015607,8
46217,3.326611,-0.85115373,2
46218,11.137139,4.7049856,6
46219,3.3408399,-0.7920953,2
46220,0.49782208,14.120429,4
46221,6.796383,4.7121735,3
46222,0.75850487,7.1601443,8
46223,-0.40997723,6.1626964,8
46224,3.0356882,-0.023390023,2
46225,-3.5577502,-0.48101968,1
46226,-0.1424425,6.595087,8
46227,15.620378,7.5870976,0
46228,6.886681,5.6048408,3
46229,11.162247,3.4585795,6
46230,-0.1849544,13.959649,4
46231,0.43057254,6.3604665,8
46232,1.4804301,14.438435,4
46233,-0.37063834,6.2990036,8
46234,-0.4262729,13.761157,4
46235,15.570642,6.39363,0
46236,-2.418273,-2.8818402,1
46237,-0.3226953,6.4049697,8
46238,1.4518707,12.415177,9
46239,3.1789253,-0.90678644,2
46240,-2.440872,-2.071185,1
46241,5.9531145,4.8942184,3
46242,5.4547057,4.692723,3
46243,0.1714243,10.746159,9
46244,5.4821863,6.9881015,5
46245,-1.5248107,14.601687,4
46246,5.314845,6.5952544,3
46247,2.008261,7.0406084,3
46248,-4.540312,11.200887,7
46249,-4.7557077,9.809546,7
46250,2.212395,-0.5990057,2
46251,-3.853443,0.65644526,1
46252,0.80956125,6.377873,8
46253,-5.1690645,10.10086,7
46254,-1.4713863,-3.5146875,1
46255,0.16053341,10.675405,9
46256,-2.5685399,-2.4475334,1
46257,-1.3968782,14.462939,4
46258,1.1946888,7.424352,8
46259,4.067098,-0.8822484,2
46260,-5.1862783,9.926729,7
46261,0.091280684,11.04631,9
46262,1.3912584,-0.4856905,2
46263,-0.4740953,10.80851,9
46264,-4.9199333,10.466492,7
46265,-5.2185173,10.066456,7
46266,2.0691652,-0.51097727,2
46267,-3.8062792,0.62832093,1
46268,-2.8027701,-1.7112987,1
46269,3.345541,-0.001159563,3
46270,1.4833398,6.70914,8
46271,1.253391,11.53874,9
46272,11.335759,6.1720715,6
46273,16.220634,7.7414994,0
46274,-4.1576295,2.2211826,7
46275,-4.317003,1.1042145,1
46276,-1.314762,-4.26384,1
46277,4.2389655,-0.6181006,2
46278,-5.394294,11.37189,7
46279,5.5517054,5.2019553,3
46280,6.8328667,5.7834325,3
46281,-2.0566845,14.331689,4
46282,0.03193293,10.751856,9
46283,-5.202506,10.302022,7
46284,2.6487725,12.475497,9
46285,0.87034744,6.200677,8
46286,4.4200344,-1.5089964,2
46287,-1.6252649,9.936011,9
46288,1.866757,12.143398,2
46289,16.8641,7.7381,0
46290,4.5387626,6.9261146,5
46291,-4.058739,2.6940491,1
46292,14.197436,7.8874555,0
46293,4.7083755,-0.5548898,2
46294,14.957475,6.400417,0
46295,6.0894413,4.5556235,3
46296,5.5041785,4.387006,3
46297,-4.2344103,8.273458,7
46298,0.75472313,14.244435,9
46299,0.07774246,5.7411785,8
46300,3.6224263,5.7270494,5
46301,-1.6095954,9.6378765,9
46302,-3.706379,0.31164673,1
46303,16.540644,7.9141393,0
46304,-1.3825797,-3.971015,1
46305,-2.130878,15.077378,4
46306,5.7738924,6.310981,3
46307,2.751159,5.0272074,5
46308,-0.048879087,11.892522,9
46309,10.941089,2.5490613,6
46310,10.4515085,3.34063,6
46311,-4.8479958,8.788938,7
46312,3.0273464,6.654325,5
46313,0.81054723,5.9530416,8
46314,0.19139643,12.024756,4
46315,-1.6327592,9.628013,9
46316,-1.2080421,12.078812,9
46317,3.505007,-0.9128922,2
46318,0.028365573,10.907722,9
46319,3.3140526,-0.95152265,2
46320,2.223098,7.6650243,8
46321,-4.3609962,8.49051,7
46322,3.2144594,6.590742,5
46323,10.859761,3.1021602,6
46324,-0.18584742,13.566773,4
46325,-1.85822,14.761033,4
46326,-2.3108206,-2.418449,1
46327,-3.727314,8.117139,7
46328,15.40686,7.280136,0
46329,5.2183065,3.9568126,3
46330,-0.5172735,5.5059137,8
46331,3.3343709,4.722931,5
46332,14.957473,8.209842,0
46333,-0.36314565,15.211717,4
46334,-3.0087767,-1.6824284,1
46335,-4.249197,2.004395,1
46336,0.35002425,12.992671,9
46337,-0.4136489,5.9930086,8
46338,1.8592238,6.7627826,8
46339,16.66508,7.9845653,0
46340,-4.4982467,11.249421,7
46341,-4.3507876,8.284952,7
46342,-0.8218234,-3.3102868,1
46343,4.472826,-1.1141348,2
46344,15.204166,8.427031,0
46345,3.501596,-0.8980354,2
46346,0.8282499,5.826231,8
46347,-4.2538266,1.263967,1
46348,1.122029,7.5209765,8
46349,-4.0938654,8.854711,7
46350,6.73027,5.147908,3
46351,-4.0401692,8.30066,7
46352,-0.5361643,13.406376,4
46353,-1.7786076,9.502842,9
46354,-3.5183992,10.87545,3
46355,-1.1556299,9.868166,9
46356,-4.3520455,9.5988655,7
46357,-2.0388627,14.740804,4
46358,3.4693906,5.995191,5
46359,10.763588,2.3945622,6
46360,-1.313342,-3.140449,1
46361,-4.0055547,8.251827,7
46362,1.9166954,12.649067,9
46363,-3.8484237,8.228982,7
46364,1.8080776,-0.40327358,2
46365,2.7090425,4.857982,5
46366,5.324229,7.8317895,5
46367,-2.1190157,14.980463,4
46368,14.6258,8.678267,8
46369,2.5900235,4.9721894,5
46370,7.05483,5.7468305,3
46371,16.562757,8.251332,0
46372,-2.3839502,-0.8978699,1
46373,-0.23970845,10.263494,9
46374,1.0878744,13.905047,4
46375,16.864597,7.4344106,0
46376,-4.993892,11.274444,7
46377,3.8695207,-1.0037974,2
46378,5.8390007,7.719847,5
46379,4.8755307,4.5792313,3
46380,1.200757,7.0380836,8
46381,3.3543124,6.0986333,5
46382,10.019386,3.3679368,6
46383,10.569089,2.2657936,6
46384,0.47685868,12.8972645,4
46385,-4.22437,1.9350123,1
46386,1.8072197,-0.025167026,2
46387,0.24053262,5.758967,8
46388,0.8015934,14.925919,4
46389,10.862162,2.6090255,6
46390,11.056474,3.7258515,6
46391,16.759958,7.852217,0
46392,10.200619,2.7115734,6
46393,11.562755,3.1282315,6
46394,2.6136901,-1.083527,2
46395,0.27897424,5.8759174,8
46396,1.1232085,6.4043016,8
46397,0.37588027,5.9136443,8
46398,14.564556,7.8320336,0
46399,-0.38374346,5.881308,8
46400,4.7771997,-1.1511706,2
46401,-1.9825252,15.0798235,4
46402,-1.0190091,14.728222,4
46403,6.9081225,4.4559255,3
46404,3.639917,0.7029973,7
46405,-0.4980101,6.1629944,8
46406,5.902458,6.7234893,3
46407,-4.1651917,2.1321592,1
46408,3.889339,-1.806437,2
46409,6.552572,4.166562,3
46410,14.734558,7.753438,0
46411,10.933622,2.606699,6
46412,15.787671,8.727294,0
46413,-1.308826,9.900692,9
46414,2.961611,-0.9645349,2
46415,-2.0235064,14.926265,4
46416,-2.9560685,-2.5340917,1
46417,-3.7960966,2.1315372,1
46418,3.2751772,6.1373367,5
46419,-3.622245,8.074211,7
46420,10.561596,4.1717224,6
46421,11.292035,2.7100642,6
46422,-3.273962,9.842325,7
46423,-1.6231838,9.642123,9
46424,6.6173334,6.2980742,3
46425,5.6519203,3.69739,3
46426,-4.5544267,12.135387,7
46427,6.4348736,3.8398073,3
46428,1.6551522,7.2129636,8
46429,-4.540939,8.53776,7
46430,14.853659,6.9046106,0
46431,-1.8411341,14.955717,4
46432,15.868208,8.831127,6
46433,-4.0379305,2.7071939,1
46434,-2.8188546,-2.8480093,1
46435,-1.7333866,9.312794,9
46436,15.4016,6.4215717,0
46437,-4.038946,2.7694445,1
46438,16.237879,7.3406916,0
46439,16.802675,7.8035583,0
46440,10.820276,4.6316056,6
46441,11.365122,3.1614592,6
46442,5.0926423,4.915391,3
46443,15.258117,7.5355153,0
46444,-0.2948027,12.09523,9
46445,-1.6051786,-2.257932,1
46446,15.47753,7.5365176,0
46447,3.4194317,0.5927973,2
46448,2.8147974,5.781171,5
46449,6.0100026,6.188756,3
46450,0.8100606,6.0190444,8
46451,-0.07444874,13.956724,4
46452,-1.3661393,-3.3021436,1
46453,3.5989912,6.5641356,5
46454,5.535849,5.744188,3
46455,10.79853,5.272571,6
46456,1.3951498,14.115485,4
46457,-5.0881004,12.090307,7
46458,3.3902168,5.3070264,5
46459,15.423136,6.544167,0
46460,0.80746466,14.087729,4
46461,-2.3879786,-2.8525944,1
46462,-3.535289,10.869875,7
46463,2.9859822,0.05051202,2
46464,2.8628795,-1.6177071,2
46465,5.87688,5.2901926,3
46466,-4.300034,11.149605,7
46467,0.070457354,13.453699,4
46468,-3.1187358,-2.490263,1
46469,3.7567925,7.0521126,5
46470,-2.7336316,-2.922571,1
46471,10.790373,5.6030397,6
46472,1.1367388,14.805546,4
46473,-4.8716936,11.845679,7
46474,-0.020028202,10.945782,9
46475,1.1574216,6.265362,8
46476,5.36295,7.284216,5
46477,-0.020764884,11.8753195,9
46478,0.65896654,5.970368,8
46479,15.948101,7.220924,0
46480,5.322925,4.930794,3
46481,-3.3112428,-1.6474326,1
46482,11.648185,6.575726,6
46483,3.9682817,-1.2598057,2
46484,14.259112,7.9334702,0
46485,5.764766,4.9007597,3
46486,2.086997,-0.23808286,2
46487,0.3638339,14.226312,4
46488,14.467176,8.132631,0
46489,3.4957366,6.570675,5
46490,-0.5905232,10.865755,9
46491,10.490926,4.7845154,6
46492,1.9208015,12.263711,9
46493,-5.155796,12.175716,7
46494,14.745487,7.4182973,0
46495,0.94257736,5.9936113,8
46496,-2.3387783,-2.6369224,1
46497,-1.4686643,11.454734,9
46498,-0.69765365,12.693586,4
46499,-1.5876167,-2.3305237,1
46500,6.423922,3.9456174,3
46501,-4.487481,11.355517,7
46502,5.765261,7.784534,8
46503,-0.11512548,13.485873,4
46504,-0.082546026,5.749089,8
46505,1.1580724,6.134385,8
46506,5.3633986,5.4619656,3
46507,-2.4447925,-2.9151733,1
46508,-0.54180855,5.840018,8
46509,4.044786,6.2450066,5
46510,1.6851362,-0.45558193,2
46511,10.811972,5.099666,6
46512,-3.4021087,-1.0557472,1
46513,4.1311483,6.679625,5
46514,-3.9744492,9.911263,7
46515,-4.558111,10.832863,7
46516,15.855464,8.328359,0
46517,3.8657806,-1.1799322,2
46518,-3.5641098,-1.002488,1
46519,0.740057,6.5717893,8
46520,-1.3299075,-4.2236094,1
46521,10.477113,4.7655225,6
46522,5.319773,7.4867473,5
46523,5.7415857,5.195257,3
46524,11.626925,6.565555,6
46525,6.177446,5.678391,3
46526,11.281122,5.348519,6
46527,1.9198922,7.132497,8
46528,1.1146228,6.861539,8
46529,10.470027,5.192144,6
46530,1.4664905,13.9744,4
46531,3.325465,6.731861,5
46532,5.7940717,5.837823,3
46533,1.1434993,14.157176,4
46534,6.6539106,6.0872474,3
46535,14.426392,6.9289823,0
46536,9.835672,3.59648,6
46537,-0.8367699,11.917911,9
46538,11.351277,5.245967,6
46539,-2.398851,-3.0326817,1
46540,2.6615136,-0.17364313,2
46541,-4.8006225,12.225051,7
46542,-1.1103759,-4.052725,1
46543,3.3231819,0.26547307,2
46544,4.151038,7.1464763,5
46545,0.38034284,11.734455,9
46546,1.6224655,-0.6228591,2
46547,-1.5783955,-2.2393246,1
46548,5.325471,5.2805543,3
46549,6.8376894,6.4579916,3
46550,0.16690645,14.591308,4
46551,3.2902253,-0.841068,2
46552,-1.9256034,-1.5975872,1
46553,3.1934674,-1.0895802,2
46554,5.0585823,7.013959,5
46555,7.015073,6.1155376,3
46556,1.935853,-0.00041094195,2
46557,15.088646,6.04011,0
46558,10.2472515,4.624623,6
46559,10.57236,5.262141,6
46560,14.501063,8.459868,0
46561,0.83438516,13.741951,4
46562,15.073367,8.685785,0
46563,6.0476737,5.7226443,3
46564,-0.98159534,13.454183,4
46565,-4.442544,11.94785,7
46566,5.622128,5.1181545,3
46567,10.726307,5.606662,6
46568,-0.14228958,14.542451,4
46569,-0.23422931,12.278461,9
46570,6.8514566,6.4214187,3
46571,15.105031,5.9547486,0
46572,-1.7783347,11.479482,9
46573,1.5919653,6.2019935,8
46574,3.0104737,-0.6178304,2
46575,-0.6903818,-3.8251245,1
46576,3.0938213,6.1520414,5
46577,0.10295186,13.519288,4
46578,0.7160481,12.090595,9
46579,15.021866,7.0420246,0
46580,10.534213,2.2140355,6
46581,10.742221,5.1914563,6
46582,15.51424,6.598796,0
46583,-1.4313277,-2.4538312,1
46584,-2.3479319,-3.419421,8
46585,3.3261042,-1.6257609,2
46586,3.460528,-0.54549664,2
46587,10.415284,5.2030325,6
46588,6.86516,5.409326,3
46589,-0.14702263,12.17998,9
46590,11.370336,5.9167285,6
46591,3.5961056,-1.830426,2
46592,5.1427393,4.7737617,3
46593,3.2104216,-1.4975452,2
46594,11.630594,6.39588,6
46595,6.124905,5.104433,3
46596,15.403532,5.667814,0
46597,3.9647398,7.4214797,5
46598,-3.5031679,0.117483534,1
46599,3.4892082,5.941992,5
46600,6.6372247,6.0303855,3
46601,-1.6001933,-2.05774,1
46602,-0.787295,12.140627,9
46603,15.188281,5.8496876,0
46604,14.469325,8.54445,0
46605,-3.2600632,10.175778,7
46606,2.826528,-1.4427305,2
46607,-4.137462,11.121329,7
46608,5.3855476,7.346469,5
46609,-0.85702115,11.993295,9
46610,4.8645034,7.2227945,5
46611,10.609701,3.878028,6
46612,3.984234,7.110892,5
46613,0.028476514,13.4794,4
46614,0.3841762,6.282264,8
46615,-4.9469166,11.923628,7
46616,5.84194,7.594122,8
46617,15.295362,7.5847015,0
46618,-4.677865,10.581277,7
46619,3.6392338,-1.7103246,2
46620,3.1871924,0.3624202,2
46621,6.79912,5.068393,3
46622,-0.69621307,13.393596,4
46623,-0.78407604,13.457418,4
46624,-0.7553356,13.445718,4
46625,15.461362,7.2388535,0
46626,11.658988,6.2797008,6
46627,15.415293,7.1717634,0
46628,14.509915,7.8096805,0
46629,-0.102324314,6.203726,8
46630,-5.0817895,9.06775,7
46631,1.299464,6.1761713,8
46632,11.743341,5.927825,6
46633,1.1610404,6.4557476,8
46634,6.919005,4.9806786,3
46635,3.4819367,5.5249987,5
46636,-4.4456835,10.439144,7
46637,-2.131548,-3.1684725,1
46638,-3.888364,10.532028,7
46639,6.0737615,5.609023,3
46640,6.0485954,7.5741982,5
46641,-3.8236568,11.0020685,7
46642,-4.473482,11.8559675,7
46643,-0.7531024,13.61751,4
46644,0.36672252,13.694166,4
46645,0.91660637,12.089741,9
46646,11.653286,6.173136,6
46647,6.167879,4.4489303,8
46648,-3.3120396,10.1689415,7
46649,2.4336724,7.3070726,8
46650,0.49197143,5.8092594,8
46651,0.13667619,12.207016,9
46652,6.7206554,5.956491,3
46653,14.792897,6.5961986,0
46654,14.054155,6.7828913,0
46655,0.51803386,12.158463,9
46656,1.8904274,-0.21590388,2
46657,1.3657888,6.5179133,8
46658,-2.553776,-1.9867686,8
46659,0.38577706,11.896255,9
46660,-0.305965,11.7501335,9
46661,15.858556,7.0757904,0
46662,0.4802587,12.082186,9
46663,3.457543,-0.81959426,2
46664,-2.5218418,-2.5566294,1
46665,10.442408,3.839298,6
46666,6.766236,5.737289,3
46667,4.7124534,7.024878,5
46668,0.98147535,14.531702,4
46669,11.491945,5.7611156,6
46670,11.804284,5.5433707,6
46671,-3.993951,10.113175,7
46672,-3.8852694,10.909043,7
46673,-4.62441,11.196792,7
46674,6.3207126,6.4082074,3
46675,3.2383366,5.428548,5
46676,11.658212,6.6122737,6
46677,-0.69337195,14.150715,4
46678,2.9916697,0.23427875,2
46679,-2.3337932,-1.8841141,1
46680,14.6919,8.834979,0
46681,5.8929043,5.1578817,3
46682,11.543376,6.172523,6
46683,15.211804,8.656938,0
46684,10.233427,3.2217438,6
46685,-2.2171383,-2.006256,1
46686,-3.8832917,9.874022,7
46687,3.1700854,-1.1940542,2
46688,-4.2697363,10.085191,7
46689,1.9167116,6.636134,3
46690,1.769593,-0.14417423,2
46691,1.1447511,14.360272,4
46692,5.355556,5.6386456,3
46693,3.2965832,6.3912454,5
46694,4.049511,-1.1374104,2
46695,11.039569,5.1483307,6
46696,-0.88710296,-3.4772427,1
46697,-4.93007,11.575523,7
46698,-1.8979418,10.612617,9
46699,0.35201466,6.5527205,8
46700,3.6858273,7.0350986,5
46701,0.4769096,11.72836,9
46702,6.9801297,5.6216073,3
46703,15.03337,8.458474,0
46704,10.445981,4.8745427,6
46705,-1.9217058,-2.359319,1
46706,1.5787418,11.959398,9
46707,3.4962626,-1.4474716,2
46708,3.3635213,-0.8326419,2
46709,5.7334437,5.76183,3
46710,3.1483781,-0.058945715,2
46711,1.5726377,14.568555,4
46712,-0.091039434,13.449241,4
46713,3.2203622,5.348678,5
46714,2.229136,12.9272995,9
46715,10.530297,4.297765,6
46716,-2.0990317,14.310974,4
46717,-5.2483463,10.958552,7
46718,-0.8459829,-4.512057,1
46719,1.0004337,6.5417514,8
46720,5.061233,6.383865,5
46721,0.14965023,11.962058,9
46722,-1.6525788,-1.7410606,1
46723,15.564165,8.568907,0
46724,-4.4830174,11.019471,7
46725,-2.266212,-1.5498544,1
46726,1.2289407,7.574767,0
46727,4.1752915,-1.3410611,2
46728,0.7395763,14.865282,4
46729,5.539702,6.147225,3
46730,0.70229584,6.3349314,8
46731,0.43373054,14.094264,4
46732,11.391852,5.0930133,6
46733,2.8224576,5.0056534,5
46734,1.1578879,4.513012,4
46735,10.784216,4.1048493,6
46736,5.0170636,5.214187,3
46737,-4.6090927,10.421931,7
46738,1.1320752,7.2769322,8
46739,0.8378002,6.224943,8
46740,14.351879,8.245703,0
46741,0.60452807,12.342426,9
46742,0.8725411,11.61311,9
46743,6.753958,4.6770396,3
46744,-3.6014478,9.558101,7
46745,0.8320599,13.860895,4
46746,15.791534,8.936155,0
46747,-2.050358,-3.3824239,1
46748,15.113975,5.865715,0
46749,0.66837895,14.191952,4
46750,11.202706,5.2575464,6
46751,14.424596,6.5898805,0
46752,-4.153282,10.7126875,7
46753,0.54123443,6.7206244,8
46754,1.3786668,14.093242,4
46755,10.833763,5.20907,6
46756,0.47576448,5.7780595,8
46757,0.699126,14.573438,4
46758,0.938849,7.26022,8
46759,3.4773266,6.358136,5
46760,3.083596,-1.4205738,2
46761,0.39073217,14.803787,4
46762,-1.061404,10.776937,9
46763,15.301759,7.7140408,0
46764,1.9476792,7.1980047,8
46765,-5.036381,11.115873,7
46766,1.0734286,13.820139,4
46767,0.28522027,7.0720925,8
46768,5.419341,7.264314,5
46769,-4.727565,11.094913,7
46770,-4.897446,11.89766,7
46771,-4.5561266,10.17303,7
46772,14.530213,6.468995,0
46773,0.36804518,11.750274,9
46774,3.9400237,7.1024027,5
46775,14.32772,6.9162726,0
46776,1.164496,7.8259144,8
46777,0.18615092,14.446148,4
46778,-1.2351913,10.567289,9
46779,-3.5237672,9.974619,7
46780,-2.2451975,-2.9109428,1
46781,0.11457468,13.7859125,4
46782,-3.8002958,-0.29302278,1
46783,2.8654208,-1.1575588,2
46784,0.5298498,12.430918,9
46785,14.463618,6.773301,0
46786,-1.8617465,13.636573,4
46787,4.210492,6.450451,5
46788,10.71245,2.9749722,6
46789,0.16610466,7.0895886,8
46790,0.6353265,14.679059,4
46791,0.33442172,6.059115,8
46792,-2.3905766,-2.4058647,1
46793,0.2641336,6.395063,8
46794,10.121153,2.471805,8
46795,-0.004240206,14.516965,4
46796,15.471717,8.207655,0
46797,15.062827,6.9636636,0
46798,0.8767944,14.639432,4
46799,-5.0343375,10.98127,7
46800,1.2644287,11.575664,9
46801,-2.8214343,-0.72289234,1
46802,1.6023926,12.302661,9
46803,6.622205,4.774927,3
46804,10.031434,3.3556545,6
46805,3.1431088,5.996947,5
46806,-0.70799667,12.535768,4
46807,6.3004456,4.8230267,3
46808,4.451613,7.729331,5
46809,-2.8275704,-1.9841337,1
46810,15.873798,8.015044,0
46811,11.164231,5.406823,6
46812,14.572245,8.771719,0
46813,3.5531685,5.7089243,5
46814,1.2927922,12.096745,9
46815,2.18579,6.9830484,3
46816,0.7645334,6.202974,8
46817,0.42985722,6.6278114,8
46818,15.410452,6.0322375,0
46819,-4.6491575,10.372913,7
46820,-3.6310318,10.520716,7
46821,6.9925327,5.7014117,3
46822,14.367261,7.0815806,0
46823,-2.1975732,-1.194666,1
46824,4.5641184,6.373129,5
46825,10.971658,5.1141043,6
46826,15.093153,8.627556,0
46827,0.40873522,6.5242705,8
46828,-1.1081778,11.801147,9
46829,3.5863142,6.0587163,5
46830,3.0192618,-0.8273295,2
46831,0.2435372,10.912361,9
46832,-3.37045,8.599579,7
46833,3.7425115,-1.5434531,2
46834,6.282287,5.8936143,3
46835,4.0219016,-1.4496121,2
46836,-4.2528386,10.211458,7
46837,14.989117,8.604544,0
46838,5.998291,5.4998193,3
46839,0.00069928484,11.963072,9
46840,-1.3658165,-4.2112308,1
46841,3.0829158,-1.008378,2
46842,-0.85637987,-4.2872353,1
46843,-0.7489682,13.349375,4
46844,9.999502,3.096595,6
46845,10.326777,4.377775,6
46846,1.4209588,14.347947,4
46847,3.635906,6.6478806,5
46848,6.7977686,4.786114,3
46849,3.3033314,-1.1334263,2
46850,-3.847988,-0.019468928,1
46851,-4.82419,10.556062,7
46852,1.33444,14.199475,4
46853,1.966111,7.0550523,3
46854,6.0747085,6.650159,3
46855,-1.9437548,-1.5919887,1
46856,6.00205,5.3445635,3
46857,2.2415302,7.2711225,3
46858,-4.0002775,8.721083,7
46859,10.940548,5.193846,6
46860,14.564681,7.1005244,0
46861,11.174644,5.917008,6
46862,5.360543,7.5901504,5
46863,3.3600867,-1.2097286,2
46864,1.1102792,7.501479,8
46865,-1.8601788,-1.8383669,1
46866,1.3221748,12.132372,9
46867,3.6807287,-1.1123072,2
46868,15.56373,8.117973,0
46869,11.675272,6.2350245,6
46870,1.1195518,11.802816,9
46871,14.584716,8.06523,0
46872,1.485521,7.6274247,8
46873,-4.963323,10.548513,7
46874,-3.2764587,10.938849,7
46875,-4.0156484,9.963449,7
46876,0.6129,5.9716835,8
46877,-0.12844218,14.523142,4
46878,6.4138317,7.1914835,5
46879,-4.392348,9.750894,7
46880,-1.3450845,-3.8598511,1
46881,-1.5536305,13.9963045,4
46882,5.670199,6.206774,3
46883,0.21383774,6.476763,8
46884,0.103874914,12.697061,4
46885,-0.15591784,11.799106,9
46886,0.21437249,14.807256,4
46887,3.1769416,-1.171633,2
46888,-3.5343451,11.062739,7
46889,0.6004123,11.728755,9
46890,5.6774554,7.5179615,5
46891,3.5901027,6.1512794,5
46892,14.754841,8.686161,0
46893,-2.1436827,-1.0117458,1
46894,-0.7408565,14.734521,4
46895,10.220998,2.7539887,5
46896,14.123728,7.617692,0
46897,0.47523576,6.649473,8
46898,10.094685,3.9899974,6
46899,2.0828798,7.071233,3
46900,6.4212213,5.7575955,3
46901,5.1926646,6.776928,5
46902,4.9697766,5.4189487,3
46903,10.963788,5.1463213,6
46904,0.020367295,6.801541,8
46905,14.462021,8.404164,0
46906,-3.4338949,11.597474,7
46907,0.34162447,11.859142,9
46908,5.944914,5.8734293,3
46909,-0.066543825,10.91491,9
46910,2.5361638,-0.80304784,2
46911,5.9215493,5.627394,3
46912,2.4536345,-0.12235941,2
46913,-1.9285161,-1.6124395,1
46914,5.866559,7.5264044,5
46915,-2.3891578,-2.7473798,1
46916,-1.7822688,-3.457744,1
46917,15.614617,8.18077,0
46918,5.0289207,4.460115,3
46919,-1.9723054,-1.2746402,1
46920,-0.22117722,14.465115,4
46921,3.50109,-0.9943268,2
46922,0.7924721,13.785561,4
46923,7.114917,5.13276,3
46924,5.773279,7.430634,5
46925,-1.1517445,13.89624,4
46926,14.24526,7.119139,0
46927,-0.5119885,5.2505946,8
46928,-5.1521106,10.920238,7
46929,-1.7719057,10.783545,9
46930,-1.9050896,-1.903452,1
46931,16.399092,7.7648396,0
46932,6.0302315,6.111691,3
46933,-2.2079139,-1.2972505,1
46934,-2.957412,0.56996936,1
46935,3.6869924,-0.82559943,2
46936,-1.8614666,-3.1194756,1
46937,7.0917883,5.0329847,3
46938,-2.9037066,9.274369,7
46939,-1.1359775,13.974252,4
46940,3.3414001,-1.0801702,2
46941,3.292426,4.594286,5
46942,0.4196013,6.7191954,8
46943,11.116455,2.5697904,6
46944,15.656133,7.7958293,0
46945,-4.497581,9.373958,7
46946,2.0355031,12.277289,9
46947,16.773554,7.7548,0
46948,4.0956526,7.5359364,5
46949,-3.7064364,1.3028488,1
46950,-3.2154653,10.39578,7
46951,2.9453313,-0.67521226,2
46952,14.135843,8.0493145,0
46953,7.125873,5.03095,3
46954,-2.9551113,-1.5160843,1
46955,-0.43913487,14.138033,4
46956,2.7451108,-1.1488512,2
46957,-4.3848567,10.007784,7
46958,4.721232,5.243135,9
46959,-0.45833865,5.9702315,8
46960,0.19588698,14.986925,4
46961,-1.7106247,10.638998,9
46962,15.435956,6.5933256,0
46963,16.519753,8.196461,0
46964,-4.367567,11.593872,7
46965,4.036238,6.4517007,5
46966,2.7851918,-0.24767417,2
46967,11.365079,2.9115279,6
46968,3.970155,6.6029835,5
46969,0.5041292,6.8356953,8
46970,-0.8643693,11.757394,9
46971,6.1158366,5.533512,3
46972,0.7320776,12.1746645,9
46973,-1.7442577,10.733525,9
46974,3.3275247,-1.2526221,2
46975,16.037773,7.259844,0
46976,9.80684,3.5939655,4
46977,4.3341866,-0.9753468,2
46978,2.0668325,0.22883879,2
46979,7.1054215,5.095458,3
46980,16.705135,7.166334,0
46981,6.883286,4.6958294,3
46982,-0.6359728,6.078229,8
46983,6.3051186,5.5969095,3
46984,-2.9554238,-2.7539725,1
46985,-0.3307516,11.212198,9
46986,5.1869483,4.989329,3
46987,-0.21796007,11.256635,9
46988,-0.28013203,5.9355826,8
46989,2.5600848,4.393997,5
46990,5.5674524,7.453988,5
46991,11.386337,2.7563462,6
46992,15.828582,8.756493,0
46993,-0.75492084,14.92654,4
46994,11.495381,3.2487588,6
46995,-1.1513641,14.674465,4
46996,5.5908437,7.7587385,5
46997,4.2133985,-0.9103838,2
46998,1.8194643,6.8853626,8
46999,2.8809881,4.475816,5
47000,14.31741,7.1120367,0
47001,-1.301948,14.449246,4
47002,0.39139882,13.739222,4
47003,-4.8391747,10.185177,7
47004,-1.6921508,-2.5649517,1
47005,15.557148,5.89438,0
47006,11.412552,6.0529714,6
47007,6.9573374,5.172916,3
47008,1.560207,7.353019,8
47009,-0.6147485,11.290982,9
47010,-0.7958082,10.867357,9
47011,10.926861,2.701899,6
47012,-2.204148,-0.94545794,2
47013,-0.4421107,5.7333345,8
47014,10.924782,3.1108809,6
47015,-4.4476748,10.041733,7
47016,5.627817,7.772598,5
47017,-1.2967691,10.963144,9
47018,10.798492,4.1964874,6
47019,-3.5710874,1.7981075,1
47020,4.1738873,7.8745985,5
47021,2.9443192,4.7253737,5
47022,-0.5412756,-4.2197423,1
47023,4.444048,-0.72558445,2
47024,3.9549334,-1.20366,2
47025,11.185046,3.690484,6
47026,11.66891,5.883924,6
47027,5.8690205,4.9795103,3
47028,0.76250404,14.746373,4
47029,-0.85578287,14.264863,4
47030,0.33479226,5.4968367,8
47031,15.592374,6.1403747,0
47032,9.96111,3.284357,6
47033,-1.182462,14.416924,4
47034,-2.231289,-1.8965892,8
47035,-2.9634473,0.32367656,1
47036,9.962942,3.6646864,2
47037,10.955471,2.36163,6
47038,2.7109585,5.856046,8
47039,2.7227242,4.642974,5
47040,-0.5674559,11.7457905,9
47041,-3.3260708,-0.7146832,1
47042,15.751053,8.016333,0
47043,3.5719428,-0.89049274,2
47044,1.2483277,14.170791,4
47045,11.300563,2.987819,6
47046,14.275498,7.989263,0
47047,11.279912,3.0958133,6
47048,-0.9266826,10.214395,9
47049,-4.5553713,10.272152,7
47050,-1.8786033,-3.9351833,1
47051,-0.64577276,5.563048,8
47052,1.3440217,6.6361537,8
47053,-0.52623236,5.741744,8
47054,-3.4530969,-0.32628956,1
47055,-2.6075122,-0.15129466,1
47056,2.1660922,12.405493,9
47057,-0.32635155,6.0905123,8
47058,0.8743769,13.806454,4
47059,6.8254037,4.3322797,3
47060,4.947574,7.336016,5
47061,-4.3969164,9.866565,7
47062,-3.546565,8.447072,7
47063,-2.4485188,-0.35971102,1
47064,10.575203,4.758754,6
47065,4.252446,-1.4196451,2
47066,0.56061655,6.5084205,8
47067,-4.644389,8.885601,7
47068,0.19314012,13.786299,4
47069,16.566551,7.2844844,0
47070,-1.1990117,12.620409,4
47071,-4.0556064,8.887788,7
47072,15.818956,7.378437,0
47073,15.661331,7.8956337,0
47074,1.627187,7.0713744,8
47075,-3.7440217,1.3928522,1
47076,2.4701204,6.9907274,8
47077,2.738935,4.4170628,5
47078,14.697022,8.244974,0
47079,16.775612,7.7084365,0
47080,1.6883508,7.1216288,8
47081,2.890458,4.4746094,5
47082,-0.9517667,11.145078,9
47083,4.474991,-1.1203568,2
47084,10.3392725,5.045912,6
47085,-0.70089835,5.441592,8
47086,1.5731881,14.513469,4
47087,16.341848,8.110777,0
47088,3.1455622,-0.14744882,2
47089,-1.8550793,14.095883,4
47090,5.4765635,4.5308523,3
47091,-1.3594102,10.000095,9
47092,0.8478402,14.01607,4
47093,0.39830813,5.52698,8
47094,0.87065,12.194719,4
47095,6.32689,4.644778,3
47096,14.791322,8.420641,0
47097,-2.9174943,0.69698167,1
47098,2.8519704,5.2146745,5
47099,-0.6055741,5.6530666,8
47100,1.8338816,7.2486305,8
47101,4.508797,-0.83439714,2
47102,2.9116616,-1.0144111,2
47103,-1.080017,10.833608,9
47104,3.8025868,6.588621,5
47105,-1.459754,10.241206,9
47106,10.771383,4.286728,6
47107,3.8861058,5.222051,5
47108,-0.6621703,-3.8681362,1
47109,-1.2701477,13.669282,4
47110,-4.1907163,8.895923,7
47111,0.4361352,5.814692,8
47112,11.525538,4.19911,6
47113,4.3553834,-0.9632431,2
47114,2.5631452,-1.0979276,2
47115,2.9329178,4.455712,5
47116,1.0852493,7.461664,8
47117,-4.3361945,10.66318,7
47118,-1.8794017,-3.534831,1
47119,-2.893991,0.22959304,1
47120,1.0334976,11.884002,9
47121,-1.2533544,13.85794,4
47122,1.7923565,6.444357,8
47123,6.856639,4.7648325,3
47124,14.802631,7.892901,0
47125,-1.4935365,11.100376,9
47126,-1.6457148,10.3872175,9
47127,-3.8360484,9.034582,7
47128,0.31827226,14.37966,4
47129,-2.497651,-0.3842162,1
47130,4.251387,7.6084323,5
47131,3.7175457,-0.8653813,2
47132,1.9898295,0.15084487,2
47133,11.301049,2.7211356,6
47134,1.4939275,12.214128,9
47135,16.123621,7.0213766,0
47136,-0.33810404,5.8453474,8
47137,-4.168215,9.061894,7
47138,4.2826824,6.242821,5
47139,14.506978,6.605849,0
47140,6.3569965,6.6415544,3
47141,-2.034198,-1.5584159,1
47142,3.0263705,-0.53944576,2
47143,4.4073224,-1.8507128,2
47144,0.458025,6.135932,8
47145,5.992371,5.812544,3
47146,5.1388755,7.7848988,5
47147,10.595966,4.3801675,6
47148,-0.516372,11.350882,9
47149,-4.117861,10.446502,7
47150,14.596371,6.033272,0
47151,0.13801727,6.3222404,8
47152,-0.12807138,5.425955,8
47153,-3.235999,1.2317022,1
47154,0.62441283,7.2944255,8
47155,4.0996895,-1.9355255,2
47156,14.644365,7.2972684,0
47157,5.327875,5.207129,3
47158,-0.61787426,-4.1092973,1
47159,10.657621,5.3404713,4
47160,-5.3064604,11.666938,7
47161,-4.245098,10.707759,7
47162,10.799787,4.7592688,6
47163,0.8884599,6.1502576,8
47164,2.4951975,-0.24226415,2
47165,0.031771656,10.894862,9
47166,14.461257,8.447905,0
47167,16.443226,6.634841,0
47168,-3.1750221,10.631954,7
47169,-4.3151207,1.9879022,1
47170,-4.0270195,9.313621,7
47171,4.275071,-1.8500454,2
47172,14.139632,6.6380935,0
47173,5.267824,5.269628,3
47174,14.557266,8.527904,0
47175,-0.5825331,14.086783,4
47176,1.8363559,7.3854594,8
47177,5.42722,7.4944205,5
47178,-0.009255621,12.247985,9
47179,10.93854,4.8745427,6
47180,-4.6140084,11.989592,7
47181,-3.8069482,9.347731,7
47182,-4.9675775,11.4991865,7
47183,0.5966181,6.0225897,8
47184,-4.1981516,11.403188,7
47185,-1.6323322,9.718502,9
47186,15.15208,6.7797194,0
47187,-2.341509,-1.0359422,1
47188,0.27880767,5.718669,8
47189,4.2886357,-1.781111,2
47190,15.000591,7.228114,0
47191,10.933752,4.045158,6
47192,5.8255486,5.9955053,3
47193,4.7374964,6.5506196,5
47194,-2.800426,-1.5540117,1
47195,5.7685966,5.1385403,3
47196,0.5502576,11.847702,9
47197,16.21611,8.045219,0
47198,0.53874207,13.485719,4
47199,4.308574,-1.6907938,2
47200,-1.6999753,-3.0905857,1
47201,0.46002528,6.1291842,8
47202,15.199692,7.6286983,0
47203,-4.099039,10.402723,7
47204,3.4147334,6.562247,5
47205,14.736964,7.372166,0
47206,-4.2917423,11.745064,7
47207,5.366754,4.5702405,3
47208,2.955727,4.9371343,5
47209,10.836662,3.7983637,6
47210,0.40232962,14.702397,4
47211,11.333517,6.2228103,4
47212,0.5667792,6.2750287,8
47213,-2.026788,-1.2250401,1
47214,11.66499,6.5215273,6
47215,-0.29759395,13.979355,4
47216,-3.5760007,0.075995445,1
47217,-4.1930823,9.893838,3
47218,1.3718265,6.9044113,8
47219,10.3763,4.3109484,6
47220,11.906506,6.254633,6
47221,-3.3008378,10.214982,7
47222,-1.0453237,-4.4090247,1
47223,3.7794044,-1.6655774,2
47224,-3.5943072,-1.3247838,1
47225,6.815486,5.889938,3
47226,2.2443047,-0.16203324,2
47227,-4.327762,11.782898,9
47228,2.5630252,-0.13953364,2
47229,-2.5612357,-0.43653336,1
47230,2.3596725,-0.3943772,2
47231,3.8791735,-1.7905413,2
47232,-4.1544185,10.608057,7
47233,-2.3517244,-1.4523125,1
47234,-1.2164572,12.091275,1
47235,3.434749,0.07953633,2
47236,-1.6628464,-3.4477665,1
47237,-4.381457,11.947851,9
47238,2.6753328,-1.2929479,2
47239,10.590705,4.826546,6
47240,1.1582747,14.155963,4
47241,14.905343,6.015865,0
47242,-3.8357816,9.094705,7
47243,-2.275529,-1.1294829,1
47244,0.50705665,12.394904,9
47245,5.590559,5.60286,3
47246,4.2427096,-0.18357065,2
47247,5.626107,6.77713,0
47248,-3.451836,10.620651,7
47249,4.193632,-1.8872778,2
47250,2.7898195,5.845551,5
47251,10.376808,3.5210173,5
47252,1.3913068,14.061607,4
47253,-4.447954,10.991504,7
47254,4.241256,-1.0342625,2
47255,4.66722,6.3786902,2
47256,3.2837203,6.6383467,5
47257,-1.0056206,11.408908,9
47258,1.9861634,-0.028347475,2
47259,-3.5169427,-0.48014542,1
47260,11.866203,6.6052933,6
47261,-4.822518,12.028902,9
47262,-4.2307034,11.697742,7
47263,14.865819,5.5156417,0
47264,-3.0091074,10.585115,9
47265,11.124656,4.6468306,6
47266,-3.9190028,10.54688,7
47267,15.232403,7.4655895,0
47268,-0.63755286,-4.28001,1
47269,11.120319,3.8758452,6
47270,3.0095851,-0.6734163,2
47271,16.373186,7.1512733,0
47272,-0.6651101,-4.2085886,1
47273,3.4928825,-1.3753333,2
47274,-0.92843056,6.450164,8
47275,15.349128,6.6612625,0
47276,0.1439333,14.6484,4
47277,11.402455,4.713157,6
47278,4.040316,7.442249,5
47279,-3.2603922,0.6350007,1
47280,6.5726666,5.0538692,3
47281,2.8843517,5.6323442,5
47282,1.1619807,13.481986,4
47283,-0.29653552,6.695506,8
47284,3.0447502,5.8216166,5
47285,-0.06240383,15.145919,4
47286,-4.7455845,11.506026,7
47287,6.4913535,4.350089,3
47288,10.082756,3.8576381,6
47289,14.69725,6.435755,0
47290,3.2069254,-1.8526729,2
47291,-1.6000187,-3.5361435,1
47292,-1.0450045,12.019867,9
47293,-0.9582384,13.857569,4
47294,14.6065235,8.701219,0
47295,0.675275,7.101355,8
47296,4.8805056,6.2739944,5
47297,0.66616064,6.7885165,8
47298,0.5552846,6.1776185,8
47299,-0.30108985,14.151143,4
47300,10.897964,5.539695,6
47301,3.3635786,6.5378065,5
47302,3.6071079,-1.4652907,2
47303,-4.8595943,11.974178,7
47304,-0.86320496,5.8093796,8
47305,4.599725,6.9786444,5
47306,2.1538486,-0.2825708,2
47307,-3.2863133,9.136856,7
47308,-0.79750097,12.7447405,4
47309,0.7592878,5.7733984,8
47310,-2.950627,-2.032408,1
47311,5.4313135,5.072822,3
47312,0.55498844,6.4226108,8
47313,-0.4240594,13.9792185,4
47314,4.1475973,7.4333363,5
47315,-0.040044837,6.5091896,8
47316,14.893456,7.0933604,0
47317,-2.7529762,-0.99354357,8
47318,0.27490264,14.639822,4
47319,5.251999,7.2759204,5
47320,3.046795,6.4932156,5
47321,3.7720685,-1.611195,2
47322,2.4153702,7.544398,8
47323,-0.59108204,11.489678,9
47324,15.02698,8.859064,0
47325,-3.2418292,10.329884,7
47326,0.06577939,12.751108,4
47327,-2.5293446,-0.28504175,1
47328,0.9233182,5.71875,8
47329,5.0075517,5.1025233,3
47330,-0.08222838,13.50207,4
47331,0.54286325,6.0991597,8
47332,0.53236145,11.516961,9
47333,-3.371332,-1.246701,1
47334,-0.53877604,14.694327,4
47335,15.512959,5.8012457,0
47336,-0.30421755,13.627091,4
47337,-5.0981574,11.088831,7
47338,-1.0773114,-4.396764,1
47339,4.955818,6.660352,5
47340,-1.2250488,12.142817,1
47341,-0.96527356,11.018569,9
47342,2.3008544,0.3190116,2
47343,10.498443,2.9848084,6
47344,15.88321,8.870866,0
47345,-1.6561012,10.526572,9
47346,14.220438,6.2865863,0
47347,-1.24216,15.101817,4
47348,5.332156,7.5332556,5
47349,-3.1619527,9.808391,7
47350,-1.113649,-4.266907,1
47351,-5.143389,11.002846,7
47352,4.998707,4.821741,3
47353,-1.8391072,9.860463,9
47354,3.1226027,0.20942408,2
47355,-0.56075895,11.28837,9
47356,6.8841043,6.262652,3
47357,5.075683,6.7140203,5
47358,10.336313,2.6086912,6
47359,-0.045083147,5.8437757,8
47360,-2.9090092,-2.9395678,1
47361,4.9355545,4.9771266,3
47362,-3.6542199,8.897998,7
47363,-0.95516527,13.842468,4
47364,-3.1429062,9.982723,7
47365,-0.7750864,14.331681,4
47366,4.978401,7.5363617,5
47367,5.4015503,5.9136987,3
47368,0.8604712,14.916786,4
47369,3.2284386,-0.35390463,2
47370,14.193852,7.7912283,0
47371,16.1905,7.9505076,0
47372,14.45911,7.945959,0
47373,-3.5573175,1.8530403,1
47374,-4.6825876,11.499087,7
47375,3.141202,-0.33395234,2
47376,9.781372,3.6076562,6
47377,5.774206,4.068071,3
47378,3.5120213,-0.78992206,2
47379,-1.9237658,15.271638,4
47380,5.8481455,6.374195,3
47381,2.7157333,4.4894443,5
47382,-3.0182962,-1.8956833,1
47383,11.518741,2.9713037,6
47384,-3.849964,-0.13251257,1
47385,-3.881671,8.017727,7
47386,14.512321,8.362784,0
47387,10.707057,2.3279536,8
47388,-0.9049963,-3.2374883,1
47389,16.728148,7.133174,0
47390,0.14464483,11.566154,9
47391,-3.9583225,2.4912112,1
47392,0.14761052,6.464847,8
47393,4.338441,-0.6841295,2
47394,-3.348139,-1.5680895,1
47395,5.9156866,4.019658,3
47396,14.9952345,7.0430546,0
47397,-1.7866348,15.401991,4
47398,-1.8934038,10.379093,9
47399,-4.8216276,8.660568,7
47400,-3.107637,-1.6540992,1
47401,-0.51654184,5.161026,8
47402,-3.4269893,9.672832,7
47403,-2.4624195,8.769307,9
47404,10.556932,3.544756,6
47405,16.519724,7.1688757,0
47406,15.282592,7.0480494,0
47407,-3.7211497,1.8906261,1
47408,2.8502655,-0.935016,2
47409,4.360746,-0.5754195,2
47410,-0.5230514,13.050053,4
47411,5.9827642,4.554673,3
47412,3.1347587,6.587032,5
47413,-1.7566308,15.363828,4
47414,4.556323,6.7547827,5
47415,11.314601,2.5417109,6
47416,-3.4819746,11.011354,7
47417,-4.5048165,8.38916,7
47418,11.018032,5.1281047,6
47419,15.803365,5.9881186,0
47420,1.8955308,7.760482,8
47421,2.627164,5.1180515,8
47422,15.862514,6.838041,0
47423,-4.684548,8.938372,7
47424,5.2206535,5.309172,3
47425,-0.0003932591,5.124361,8
47426,6.8333073,5.032777,3
47427,-1.5423104,9.843393,9
47428,5.321114,6.994537,5
47429,-4.0652795,2.2210433,1
47430,11.02906,4.587265,6
47431,-2.0251656,15.208784,4
47432,11.007757,6.11605,6
47433,3.887304,5.584945,5
47434,-2.8925025,-2.7195725,1
47435,-3.7094235,1.7088438,1
47436,10.85385,4.99029,6
47437,11.774048,4.1148806,6
47438,-0.8467016,5.6190906,8
47439,-4.9773927,9.784263,7
47440,-2.804162,-2.6387475,1
47441,5.88268,6.0069513,3
47442,-2.3450515,-3.6068037,1
47443,4.3104453,-0.3068529,2
47444,2.869781,6.331011,5
47445,-1.7588165,9.351798,9
47446,-1.1523834,-3.3975463,1
47447,16.74914,6.921599,0
47448,4.425094,-1.8427806,2
47449,2.8675456,4.6819596,5
47450,11.501901,6.0604963,6
47451,11.543411,3.0616682,6
47452,14.667407,6.276875,0
47453,-4.0386734,8.197437,7
47454,11.483067,5.939072,6
47455,6.0010495,3.3555236,3
47456,-0.8880113,12.047122,9
47457,-0.89926577,10.237838,9
47458,10.031353,3.0157073,6
47459,-1.5229806,9.607666,9
47460,2.2863626,-0.5605166,2
47461,5.548732,3.9461212,3
47462,0.9164084,7.4738736,8
47463,0.5604069,5.731154,8
47464,-4.8257747,11.638688,7
47465,-3.5756965,1.6453295,1
47466,15.604567,8.660681,0
47467,2.666158,-0.26780182,2
47468,4.884737,7.3332524,5
47469,5.6127014,4.0327125,3
47470,15.139557,8.45363,0
47471,3.393002,4.734845,5
47472,10.241987,2.2864528,6
47473,16.822851,7.048686,0
47474,11.326969,6.053031,6
47475,15.880526,6.1443,5
47476,15.231809,7.3687677,0
47477,-1.7087137,15.379444,4
47478,1.0185772,6.069787,8
47479,4.702752,-0.3841294,0
47480,14.17034,6.960968,0
47481,5.764014,3.7903473,3
47482,14.377844,6.162946,0
47483,-1.3297997,15.231862,4
47484,1.6661046,7.0441585,8
47485,-4.770529,10.935216,7
47486,10.551773,4.848531,6
47487,-4.253334,10.648054,7
47488,15.285026,6.387192,0
47489,0.0799079,11.104671,9
47490,-2.2951863,-3.6520264,1
47491,-0.7610217,15.125323,4
47492,10.433495,5.2753043,6
47493,5.6191382,4.5627837,3
47494,3.0814328,6.6519985,5
47495,-4.9043317,9.669612,7
47496,6.7344217,6.101383,3
47497,11.298955,2.909091,6
47498,-0.045477644,5.4509735,8
47499,2.4621084,0.27456513,2
47500,-0.2385468,13.6590805,4
47501,-3.879893,1.8894589,1
47502,-1.6671674,-3.4876802,1
47503,2.5555577,4.619315,5
47504,-3.6898017,11.462259,7
47505,0.01585581,5.1615624,8
47506,1.1684225,7.688976,8
47507,-2.1286256,15.121524,4
47508,1.823183,-0.8423867,2
47509,11.71469,3.5177763,6
47510,6.933599,5.5753775,3
47511,-4.817552,8.733104,7
47512,-0.036068577,5.3557343,8
47513,16.731062,7.6464047,0
47514,6.843874,5.046768,3
47515,3.3985548,-0.51496226,2
47516,-2.2128356,-3.212273,1
47517,-1.3054129,10.297981,9
47518,0.4999932,14.100072,4
47519,5.921249,3.719373,3
47520,6.25949,6.5059943,3
47521,-2.1375778,14.844877,4
47522,1.4462541,-0.41884577,2
47523,-1.9373436,15.261365,4
47524,11.086603,3.141637,6
47525,-0.2912198,5.2487783,8
47526,3.485597,6.6198344,5
47527,-3.949196,1.7798957,1
47528,2.847701,6.2184234,5
47529,3.327102,0.067753986,2
47530,3.605189,-0.3607936,2
47531,4.17509,-0.6609098,2
47532,-0.036665127,13.653647,4
47533,7.007927,4.632074,3
47534,4.8124003,-0.99018997,2
47535,-3.8449705,-0.19807164,1
47536,-4.069051,8.533426,7
47537,-4.545635,9.230919,7
47538,5.0995417,7.3279395,8
47539,6.3259277,3.952839,3
47540,-1.1211542,11.959766,9
47541,-1.7872275,14.806621,4
47542,-1.9587471,-1.322705,1
47543,3.0971212,5.1955442,5
47544,-4.4144883,10.340055,7
47545,-3.1786013,1.0395455,1
47546,1.5681392,6.7381763,8
47547,-1.501618,9.940298,9
47548,0.018081704,5.884343,8
47549,-0.066076756,5.177059,8
47550,1.2490333,7.253064,8
47551,-3.8475266,1.6515658,1
47552,14.942748,8.089154,0
47553,-3.9294105,1.6522675,1
47554,4.566525,7.3763294,5
47555,16.621416,7.4505234,0
47556,-0.81895375,10.964482,9
47557,4.359093,-0.6726179,2
47558,0.055917107,13.198502,4
47559,-4.3975387,8.634387,7
47560,-5.178555,12.19361,7
47561,11.228516,2.5625813,6
47562,10.714571,2.3830295,6
47563,-0.29255322,5.180644,8
47564,11.12467,4.7293644,6
47565,3.7864301,-0.6153562,2
47566,-1.203715,14.126746,4
47567,0.036354482,5.5757427,8
47568,-3.7987385,10.455297,7
47569,-1.9044961,14.964905,4
47570,-3.1617634,10.124261,7
47571,-2.0328524,15.094123,4
47572,14.758423,8.466807,0
47573,4.0746136,-0.7409006,2
47574,11.134143,4.9477177,6
47575,4.2714148,-0.6906998,2
47576,-3.2671201,0.04215047,1
47577,0.01200042,5.529502,8
47578,3.123338,-0.84767073,2
47579,16.65641,7.1308556,0
47580,-1.1882448,-2.428793,1
47581,15.822647,8.581372,0
47582,1.2195504,6.5051093,8
47583,-0.8960084,-3.632517,1
47584,11.632151,4.665752,6
47585,3.1379573,-0.51635575,2
47586,5.0281677,7.03549,5
47587,7.0163,5.9022245,3
47588,1.547803,12.27595,9
47589,0.09480175,13.706574,4
47590,2.3386626,-0.7681026,2
47591,4.0467763,7.1811876,5
47592,6.8757567,5.96753,3
47593,11.561661,5.35709,6
47594,-3.2877982,9.864757,3
47595,-4.1007686,11.805547,7
47596,-4.3234286,11.549942,7
47597,15.925069,8.651343,8
47598,1.6719111,-0.040054925,2
47599,15.857621,8.66502,0
47600,0.15431076,11.249407,7
47601,-0.4918646,-4.2300453,1
47602,6.6975384,6.1958776,3
47603,3.3295205,0.6027714,2
47604,-4.9669986,11.218387,7
47605,6.931139,6.11797,3
47606,1.5885769,14.562005,4
47607,1.109445,13.44379,4
47608,-0.41663522,15.19234,4
47609,3.691719,5.5050893,5
47610,2.4358988,-0.13487831,2
47611,11.783842,5.827606,6
47612,3.7053802,-0.9424034,2
47613,-5.4493294,12.126718,7
47614,3.091852,0.25816742,2
47615,15.358293,8.552371,8
47616,14.545978,7.185338,0
47617,0.52150863,12.250884,9
47618,5.7200108,5.7516694,3
47619,15.990637,8.7215185,0
47620,6.754825,4.710393,3
47621,-0.7338177,-3.9382715,1
47622,3.5874062,6.630447,5
47623,2.9776676,0.28876472,2
47624,4.651142,7.3203654,5
47625,6.40767,6.517339,3
47626,14.488167,8.258423,0
47627,-0.47319585,13.273566,4
47628,6.75938,6.592002,3
47629,4.1462703,5.75895,5
47630,4.5252757,6.980747,5
47631,11.728496,5.8300605,6
47632,1.6234926,6.921854,8
47633,-4.8397856,11.706128,7
47634,1.0198584,7.508138,8
47635,1.3162186,6.265684,8
47636,11.629016,6.5272584,6
47637,0.1928231,12.138554,9
47638,-0.4820548,-4.478039,1
47639,14.689269,6.480066,0
47640,-3.305469,10.739816,7
47641,4.1057763,6.79357,5
47642,-2.7303832,-1.2531719,1
47643,6.137166,6.5521736,3
47644,-1.1624484,-4.1408243,1
47645,0.7493162,11.86654,9
47646,2.8146532,6.2600613,5
47647,15.76016,8.087427,0
47648,0.6045166,6.5334077,8
47649,3.753561,-1.3442798,2
47650,1.9385792,-0.48503312,2
47651,6.480334,6.805398,3
47652,1.4183539,-0.57941884,2
47653,6.926296,5.228488,3
47654,5.7653146,5.1236353,3
47655,5.848842,6.031444,3
47656,1.7259552,7.4696007,8
47657,1.2816994,11.866745,9
47658,2.7358937,-0.5495508,2
47659,1.3481435,12.130264,9
47660,1.6365151,6.7801604,8
47661,2.6132684,4.472296,5
47662,2.2020853,13.017236,9
47663,11.621471,4.909981,6
47664,1.0210105,12.587943,9
47665,-0.42527685,13.467134,4
47666,-4.8520436,11.174724,7
47667,3.9565747,-1.23318,2
47668,-2.6769826,-2.9287033,1
47669,6.0220704,6.006661,3
47670,-1.5946999,-4.1911263,1
47671,1.243419,11.867851,9
47672,-2.8069391,-2.9614365,1
47673,11.167984,4.9258122,6
47674,1.703515,14.570967,4
47675,0.74925,7.2413383,8
47676,6.442432,5.659076,3
47677,-3.7197032,11.310242,7
47678,6.090807,4.1804624,3
47679,0.44944078,11.928004,9
47680,-0.04260603,14.767401,4
47681,-1.892208,-2.3335905,1
47682,-4.037876,11.72652,7
47683,3.2720287,5.271417,5
47684,5.95378,6.4146247,3
47685,3.9695222,-0.50249034,2
47686,3.8001306,-1.6582967,2
47687,11.793449,5.792565,6
47688,3.2411902,-1.3579557,2
47689,2.533134,7.2566943,3
47690,14.394667,6.768856,0
47691,-0.56525964,13.475522,4
47692,-2.485106,-2.9513333,1
47693,16.305908,8.193953,0
47694,10.258156,3.3927336,6
47695,-0.6083775,13.870606,4
47696,14.286335,7.030768,0
47697,-2.3186736,-2.4816813,1
47698,-3.7967079,11.480739,7
47699,11.657454,5.469473,6
47700,-4.032013,10.408883,7
47701,-0.39854497,13.381307,4
47702,-2.327847,-2.7898457,1
47703,-0.02843586,11.484259,9
47704,14.874673,8.496429,0
47705,11.742971,5.873831,6
47706,3.4498365,-1.6983558,2
47707,2.9333823,4.978874,5
47708,-1.7990098,13.581108,4
47709,-1.8562566,-3.6848533,1
47710,1.7560909,-0.17674413,2
47711,2.5371218,-1.0869974,2
47712,1.2289547,12.583116,9
47713,11.68977,5.587168,6
47714,15.24416,7.4838104,0
47715,11.666133,6.0404196,6
47716,15.063803,8.664782,0
47717,-4.897509,11.818292,7
47718,4.1687446,5.5976863,5
47719,0.29061323,6.745822,8
47720,6.1620107,6.528535,3
47721,-1.7110012,-3.6530557,1
47722,14.636707,8.722462,0
47723,2.6460207,7.3199496,8
47724,6.5861454,5.3772445,3
47725,6.3360505,6.445566,3
47726,0.08022357,5.800955,8
47727,-5.223357,11.156905,7
47728,1.2653493,7.2571974,8
47729,-1.8622876,-3.0234087,1
47730,0.5785212,6.3036537,8
47731,3.0897353,0.19394061,2
47732,-0.7043404,12.7426,4
47733,-5.088192,11.309506,7
47734,-1.081321,-3.3326986,1
47735,-1.7886484,-2.1392422,1
47736,16.167723,8.057005,0
47737,2.3529477,4.383222,5
47738,11.587806,4.942751,6
47739,16.217497,7.8584924,0
47740,14.572144,6.5317097,0
47741,3.831042,5.177395,5
47742,6.5467854,5.1225796,3
47743,3.949597,-0.34512982,2
47744,0.13571627,13.8700485,4
47745,0.92369306,12.150632,9
47746,6.604976,5.233024,3
47747,2.2179835,6.7068925,8
47748,0.58780485,6.248881,8
47749,6.135385,7.243445,3
47750,0.19924015,14.847176,4
47751,-1.4787748,-3.764294,1
47752,16.284428,8.028415,0
47753,2.7353756,7.363344,8
47754,4.3765917,-1.0416391,2
47755,1.5777997,11.956461,9
47756,15.730934,8.415781,0
47757,2.6415038,4.456184,5
47758,-2.7746553,-1.5879179,1
47759,15.903628,7.3682733,2
47760,7.093655,5.7345805,3
47761,11.403966,4.938967,6
47762,-1.8547299,11.405879,9
47763,0.41895753,13.92825,4
47764,1.0093938,14.193868,4
47765,0.80232406,7.3009953,8
47766,-0.19449525,12.213041,9
47767,4.4427867,-0.92174995,2
47768,2.8563,6.5354276,5
47769,2.6439133,4.4658265,5
47770,-1.2885724,-3.5173783,1
47771,0.001264732,13.355926,4
47772,11.1702585,5.6281114,6
47773,-2.0018835,-3.4221537,1
47774,10.592767,3.4975529,6
47775,-3.8751452,11.406957,7
47776,-2.7421873,-1.970284,1
47777,-1.6932433,-3.4650073,1
47778,10.6989975,4.4355807,6
47779,0.11477371,13.400659,4
47780,2.9071565,-0.5402561,2
47781,6.8439865,6.453019,3
47782,1.7367005,-0.5427844,2
47783,0.5026096,12.184402,9
47784,-1.5133677,-3.5661805,1
47785,-2.051811,-3.1586306,1
47786,15.377346,7.1330976,0
47787,4.7244687,-0.7464603,2
47788,-0.7952652,10.612934,9
47789,11.793584,5.8957734,6
47790,-3.6611352,-0.49723098,1
47791,16.27568,8.464443,0
47792,10.2667465,2.3031971,6
47793,-4.025332,11.303244,7
47794,10.934293,5.6005335,6
47795,6.0182853,5.739149,3
47796,-2.5485477,-0.43456507,1
47797,15.44773,7.475563,0
47798,11.301952,5.679853,6
47799,-3.1208644,-0.058608312,1
47800,-4.458131,8.779045,7
47801,3.8915286,-0.59031373,2
47802,6.199095,6.4314175,3
47803,6.5840735,4.1652575,3
47804,1.9151511,-0.22261418,2
47805,-1.2879789,14.624377,4
47806,-3.336938,10.668542,7
47807,10.72823,2.7908154,6
47808,10.342518,3.8070939,6
47809,-5.210731,10.768731,7
47810,11.733004,4.7522836,6
47811,-0.4591873,6.0145154,8
47812,14.547626,7.7572308,0
47813,-0.85936594,11.019027,9
47814,0.7628716,13.728656,4
47815,15.847165,6.079984,0
47816,15.449726,8.111437,0
47817,-2.7827182,0.24393293,1
47818,6.60525,5.3434505,3
47819,4.273692,-1.0797299,2
47820,14.217298,8.096229,0
47821,6.721302,4.221209,3
47822,14.583288,7.9405637,0
47823,-1.0324024,14.702063,4
47824,11.00812,5.1099253,6
47825,3.6890218,5.1315184,5
47826,-0.3721952,12.1662445,4
47827,11.155431,2.7971623,6
47828,4.239886,7.91439,5
47829,-4.579266,9.2148905,7
47830,-1.538694,-3.2113574,1
47831,-0.11536142,5.9622636,8
47832,4.210771,7.2861724,5
47833,-0.8142857,10.141612,9
47834,5.8878675,5.2186203,3
47835,16.233492,7.217934,0
47836,-1.7674949,11.095513,9
47837,-3.4091074,1.4732732,1
47838,5.8004904,5.3875794,3
47839,4.5879803,-0.9506813,2
47840,11.45416,6.0557013,6
47841,6.6439652,4.229556,3
47842,3.745625,-1.2146289,2
47843,-1.3487917,14.776443,4
47844,2.935803,-0.8658466,7
47845,3.719006,5.04001,5
47846,3.4497132,6.535546,5
47847,11.292711,2.8215494,6
47848,3.6571558,6.800487,5
47849,-4.9279203,9.651053,7
47850,-1.0318307,-3.8384793,1
47851,-0.22066072,5.5483975,8
47852,-4.315936,11.166258,7
47853,-1.1820359,10.110778,9
47854,3.6658409,6.766636,5
47855,15.534227,6.002837,0
47856,3.1471891,6.6014996,5
47857,0.07747625,6.2875104,8
47858,2.7328005,5.9342675,5
47859,-4.6098213,9.901314,7
47860,14.191192,7.734204,0
47861,0.648528,6.2937846,8
47862,2.0243378,-0.13425064,2
47863,-1.2559081,10.610911,9
47864,10.262221,3.3897488,6
47865,-1.282666,10.48612,9
47866,4.90513,7.578628,5
47867,15.702089,6.170748,0
47868,-3.228682,-1.4899516,1
47869,-3.7334628,0.7425101,1
47870,2.2423744,12.821701,9
47871,-1.4578012,14.312389,4
47872,6.5696263,4.9442186,3
47873,3.2130737,4.7067447,5
47874,-0.17629655,11.352323,9
47875,-3.3701086,0.8852414,1
47876,5.8867593,5.66756,3
47877,11.125464,3.5750058,6
47878,-0.368476,11.8931465,9
47879,-4.1198516,9.200913,7
47880,-2.5389068,-3.4429944,1
47881,6.8627005,4.2333727,3
47882,1.2090805,7.064729,8
47883,4.78983,-1.0122145,2
47884,0.17209929,13.949117,4
47885,-0.13759583,10.520606,9
47886,1.1314307,6.654029,8
47887,15.818528,6.0931053,0
47888,1.1701968,5.7142277,8
47889,3.7834454,5.124366,5
47890,3.2650945,0.5498296,2
47891,11.408112,3.4180443,6
47892,0.5742909,5.747308,8
47893,-5.1735644,9.602361,7
47894,-1.0483594,10.742134,9
47895,6.277171,3.734925,3
47896,0.6311916,6.9141154,8
47897,-0.2308773,10.63544,9
47898,-4.340846,10.70223,7
47899,-0.9139027,10.29833,9
47900,3.1271355,-1.2199926,2
47901,6.5999985,3.7794325,3
47902,15.108529,6.8288784,0
47903,-0.10792007,6.204522,8
47904,-1.5395541,-4.1328382,1
47905,-3.1004903,0.9347629,1
47906,-3.782409,10.494979,7
47907,3.9588552,-0.7391098,2
47908,-1.2216238,-4.144389,1
47909,-0.177224,10.563935,9
47910,-4.0296283,0.38499916,1
47911,11.118553,3.651856,6
47912,3.1777842,0.5077097,2
47913,6.609105,3.731851,3
47914,14.894304,8.811595,0
47915,3.9025178,5.1634574,5
47916,10.161428,4.209623,6
47917,15.616124,6.199904,0
47918,-3.4908009,9.334705,9
47919,3.9628701,5.2743144,5
47920,4.9758115,7.229664,5
47921,-1.2607393,14.699824,4
47922,2.287669,-0.4924969,2
47923,15.7215605,6.2129526,0
47924,2.9697309,-1.5627613,2
47925,6.541623,3.6539993,3
47926,1.1316336,12.020116,8
47927,-1.3262974,14.633808,4
47928,-0.9402908,-3.8184433,1
47929,-4.735455,9.361004,7
47930,4.961118,4.8826785,3
47931,-5.2185965,10.410375,7
47932,11.282551,3.5023756,6
47933,-0.65715843,10.595243,9
47934,3.1800208,6.752118,5
47935,-3.628143,0.6765269,1
47936,5.0765004,7.0913672,8
47937,-1.0753309,14.55667,4
47938,4.946069,7.2783656,5
47939,6.936602,4.2672334,3
47940,4.995258,6.2501564,5
47941,-4.738478,9.852267,7
47942,0.5713967,7.0169196,8
47943,11.07309,3.357577,6
47944,3.7987816,7.2424855,5
47945,2.6776016,-0.36269656,2
47946,5.326665,4.983651,3
47947,-3.7883613,2.0588994,1
47948,0.49827513,5.933876,8
47949,3.0293353,4.3564343,5
47950,5.428114,5.1888685,3
47951,3.8646185,5.1402936,5
47952,5.5313463,7.3971887,5
47953,16.181534,6.6199694,0
47954,10.935457,5.479271,6
47955,2.994628,4.372862,5
47956,3.2303865,-0.78809416,2
47957,16.112797,7.1798525,0
47958,-0.64913696,11.422082,9
47959,0.29044712,5.730825,8
47960,-3.5878582,-0.45676807,1
47961,-1.2955803,14.598008,4
47962,12.064147,6.32504,6
47963,11.249712,2.8505297,6
47964,0.061552327,6.651619,8
47965,4.356023,-0.7987219,2
47966,3.0755622,0.5218947,2
47967,0.37203413,6.3732276,8
47968,3.4934576,6.0330415,5
47969,-3.4008539,1.4820144,1
47970,6.510801,5.9809046,3
47971,4.7732286,-1.1450777,2
47972,2.6375551,5.1452575,5
47973,4.324838,-1.1439399,2
47974,-1.4959142,11.502108,9
47975,6.6901193,4.1321974,3
47976,15.0744505,8.85507,0
47977,-3.479913,0.020161295,1
47978,-4.183823,10.596149,7
47979,6.589372,3.680062,3
47980,10.988431,3.7874217,6
47981,-1.2390547,14.680821,4
47982,-2.814583,-1.6850258,1
47983,3.8494756,5.155912,5
47984,1.5242904,-0.6267221,2
47985,-3.8067398,0.8627718,1
47986,-1.9886507,-3.258125,1
47987,-0.2241949,10.647028,9
47988,-3.4065275,11.248233,7
47989,-0.031420156,6.0718174,8
47990,3.231123,-1.4607829,2
47991,-3.3072433,1.2862291,1
47992,5.440787,5.244686,3
47993,-3.8002713,0.85037,1
47994,-1.5459341,-4.1752276,1
47995,3.9752233,5.2371297,5
47996,0.7028251,14.069881,4
47997,15.489575,6.419168,0
47998,-1.0076662,-4.132368,1
47999,4.766091,-0.8698022,2
48000,-0.33340964,13.704488,4
48001,-3.652482,9.560652,7
48002,2.0414808,7.202209,8
48003,-0.13155639,6.127555,8
48004,5.1667523,7.4128666,5
48005,10.893508,2.5617332,6
48006,10.943128,3.6851518,6
48007,0.21737182,5.604244,8
48008,3.588654,-1.5457264,2
48009,3.823269,-0.26471102,2
48010,-4.8495393,12.298356,7
48011,-0.08465559,5.5507646,8
48012,15.04272,6.025251,0
48013,-1.2106391,14.6132,4
48014,6.5517592,5.2902055,3
48015,-1.8488083,14.498114,4
48016,5.562555,7.8325253,5
48017,4.505871,-0.91272897,2
48018,1.5003994,14.379578,4
48019,4.182764,-1.1146414,2
48020,-1.517162,11.613339,4
48021,-0.039629336,6.0965257,8
48022,-3.6288977,-0.52905434,1
48023,15.347488,7.1209846,0
48024,-3.3430123,-2.0678937,1
48025,15.873586,8.340688,0
48026,14.613121,8.742566,0
48027,-2.401088,-2.2617085,1
48028,0.41315377,6.7518296,8
48029,3.2373526,-1.4947493,2
48030,0.50800365,10.969857,9
48031,6.137522,4.5011306,3
48032,11.581327,5.3541937,6
48033,10.837443,3.720559,6
48034,3.4208486,-1.2024226,2
48035,-3.7410598,9.801147,7
48036,-0.9538867,11.124926,9
48037,0.6932567,6.000505,8
48038,6.899407,6.1663747,3
48039,15.10277,7.180866,0
48040,-4.1007214,1.3512892,1
48041,-2.6317904,-1.8652097,1
48042,-0.19995598,12.079569,9
48043,3.851962,-0.6820292,2
48044,-1.859337,-3.056102,1
48045,5.9191713,5.041379,3
48046,2.8307145,6.1998343,5
48047,-1.0854948,13.671385,4
48048,0.8862414,13.58482,4
48049,4.4709635,7.3194356,5
48050,-4.972432,11.523238,7
48051,11.120568,4.209437,6
48052,11.040229,4.707361,6
48053,-5.1724596,11.192896,7
48054,10.484787,4.586862,6
48055,-0.3037561,6.3058643,8
48056,0.9548072,14.683746,4
48057,-2.1468678,10.109036,9
48058,2.7914348,6.012325,5
48059,15.536984,7.3145485,0
48060,0.44671714,5.808506,8
48061,-2.5820286,-2.0637236,1
48062,1.6762255,7.249541,8
48063,2.9235287,-1.1815665,2
48064,5.862835,6.4952564,3
48065,-1.3168218,-3.0237126,3
48066,10.465465,2.924448,6
48067,-1.1975293,14.26074,4
48068,0.8599227,13.87235,4
48069,3.283334,6.5192513,5
48070,-3.43771,9.40316,2
48071,11.348797,4.905987,6
48072,1.4773885,12.355525,9
48073,-4.8427825,9.524786,7
48074,-1.1489748,-3.041337,1
48075,0.62891376,5.7518644,8
48076,5.316012,4.5688734,3
48077,-1.668431,11.309416,9
48078,3.8338442,7.2747293,5
48079,-2.5777388,-1.4833513,1
48080,-4.872237,8.705011,7
48081,0.5724474,6.911532,8
48082,11.372366,4.7400584,6
48083,11.127877,4.071464,6
48084,-0.8711959,15.021184,4
48085,-2.4842222,-1.1993513,1
48086,10.569513,4.4503107,6
48087,-1.3619691,14.338987,4
48088,6.6367,5.1251664,3
48089,-1.24184,10.991939,9
48090,10.068412,2.7313023,6
48091,6.2036023,4.391476,3
48092,-0.13726342,5.859956,8
48093,-4.4366646,9.223002,7
48094,5.3047686,7.4336233,5
48095,-2.110962,10.280671,7
48096,-3.3620248,11.156523,7
48097,-1.5787518,10.906436,9
48098,-4.1700573,11.7559395,7
48099,-2.2325327,-1.0057263,1
48100,-4.4475675,8.788423,7
48101,-0.2236534,6.127463,8
48102,0.41203,12.464381,7
48103,-1.6384699,13.667543,4
48104,0.889361,6.7099986,8
48105,-3.9827995,9.794944,7
48106,1.0110327,6.617974,8
48107,4.1084967,-1.0518816,2
48108,-4.8476944,9.814872,7
48109,2.8977656,-1.0738834,2
48110,0.8555618,5.932174,8
48111,15.040533,6.642442,0
48112,-2.1179857,-2.939387,1
48113,3.0190785,5.331602,5
48114,10.090242,3.7439046,6
48115,-0.21205294,6.3163815,8
48116,10.314761,4.946531,6
48117,10.407611,4.3338075,6
48118,3.4403677,-1.6385534,2
48119,-2.1427085,-2.1182003,1
48120,1.2674333,14.481036,4
48121,15.839617,7.371429,0
48122,-5.1049867,10.817626,7
48123,-0.59301025,14.833719,4
48124,-3.6712296,8.7703085,7
48125,-4.010153,8.799456,7
48126,-1.2193209,-2.9214923,1
48127,-1.6035326,-2.276909,1
48128,15.192996,8.712905,0
48129,3.2667184,-0.40129656,2
48130,-1.0770907,11.973276,9
48131,-1.6994288,-2.0683973,1
48132,4.9255695,6.730668,5
48133,10.563862,3.1002262,6
48134,2.8666704,6.0032377,5
48135,-5.3093185,11.389719,7
48136,14.631349,8.650668,0
48137,6.3165307,4.509595,3
48138,0.47293216,7.113262,8
48139,5.790222,5.7694244,3
48140,1.2752271,7.2820773,8
48141,11.222095,5.0073266,6
48142,16.232504,7.52985,0
48143,3.6439717,6.387802,5
48144,-4.6855683,10.915779,7
48145,11.484841,3.6595104,6
48146,-4.0864205,9.2826605,7
48147,3.4640868,-0.80277836,2
48148,-0.22791485,11.336393,9
48149,-0.03936776,5.607326,8
48150,1.3574997,6.568918,8
48151,-4.209364,9.26693,7
48152,10.396438,4.892355,6
48153,11.12671,3.733503,6
48154,5.192263,4.8509307,9
48155,1.5177552,7.5981708,8
48156,9.822253,3.5402513,6
48157,0.45358992,11.742491,9
48158,4.2438784,-0.3524397,2
48159,0.43222398,11.6454315,9
48160,0.8144117,7.3682275,8
48161,5.137566,7.315778,5
48162,1.2173171,6.9704022,8
48163,5.6574335,4.3410473,3
48164,5.440382,5.5409455,3
48165,-4.700505,10.115345,7
48166,-3.3901923,11.042544,7
48167,15.814475,7.6446495,0
48168,14.876417,8.230808,0
48169,11.6167755,3.9401822,6
48170,-5.335101,12.140484,7
48171,-1.2163807,11.202985,9
48172,0.96425295,14.050704,4
48173,14.96665,6.928447,0
48174,6.4609156,4.932137,3
48175,-3.7982118,-0.26108736,1
48176,14.99257,8.605098,0
48177,-4.057414,0.51385295,1
48178,2.1225853,-0.5909021,2
48179,6.0167484,3.8706582,3
48180,15.2575035,8.936461,0
48181,3.7770314,-1.5257779,2
48182,0.5027001,12.28365,9
48183,-3.861959,-0.11069643,1
48184,-2.9337595,-2.8026536,1
48185,15.355228,5.9491963,0
48186,-0.44172803,11.769132,9
48187,16.071247,7.9286165,0
48188,10.9305105,5.5505023,6
48189,-2.4935036,-0.30179194,1
48190,-3.9097805,8.5578785,7
48191,3.1320972,-0.23582146,2
48192,0.9473032,6.8557563,8
48193,6.7694883,4.9119215,3
48194,-0.31691182,12.999505,4
48195,0.24496451,14.308345,4
48196,15.314569,7.1511383,0
48197,3.1305988,5.6451964,5
48198,-0.5017918,12.68246,4
48199,11.655551,4.877054,6
48200,14.163817,7.883971,0
48201,-4.7029753,9.696415,7
48202,0.12775174,13.771345,4
48203,-0.24900584,6.2989135,8
48204,0.4885438,6.8071046,8
48205,0.038591344,11.55475,9
48206,0.77397066,7.6758137,8
48207,16.047886,8.376808,0
48208,-4.499834,10.931362,7
48209,-2.7659638,-0.9498614,1
48210,14.360609,6.413604,0
48211,3.289735,-0.10239428,2
48212,2.2970216,-0.8737589,2
48213,5.7537065,5.0421386,3
48214,3.7890751,6.9141626,5
48215,-0.6798252,13.454396,4
48216,0.6669694,14.298351,4
48217,2.893187,5.046317,5
48218,14.930051,8.290222,0
48219,11.665113,5.1849627,6
48220,3.068911,-1.508312,2
48221,-5.3414044,10.238859,7
48222,0.06093689,11.804743,9
48223,0.20592126,6.700082,8
48224,-1.4617817,11.542769,9
48225,-1.0510262,11.236161,9
48226,-0.55473655,-4.0353513,1
48227,16.407707,8.3301,0
48228,-3.2700782,9.315329,7
48229,-3.1813939,-0.05464759,1
48230,5.9571643,7.7608633,5
48231,2.8960118,-0.95836174,2
48232,-1.8916256,-3.7958229,1
48233,6.5615387,5.7737193,3
48234,1.9137843,12.7864485,9
48235,0.19528674,14.513474,4
48236,-1.61516,-3.2625933,1
48237,2.9242961,5.7736044,5
48238,3.0577579,0.10101968,2
48239,11.581374,5.1533165,6
48240,1.064117,14.568545,4
48241,-5.3750887,11.845994,7
48242,-4.202796,9.304327,7
48243,0.016966887,5.5994925,8
48244,1.3612431,12.247174,9
48245,-0.17986006,11.059176,9
48246,2.0718467,-0.08690528,2
48247,-3.626044,9.774178,7
48248,1.8016232,-0.6954072,2
48249,3.8834705,6.6215363,5
48250,-4.0557923,9.375333,7
48251,3.5871456,5.9268074,5
48252,-0.54799044,13.995567,4
48253,-2.8894923,-1.5637021,1
48254,-1.3688413,-4.2444463,1
48255,0.8319645,12.196373,9
48256,0.81568676,7.233107,8
48257,0.0966442,12.077215,9
48258,5.7746205,7.460416,3
48259,-4.4376764,11.248975,7
48260,4.649303,6.782925,5
48261,-2.4127553,-2.011403,1
48262,10.292001,4.493324,6
48263,15.5193,8.285035,0
48264,7.042415,5.753685,3
48265,0.8764822,12.084407,9
48266,-2.3825247,-1.731971,1
48267,15.4859295,7.4287343,0
48268,15.532427,8.579158,0
48269,4.5185213,6.643553,5
48270,6.53614,4.4469748,2
48271,-5.281864,11.952938,7
48272,5.6251407,6.4342866,9
48273,-2.5396285,-2.0345037,1
48274,14.621087,7.91866,0
48275,-5.335728,11.252604,7
48276,10.11022,3.467532,6
48277,3.2934194,0.20503505,2
48278,11.557468,6.243725,6
48279,3.2841663,0.43477142,2
48280,1.8876749,7.0190625,8
48281,6.2037234,6.265973,3
48282,-0.5652299,12.4768095,4
48283,11.551478,4.9204516,6
48284,14.446858,8.541421,0
48285,-0.26577845,6.3121777,8
48286,0.56543016,14.0254,4
48287,14.4770155,6.965197,0
48288,-0.9182451,12.504625,4
48289,0.42774767,6.621347,8
48290,-1.9025486,10.330049,9
48291,5.8010216,5.4895024,3
48292,3.3128347,0.14800312,2
48293,2.6531086,0.2713804,2
48294,3.4039016,-1.4217671,2
48295,14.818689,7.9454618,0
48296,1.6217676,7.5288863,8
48297,-0.17482485,11.573219,9
48298,-3.7370768,11.084056,7
48299,15.342089,7.2362413,0
48300,5.2097754,4.174202,3
48301,11.142152,4.9190083,6
48302,5.282559,5.912154,3
48303,-2.9699156,-0.6132823,1
48304,-0.41232878,11.220505,9
48305,-4.9457235,10.427748,7
48306,-1.61409,-3.0543942,1
48307,3.7192445,6.453988,5
48308,-5.022635,11.856315,7
48309,-0.10123642,6.210422,8
48310,1.315892,14.283278,4
48311,6.8121595,5.766631,3
48312,1.2412158,6.629118,8
48313,-0.33036095,14.3662815,4
48314,-0.45394295,13.194409,4
48315,-4.9389577,9.801508,7
48316,0.7682603,14.744731,4
48317,11.648153,5.367215,6
48318,-1.5271801,-2.3789709,1
48319,10.923117,5.662346,6
48320,1.9744622,-0.25691652,2
48321,6.874974,5.022793,3
48322,15.44264,7.763177,0
48323,3.3045871,0.51229715,2
48324,6.010774,5.0355787,3
48325,6.0907845,5.9314637,3
48326,-2.1141734,-3.5459132,1
48327,0.2945003,13.515633,4
48328,11.555129,5.499189,6
48329,0.67431694,7.2737865,8
48330,-1.4032308,11.798182,9
48331,0.5079787,6.813706,8
48332,3.3297758,-1.7671614,2
48333,-4.9836974,11.4253845,7
48334,3.1846778,-0.25315166,2
48335,-2.6394196,-1.6296667,1
48336,4.99718,5.388675,3
48337,14.919765,8.240989,0
48338,10.957005,4.910623,6
48339,-0.37892222,6.399653,8
48340,10.431582,4.8531346,6
48341,-5.1180544,11.840873,7
48342,0.9290279,14.51924,4
48343,-5.3726187,11.387269,7
48344,-2.499966,8.832005,9
48345,3.640507,6.373542,5
48346,10.138026,2.463702,6
48347,0.97726923,11.713361,9
48348,4.1357183,6.6339087,5
48349,3.5209076,0.6839558,2
48350,15.3796625,8.256302,0
48351,0.120513834,6.3764486,8
48352,5.959984,6.6503935,3
48353,3.560872,6.3777914,5
48354,-3.2238414,9.238983,2
48355,6.8486667,6.379558,3
48356,4.198583,-1.81997,2
48357,-0.5722044,13.552407,4
48358,4.8072214,7.1409974,5
48359,11.5156355,5.0694284,6
48360,6.932519,6.0306883,3
48361,-2.2042792,-1.266286,1
48362,10.07414,3.2264373,6
48363,-2.0257454,-1.9369868,1
48364,14.306052,6.6493826,0
48365,-0.8003521,13.542465,4
48366,11.194474,3.4560308,6
48367,3.900726,6.812524,5
48368,-2.324569,-1.2903785,1
48369,3.421907,6.6492815,5
48370,9.833892,3.3595312,6
48371,15.28149,7.8261957,0
48372,1.6776426,7.293507,8
48373,0.21873559,13.977055,4
48374,4.522051,6.721821,5
48375,0.36909357,7.125482,8
48376,0.41205397,13.495383,4
48377,-5.240427,11.331615,7
48378,1.5699998,-0.4470187,2
48379,0.17550518,14.299601,4
48380,11.917678,5.0547996,6
48381,-0.8169611,11.681747,9
48382,6.188152,7.2431507,8
48383,2.4883764,-0.717136,2
48384,5.8008943,4.9617577,9
48385,6.1058345,6.3023734,3
48386,5.9284854,6.3745966,3
48387,11.59671,5.6547027,6
48388,-0.19076233,11.800502,9
48389,-0.13684694,13.540802,4
48390,-1.9804674,-3.565253,1
48391,3.138821,-0.22518899,2
48392,6.069166,5.885901,3
48393,-0.63712204,13.59328,4
48394,0.21917747,6.1475344,8
48395,-3.0027132,-0.8268664,1
48396,6.3566384,4.517878,3
48397,6.91391,5.0623465,5
48398,10.188327,3.8719816,6
48399,0.06545832,14.698824,4
48400,3.5583797,5.3739657,5
48401,3.1561928,-0.34781158,2
48402,0.59876335,13.862784,4
48403,15.38591,6.562221,0
48404,-3.6242795,10.523708,7
48405,-0.33293873,14.1667595,4
48406,0.20586564,6.9598837,8
48407,0.61880785,6.099329,8
48408,4.939478,7.024138,5
48409,10.964793,5.5140176,6
48410,0.69592094,14.020135,4
48411,-2.238298,-0.987677,1
48412,16.235588,8.551578,0
48413,0.7613592,12.054967,9
48414,14.659185,6.5982885,0
48415,5.85232,5.210359,3
48416,-3.9605749,10.908187,7
48417,3.16069,-0.44436878,2
48418,1.2727581,14.378621,4
48419,15.672768,8.213488,0
48420,4.335788,-0.898359,2
48421,16.065966,8.3051815,0
48422,-4.795521,11.597138,7
48423,3.1549659,-0.40453044,2
48424,5.093407,7.3493767,5
48425,3.2907028,6.499857,5
48426,5.933563,5.5942845,3
48427,11.759159,4.09397,6
48428,0.26201263,6.4011254,8
48429,-0.15128133,11.4399605,9
48430,10.969022,5.92963,6
48431,6.4222813,5.329138,3
48432,-3.839866,8.731851,7
48433,11.4173,4.041475,6
48434,14.368538,6.2760177,0
48435,6.2785897,6.2475944,3
48436,-0.93840665,13.687789,4
48437,11.63893,6.409748,6
48438,15.064493,8.365697,0
48439,15.502465,8.291383,0
48440,3.2491019,5.6443553,5
48441,-3.0055006,-1.0287887,1
48442,-0.14067815,13.595999,4
48443,3.8262851,-1.1010213,2
48444,-2.8091726,-2.7120953,1
48445,6.077804,4.4132586,3
48446,2.988413,-1.1780823,2
48447,-1.1869413,15.142554,4
48448,0.4720953,13.185423,4
48449,4.8359528,6.8511243,5
48450,-4.3791184,11.721062,7
48451,11.334825,3.6774144,6
48452,-3.745386,9.863464,7
48453,-4.994313,10.729951,7
48454,-1.7252547,-3.0670118,1
48455,0.5877316,6.045786,8
48456,-2.001317,-3.6559303,1
48457,0.35037994,11.2387085,9
48458,-1.240505,-3.9716067,1
48459,15.661321,7.77273,0
48460,-4.012791,2.6985226,2
48461,-2.3209991,-1.3717655,1
48462,3.5054836,-0.35082775,2
48463,3.5008368,-1.163743,2
48464,-2.032831,-3.752595,1
48465,5.5524583,4.298524,3
48466,-0.97202915,14.507966,4
48467,-0.2171951,14.671507,4
48468,-0.5843018,-3.9346268,1
48469,3.386054,5.131476,5
48470,-1.3850648,13.05958,4
48471,10.183479,2.4962237,6
48472,0.8082963,6.3403196,8
48473,-4.416338,8.830996,7
48474,4.251779,-1.7491838,2
48475,0.20771503,5.334321,8
48476,3.1182418,-1.5390759,2
48477,0.23544142,11.121118,9
48478,1.1277021,13.386885,4
48479,15.695627,8.554794,0
48480,4.99353,5.335801,3
48481,-3.5348709,-0.52640915,1
48482,6.7468896,6.1572886,3
48483,3.9210293,-0.9694282,2
48484,1.6455381,12.164087,9
48485,6.0587792,3.8913226,3
48486,-0.66345733,12.259314,4
48487,-0.24290252,15.101647,4
48488,14.524896,6.290815,0
48489,4.4485435,7.4145656,5
48490,-3.4943268,10.751244,7
48491,10.968516,3.4559314,6
48492,10.171396,4.370548,6
48493,10.703084,4.261617,6
48494,2.7184608,5.915261,8
48495,0.7989017,7.194887,8
48496,1.5089631,14.291855,4
48497,3.7336538,-0.7920293,2
48498,6.8607736,5.8639994,3
48499,6.901992,4.975658,3
48500,6.4918585,6.1257463,3
48501,-4.2113323,9.899515,7
48502,2.5058274,-0.08023491,2
48503,-0.77804816,5.584646,8
48504,1.0988325,11.90485,9
48505,10.915611,3.5215595,6
48506,1.8438196,-0.23886313,2
48507,10.6285,2.4892132,6
48508,-1.1529036,13.974888,4
48509,0.05625661,6.9337196,8
48510,-0.86856776,-3.6778123,1
48511,16.17176,8.3127575,0
48512,4.097467,7.5020394,5
48513,-3.9932222,2.637793,1
48514,-1.097851,13.896942,4
48515,-3.3339977,9.139314,7
48516,3.5793886,-0.9734501,2
48517,-2.8676138,0.20639506,1
48518,-2.824348,-1.4994378,1
48519,-4.731246,10.146561,7
48520,-0.3160267,14.584326,4
48521,5.933079,3.2973616,3
48522,-0.5080548,11.023854,4
48523,15.97819,7.2348466,0
48524,15.552795,6.7570186,9
48525,3.4689,-0.2505687,2
48526,15.300041,7.671964,0
48527,3.3856735,-0.2601345,2
48528,0.052576706,6.5163713,8
48529,15.794053,7.448034,0
48530,0.8189571,12.606535,9
48531,4.256782,-1.4273695,2
48532,14.731554,8.788589,0
48533,4.4899964,7.122539,5
48534,-2.3959067,-2.3180835,1
48535,-1.1052235,14.160557,4
48536,3.8378222,-1.2950284,2
48537,-3.6564484,1.6927547,1
48538,10.401833,3.083844,6
48539,10.571011,2.9668016,6
48540,2.2400548,7.3603053,8
48541,4.531011,6.2424407,5
48542,15.432729,8.737798,0
48543,-3.590325,0.27021688,1
48544,1.4620225,7.0106683,8
48545,3.7299478,-0.28235412,2
48546,0.9909295,7.568761,4
48547,15.855249,7.2250896,0
48548,5.4356303,5.972152,9
48549,3.8687685,-0.5305288,2
48550,3.0611277,-1.260351,2
48551,5.927921,4.681444,3
48552,0.7709536,7.109704,8
48553,-1.520034,15.101502,4
48554,16.330925,7.663454,0
48555,-0.63443315,5.3062305,8
48556,-2.139391,-3.7716117,7
48557,6.6167674,4.6210313,3
48558,0.18394823,14.383038,4
48559,-0.34313664,5.548665,8
48560,0.6824811,6.939444,8
48561,4.6830416,7.181129,5
48562,-4.505421,12.08641,7
48563,6.4687543,4.378661,3
48564,2.3804889,4.330305,5
48565,10.52928,2.924674,6
48566,1.363353,12.552441,9
48567,5.0752754,7.1192203,5
48568,10.706862,3.209706,6
48569,-0.7718872,11.335521,9
48570,10.760515,3.8431032,6
48571,0.1079431,5.63052,8
48572,4.215365,6.8968267,5
48573,-2.863604,0.44621632,1
48574,14.579518,8.652915,0
48575,-5.0149155,9.023592,7
48576,4.069968,6.7635884,5
48577,-1.250782,9.787705,9
48578,15.650182,8.363316,0
48579,5.908553,3.3392348,3
48580,0.4954947,11.985794,9
48581,-1.661198,15.163976,4
48582,0.7634584,14.322868,4
48583,-4.329782,1.2928914,1
48584,0.68176156,11.672442,9
48585,-4.781335,8.640563,7
48586,6.0229707,7.6933365,5
48587,5.5518208,3.746562,3
48588,-0.035231285,5.807736,8
48589,-1.0382261,10.251835,9
48590,10.025719,4.229186,6
48591,10.9205675,2.409324,6
48592,-1.5871301,-2.3800817,1
48593,-4.374008,8.683862,7
48594,14.259721,7.8584166,6
48595,-1.1286231,14.897523,4
48596,-1.3979696,13.194847,4
48597,-0.8757085,10.876719,9
48598,4.600673,-1.3613509,2
48599,5.2564764,5.8864408,3
48600,-2.3747263,-2.1381779,1
48601,16.333382,7.071515,0
48602,15.0430975,6.577646,0
48603,-0.13412565,10.721496,9
48604,15.191984,5.7865734,0
48605,11.447304,3.3393712,6
48606,2.932629,6.3080044,5
48607,15.727434,8.009905,0
48608,1.7980309,14.611383,4
48609,11.08182,3.347636,6
48610,-3.5733283,10.958699,7
48611,-2.7932024,0.10629353,1
48612,14.192079,7.7606363,0
48613,15.499667,5.7652335,0
48614,-3.690246,11.552617,7
48615,4.8773117,7.3138146,5
48616,-0.09960785,10.922601,9
48617,-0.08099209,5.883722,8
48618,-4.7379913,10.557598,9
48619,-3.5868747,8.296115,7
48620,11.73147,6.4292865,6
48621,4.190716,-0.86585265,2
48622,-3.974595,10.474478,7
48623,3.6853018,5.524125,5
48624,4.3166027,-1.0141305,2
48625,-4.114128,1.4604026,1
48626,5.7771845,4.751423,3
48627,16.005354,7.0008826,0
48628,6.003672,6.351059,3
48629,-2.3874938,-0.5693855,1
48630,10.25395,4.445403,6
48631,14.5012665,6.7857704,0
48632,11.500697,3.0548868,6
48633,0.6147407,12.391113,9
48634,0.51281196,12.207759,9
48635,-1.0532335,14.478458,4
48636,11.015795,5.458239,6
48637,4.919132,6.7927203,5
48638,16.089193,8.594584,0
48639,-4.295898,10.146095,7
48640,2.7069101,0.23378995,2
48641,15.560408,8.140665,0
48642,5.641785,5.191999,3
48643,3.2158694,0.36406532,2
48644,5.047911,7.4296546,5
48645,-4.1395216,0.6695407,1
48646,0.19753924,12.936291,4
48647,-1.0607765,9.9138365,9
48648,-5.2052674,12.172739,7
48649,11.079474,3.229354,6
48650,-0.587608,-4.0188046,1
48651,-3.7745397,8.387001,7
48652,1.0166006,6.534144,8
48653,-1.5123119,15.12612,4
48654,1.9267687,12.715173,9
48655,0.030615037,5.5878773,8
48656,11.202977,5.5480075,6
48657,-0.17836054,6.1458106,8
48658,1.559276,6.8054533,8
48659,2.5637913,4.533609,5
48660,-0.2141219,13.723543,4
48661,15.811402,8.046254,0
48662,5.87013,6.2668467,3
48663,-2.8908155,-1.7876778,1
48664,-1.6170971,-4.1924624,1
48665,3.798323,-1.7451389,2
48666,5.22609,5.15163,3
48667,5.9050994,6.238332,3
48668,2.4266496,7.467548,8
48669,-0.20676823,14.024751,4
48670,15.244296,8.422316,0
48671,3.938333,6.1968904,5
48672,-4.909134,10.0752735,7
48673,11.588408,4.316753,6
48674,2.255678,-0.38014197,2
48675,-3.6608462,9.21446,7
48676,15.577178,7.651509,0
48677,15.558399,8.597076,0
48678,-4.6086636,10.9081955,7
48679,-2.639185,-2.0664248,1
48680,4.8683734,7.0461445,5
48681,15.412907,6.4615173,2
48682,6.6249466,5.9508233,3
48683,6.2208424,6.2895136,3
48684,0.08593338,6.855568,8
48685,0.8479309,14.907728,4
48686,2.891391,-1.1082599,2
48687,10.669662,2.561803,5
48688,1.1557252,7.2226224,8
48689,11.452181,4.5005603,6
48690,-0.14534967,13.380993,4
48691,-3.8254185,10.567383,7
48692,10.094677,2.454913,6
48693,0.75333273,6.593359,8
48694,-4.3737016,8.583774,7
48695,16.259697,8.169922,0
48696,1.3818592,-0.68491936,2
48697,-1.9421577,-1.8361609,1
48698,4.5886846,-1.1208665,2
48699,3.363634,-1.3670027,2
48700,5.638762,5.92389,3
48701,6.105057,5.633105,3
48702,6.870458,5.008442,3
48703,0.15897843,15.012346,4
48704,-0.26047996,5.7625117,8
48705,4.2914023,6.1105347,5
48706,11.568285,6.0075545,6
48707,11.645069,4.7166862,6
48708,-1.6204166,11.469891,9
48709,-4.57313,9.901144,7
48710,1.2620926,14.324622,4
48711,-0.06631966,6.2285204,8
48712,-3.8656538,10.727472,7
48713,-1.1409639,10.739754,9
48714,10.873708,5.351447,6
48715,15.918893,7.9507565,0
48716,14.401074,6.5945773,0
48717,-3.8682435,11.382267,7
48718,-1.2963439,12.350739,9
48719,15.696773,8.430683,0
48720,-3.8810053,-0.16387777,1
48721,-5.0742536,11.285574,7
48722,5.143396,5.610248,3
48723,0.18232688,7.0449767,8
48724,-4.471042,10.156742,7
48725,6.827347,5.8555675,3
48726,10.65192,3.9148717,8
48727,15.839433,6.921547,0
48728,-1.2499226,14.440217,4
48729,14.707353,7.073505,0
48730,-0.1543301,13.034298,4
48731,4.809253,6.804554,5
48732,6.234754,6.589091,3
48733,4.4055,7.245118,5
48734,1.6366857,6.703822,8
48735,6.792027,5.728782,3
48736,-3.4810796,11.0917015,7
48737,0.63257116,6.719493,8
48738,3.3039327,-0.13075107,2
48739,1.2826952,6.440271,8
48740,10.280306,4.174931,6
48741,-2.2115638,-1.5935429,1
48742,15.606164,8.004395,0
48743,0.758541,7.308744,8
48744,10.133144,4.4119864,6
48745,0.8683173,14.442546,4
48746,6.1919937,4.666825,3
48747,0.7014962,12.079221,9
48748,4.252713,-1.8174243,2
48749,11.135702,4.317775,6
48750,-1.3588855,10.194822,9
48751,-3.535209,-0.3265172,1
48752,4.5196753,7.809851,8
48753,-0.56116265,5.379375,8
48754,-0.69992304,14.540936,4
48755,16.115843,7.011232,0
48756,0.029463852,5.6752567,8
48757,4.0973964,-1.5616803,2
48758,-0.5596093,10.874575,9
48759,-4.0707316,11.244377,7
48760,11.801705,5.1400614,6
48761,6.111115,6.1686754,3
48762,-3.7482786,0.30219194,7
48763,-0.6844646,14.403311,4
48764,0.9336609,13.935968,4
48765,-2.0828617,-1.4582875,1
48766,0.6775452,11.16171,9
48767,3.7051582,-1.7965938,2
48768,-3.6409283,11.2051,7
48769,4.3272443,6.3510213,5
48770,6.808454,4.9085927,3
48771,1.1636118,11.686266,9
48772,9.841382,3.777326,6
48773,0.061867528,6.311827,8
48774,4.806378,7.318691,5
48775,1.1173861,12.183115,9
48776,11.310039,6.0812564,6
48777,4.6757517,7.2143273,5
48778,10.15398,4.0434813,6
48779,0.47594446,14.82568,4
48780,15.930957,8.044283,0
48781,5.6792846,4.920486,3
48782,-0.79385006,15.236462,4
48783,6.087142,5.7540803,3
48784,2.3098686,-0.20871429,2
48785,0.8595867,14.924007,4
48786,-1.0658271,12.019053,4
48787,-4.2970815,9.101644,7
48788,5.2466216,4.354427,3
48789,1.5302501,11.951927,9
48790,14.84465,8.634926,0
48791,15.10333,6.920119,0
48792,11.820302,5.685345,6
48793,-1.4687271,-3.0629866,1
48794,6.0766244,6.17242,3
48795,0.21968533,11.920138,9
48796,-1.2060022,13.909424,8
48797,-2.2064228,-1.5389415,1
48798,5.0331817,4.7270284,3
48799,3.780874,-1.5447191,2
48800,9.986923,3.3252602,5
48801,-4.6814036,11.684942,7
48802,-0.07572527,11.004146,9
48803,0.30303228,11.522058,9
48804,-1.2072399,10.247361,9
48805,-3.4468184,-1.4551305,1
48806,5.1054387,4.749987,3
48807,14.870435,6.531412,0
48808,15.369778,8.830814,0
48809,11.518682,4.889752,6
48810,10.011548,3.3669133,6
48811,15.303674,5.74652,2
48812,2.9320984,5.0508723,5
48813,-0.14663617,15.027381,4
48814,5.1936393,7.3403063,5
48815,15.517684,6.272584,0
48816,0.057451773,11.18431,9
48817,5.817369,5.002538,3
48818,1.4481238,12.585164,9
48819,-0.27109817,15.02545,4
48820,2.9883082,0.3979882,2
48821,10.499089,4.611657,6
48822,1.8299047,-0.5279234,2
48823,10.345276,3.7407498,6
48824,0.03506577,5.425235,8
48825,5.03982,7.1763716,5
48826,2.6256459,4.8763843,5
48827,11.0140085,4.691347,6
48828,0.8892994,6.532763,8
48829,-5.017551,10.568405,7
48830,14.712043,8.154915,0
48831,-2.0805235,-3.0282311,1
48832,-5.322135,10.828952,7
48833,1.0848281,14.460461,4
48834,14.625785,6.6458845,0
48835,1.0774041,14.862908,4
48836,0.9847179,11.841357,9
48837,15.413637,5.774187,2
48838,5.8756905,7.560553,5
48839,10.753855,4.2117696,6
48840,-1.0103925,13.764328,4
48841,3.4098897,-0.61129636,2
48842,-0.014575873,6.6769166,8
48843,1.7149187,12.249029,9
48844,-1.5165083,-2.6229882,1
48845,-1.8438973,-1.9976292,1
48846,0.87929064,14.60854,4
48847,3.73594,6.531511,5
48848,-3.667669,-0.6916801,1
48849,6.0197706,6.0720778,3
48850,3.9329386,6.8271537,5
48851,-2.4645429,-1.7006698,1
48852,-3.175381,10.130526,7
48853,-0.9682946,14.544332,4
48854,-0.9853259,13.123905,4
48855,-0.4889207,5.60394,8
48856,3.5898266,5.963375,5
48857,10.951654,4.844252,6
48858,11.14475,5.478395,6
48859,6.5453196,5.690228,3
48860,-1.8805919,-3.639461,1
48861,-4.447833,10.928266,7
48862,-1.3189573,-2.983556,1
48863,15.974696,6.9456387,0
48864,11.233806,5.810317,6
48865,5.1595583,7.0015593,5
48866,-4.0679855,10.775523,7
48867,10.892785,4.998326,6
48868,6.466637,4.948013,3
48869,-4.2273245,10.747998,7
48870,-0.6713444,13.515762,4
48871,-2.887337,-1.2793282,1
48872,5.431043,7.7492557,5
48873,5.7749114,5.31679,3
48874,-4.3901057,10.802243,7
48875,-0.21711136,6.437282,8
48876,-0.37808263,13.672173,4
48877,4.141049,-1.7113419,2
48878,-4.958891,10.764876,7
48879,10.726442,4.7604365,6
48880,1.020146,14.701432,4
48881,4.3390884,-1.5081924,2
48882,-1.348422,10.7093,9
48883,10.915122,3.9190657,6
48884,3.1432726,-1.3972723,2
48885,0.14340892,15.043111,4
48886,11.003659,3.6482139,6
48887,15.2590885,5.7835746,2
48888,1.94137,12.804514,9
48889,-4.7220564,10.52919,7
48890,-0.5939552,13.30772,4
48891,0.80834126,6.3074555,8
48892,0.38687375,13.475734,4
48893,-3.736232,9.1264925,7
48894,1.5050461,11.884897,9
48895,15.253738,8.018366,0
48896,-1.7077823,-3.4317806,1
48897,-2.6412957,-0.15411824,1
48898,2.7504504,-1.2980934,2
48899,1.6283644,-0.22449662,2
48900,-0.71491975,-3.904912,1
48901,5.7080684,5.094675,3
48902,-1.7589619,-2.3465528,1
48903,-1.0113677,14.379468,4
48904,5.008868,4.6825657,3
48905,2.7161605,5.3860984,5
48906,0.8669988,5.719633,8
48907,10.466142,3.0224326,6
48908,-2.0908127,-3.0517216,1
48909,-4.575234,9.247559,7
48910,-5.2199383,11.06717,7
48911,15.328837,7.477657,0
48912,-2.8849614,0.08151349,2
48913,-3.8756201,0.7988991,1
48914,-4.056707,10.998112,7
48915,3.5583398,4.7669363,2
48916,-0.8944567,-3.3969252,1
48917,6.483838,4.847423,3
48918,10.083266,3.2672217,6
48919,-1.6467965,13.695333,4
48920,15.178442,7.559943,0
48921,2.5133047,5.2662363,5
48922,4.9641824,5.193764,3
48923,-4.1195235,8.411524,7
48924,0.4762252,12.4238825,9
48925,-0.67639494,5.6941853,8
48926,2.8752995,-1.4189489,2
48927,-2.3220117,8.867702,9
48928,-0.012275516,13.659615,4
48929,16.50466,7.0278616,0
48930,-0.11841686,11.816757,3
48931,-4.2154245,1.9163014,1
48932,6.1575603,5.497096,3
48933,-3.9165654,8.208194,2
48934,2.2354836,-0.087838314,2
48935,5.225089,4.2434025,3
48936,0.5673717,14.352937,4
48937,-0.4682124,14.576488,4
48938,0.042514287,10.731883,9
48939,2.796102,4.9604793,5
48940,1.7489115,12.681705,9
48941,11.197187,2.6463714,6
48942,0.34729174,13.832908,4
48943,-4.2281156,1.7932143,1
48944,-3.410503,11.147466,7
48945,10.249729,3.103098,6
48946,3.286212,0.38131416,2
48947,15.2429285,8.314062,0
48948,-3.8759723,11.537986,7
48949,-3.6080296,0.42093608,1
48950,3.2494876,5.0479565,5
48951,2.4662678,0.22285415,2
48952,-3.310434,10.979328,7
48953,-3.4154854,-0.4521006,4
48954,3.5661685,-1.611293,2
48955,-4.5819263,10.158668,7
48956,-3.3332183,-2.0654914,1
48957,-1.7564399,13.200316,4
48958,10.1398945,4.298086,6
48959,-1.8937628,13.466724,4
48960,14.38543,6.352851,0
48961,-1.1949298,14.201759,4
48962,-0.7866907,13.674377,4
48963,16.002016,6.5619345,0
48964,0.24307045,11.864946,9
48965,6.075713,5.134656,3
48966,-1.6662314,10.996699,5
48967,-0.68044853,5.8527184,8
48968,2.0465567,12.634652,9
48969,-4.837965,8.727411,7
48970,1.5808971,14.398698,4
48971,2.331565,4.35879,5
48972,0.45401862,13.506724,4
48973,4.4641695,7.1433682,8
48974,6.5139265,4.317944,3
48975,0.9495733,6.5781093,2
48976,-3.8384745,10.153259,7
48977,-3.2316694,-2.2441494,1
48978,5.6459007,5.439904,3
48979,-4.074934,9.770716,7
48980,-1.1611296,11.156582,9
48981,5.418863,4.2536263,3
48982,3.4796977,-1.449851,2
48983,3.043552,4.851525,5
48984,1.17109,14.065941,4
48985,2.9065607,5.8001347,5
48986,3.6862607,-1.874154,2
48987,-1.8526326,10.333632,9
48988,-4.41911,12.052352,7
48989,-4.0848675,0.195401,1
48990,-1.9103026,15.324,4
48991,-3.577455,8.38703,2
48992,-4.980395,11.237387,7
48993,-3.4247525,0.3612467,1
48994,10.362174,2.3977435,6
48995,6.483171,3.9845188,3
48996,1.3607919,12.2020855,9
48997,4.815201,7.511343,8
48998,5.388141,5.6761765,3
48999,11.275766,2.669195,6
49000,-0.6042925,14.95532,4
49001,-0.5922514,14.055647,4
49002,-1.5337875,12.806757,1
49003,-1.7507159,10.765117,9
49004,9.81672,3.5249486,6
49005,-1.5905542,13.2836075,4
49006,6.2540197,7.0259633,3
49007,-1.9844626,10.352309,9
49008,-2.117698,-3.584349,1
49009,0.44871274,5.746788,2
49010,-1.759251,11.237868,9
49011,15.344476,5.860368,0
49012,-1.7421113,-1.7733028,7
49013,15.367621,5.902032,0
49014,15.9355545,5.957503,0
49015,-1.6417251,13.832444,4
49016,2.1352174,6.9461737,8
49017,-1.5909406,13.646918,4
49018,5.018205,4.9510803,3
49019,10.147623,2.5944607,6
49020,6.928182,5.0022845,3
49021,-3.5196097,8.393679,2
49022,10.041008,3.395887,6
49023,3.1088476,5.269192,5
49024,-4.866169,10.267695,7
49025,3.1225495,5.484838,5
49026,2.524562,0.35551304,6
49027,15.96961,6.3731346,0
49028,1.8508823,-0.7629776,2
49029,-3.703535,8.313262,2
49030,-0.68106645,11.258696,9
49031,10.510442,3.1497526,6
49032,3.9946077,6.699598,5
49033,-0.03461917,6.3651786,8
49034,2.0104268,-0.5466703,2
49035,-3.7276418,0.02322013,1
49036,11.584985,4.5938425,6
49037,-4.103871,0.21721785,1
49038,5.397693,7.481794,5
49039,-2.727067,9.094939,9
49040,3.71721,6.984415,5
49041,3.457056,0.63028675,2
49042,-0.85103583,-3.693765,1
49043,10.362652,2.9066489,6
49044,-0.38128,5.5584507,8
49045,-4.579841,9.636966,7
49046,1.023762,7.466808,8
49047,10.414565,3.0438843,6
49048,5.1708937,7.6408987,5
49049,10.377155,3.0847197,6
49050,1.6917565,13.888151,4
49051,-0.33122063,5.7147627,8
49052,-0.059805173,6.018816,8
49053,-4.501667,8.532631,7
49054,6.6573067,6.172524,3
49055,6.5366764,4.1308894,3
49056,-4.2337894,1.026425,7
49057,5.857125,3.7878845,3
49058,-5.289734,12.259785,7
49059,15.780491,6.5764446,0
49060,11.488813,6.4683924,6
49061,2.8747313,5.637415,5
49062,3.1127162,6.753018,5
49063,-4.133016,8.650989,7
49064,2.1958508,7.7634726,8
49065,15.4151745,6.3959966,0
49066,11.448168,6.4333577,6
49067,3.0111113,0.46725306,2
49068,-2.4763525,-3.5069659,1
49069,-3.9596415,9.185684,7
49070,-2.2862709,-0.55528736,2
49071,-4.239065,9.52044,7
49072,1.3073606,14.273611,4
49073,-0.36080396,5.920803,8
49074,4.2448916,-1.5706066,2
49075,15.872283,7.25173,0
49076,-3.0057387,-2.1669939,1
49077,5.6556144,4.6324425,3
49078,-0.001304814,14.000411,4
49079,3.0234046,5.1381145,5
49080,5.6143303,6.0262356,3
49081,6.4039927,4.6929207,3
49082,5.3103127,5.486594,3
49083,10.386962,3.0416934,6
49084,10.768663,5.029591,6
49085,16.205605,6.7185273,0
49086,15.054735,6.696505,0
49087,-3.9293673,1.7332014,1
49088,0.5759492,6.882333,8
49089,4.5481353,-0.9055142,2
49090,3.0473263,-1.7135979,2
49091,7.041185,4.602179,3
49092,0.7428189,14.425167,4
49093,-4.7511125,8.530156,7
49094,2.5727093,5.4915366,5
49095,-0.58339727,5.8590956,8
49096,-1.6301514,11.196449,9
49097,16.763556,6.972331,0
49098,3.2093782,-1.3217509,2
49099,-3.9928834,2.6096547,1
49100,5.1287327,7.54511,5
49101,4.5057335,-1.079136,2
49102,1.1606202,13.578981,4
49103,6.629099,3.8758576,3
49104,10.266664,3.0171094,6
49105,-1.0840615,15.345934,4
49106,-3.4119086,9.365186,2
49107,3.6084707,4.823648,5
49108,5.806816,6.4502964,3
49109,11.270468,2.527521,6
49110,14.652219,8.708382,0
49111,16.821184,6.974467,0
49112,-0.8683177,11.683935,9
49113,-3.8252208,2.37458,1
49114,2.3259246,6.943495,8
49115,4.4775386,-0.6449282,2
49116,-3.8854105,10.007661,7
49117,6.3937325,5.270615,3
49118,-1.266432,-2.9633093,1
49119,-4.7561502,8.524059,7
49120,2.9764023,12.193825,7
49121,-4.532349,9.276896,9
49122,6.6889853,5.542777,3
49123,-2.7266548,0.07207731,1
49124,14.976721,7.650955,0
49125,-4.722811,9.271219,7
49126,0.035377737,5.6810813,8
49127,-0.7660729,15.217022,4
49128,1.8970596,12.820255,9
49129,0.283123,5.896433,8
49130,2.0812302,12.226231,9
49131,-3.717993,1.845593,1
49132,2.4479582,4.899244,5
49133,11.365223,2.870541,6
49134,-3.3760984,-1.3515409,1
49135,5.6767898,4.1267576,3
49136,-4.247428,9.962366,7
49137,6.862086,4.042787,3
49138,0.8413645,14.730163,4
49139,11.190379,3.6203218,6
49140,5.1460977,7.647597,5
49141,2.845528,4.4601083,5
49142,5.694634,5.7730975,3
49143,-4.5285974,9.221768,9
49144,1.4722959,14.308942,4
49145,-3.8532956,0.8676878,1
49146,0.39675477,13.369399,4
49147,6.984009,4.496534,3
49148,2.8777452,-1.2147548,2
49149,6.828457,3.958336,3
49150,14.516374,8.485705,0
49151,16.709673,7.042511,0
49152,4.803934,7.4112782,5
49153,11.252537,3.4784462,6
49154,-0.5850871,-4.105644,1
49155,-1.7115012,15.34415,4
49156,6.1402936,6.36713,3
49157,5.054008,7.5855207,3
49158,3.022661,-1.225164,2
49159,-4.4896955,8.543268,7
49160,2.0406954,0.27409184,2
49161,11.388736,2.9533517,6
49162,-0.75536555,14.689068,4
49163,-0.7999264,10.0205,9
49164,2.4229264,0.4200633,2
49165,-0.23625204,6.3955936,8
49166,5.3206053,5.643171,3
49167,-3.861114,0.7334529,1
49168,2.227206,-0.6644074,2
49169,-1.3461653,15.079126,4
49170,1.0292567,5.86817,8
49171,16.278023,6.6345944,0
49172,-1.1949538,14.528365,4
49173,11.222621,3.2441478,6
49174,-4.8537593,10.868024,7
49175,11.525273,3.2455528,6
49176,0.06875348,5.9040875,8
49177,-1.1691722,9.62242,9
49178,10.866305,4.9695144,6
49179,4.6884437,-0.8998459,2
49180,-5.1521087,12.268407,7
49181,4.4481373,-0.81029373,2
49182,2.151313,12.307712,9
49183,6.1682444,5.8727756,3
49184,-5.3659425,11.542889,7
49185,16.606428,6.6201067,0
49186,-1.7342757,-1.8112948,1
49187,-3.528602,8.33866,7
49188,7.0361967,6.24073,3
49189,4.5179486,-1.0431362,2
49190,5.6833115,7.451432,5
49191,4.4409175,-0.66811913,2
49192,-3.1016364,9.205314,2
49193,6.002579,4.2566113,3
49194,-0.8500023,-4.21929,1
49195,-1.7260046,15.303062,4
49196,0.92317116,14.572674,4
49197,16.734137,6.774803,0
49198,-3.4720566,-0.16398604,1
49199,16.754948,6.7618756,0
49200,15.550703,8.915713,0
49201,-0.6357567,5.9380403,8
49202,6.0154996,7.016746,5
49203,2.7263632,4.4761105,5
49204,2.1047285,12.82983,9
49205,-3.6891296,1.9120128,1
49206,-1.4140422,12.181722,4
49207,7.0133758,4.544431,3
49208,14.044157,6.959631,0
49209,-4.5953298,8.660453,7
49210,-1.4757806,-3.8037286,1
49211,-1.7583828,15.319976,4
49212,-3.8312051,10.867912,7
49213,-1.5550234,9.338658,9
49214,15.348364,8.390224,0
49215,3.3568187,5.365415,8
49216,10.4506235,3.0844047,6
49217,-3.6902564,8.163962,8
49218,14.812189,8.123272,0
49219,-1.5011466,9.468603,9
49220,14.804255,6.9387774,0
49221,16.647186,6.7006373,0
49222,5.926334,5.639622,3
49223,-0.7985637,9.872245,9
49224,14.106083,7.2370734,0
49225,-0.29131973,5.795778,8
49226,5.303491,5.347153,9
49227,-1.7285762,9.783982,9
49228,6.550312,5.904162,3
49229,16.48957,6.4536414,0
49230,5.415722,4.8246527,3
49231,4.4144607,-0.9875824,2
49232,-1.6208211,-3.4671862,1
49233,11.493094,3.3812468,6
49234,6.2834067,6.321687,3
49235,-4.8328233,8.778358,7
49236,2.9603093,5.9653854,5
49237,-1.4177411,15.349521,4
49238,1.7922578,6.8559046,8
49239,-4.457593,8.691851,7
49240,-3.1662385,10.076901,7
49241,2.4502807,4.3453403,5
49242,-3.412324,10.390732,7
49243,15.790214,7.9764585,0
49244,15.23952,6.1646433,0
49245,-1.958655,-1.9401388,1
49246,-2.525565,-0.78514785,1
49247,1.707397,-0.75700134,2
49248,4.0946527,-1.9263176,2
49249,6.3301983,5.5537643,3
49250,1.2643353,7.150877,8
49251,0.7076196,14.75583,4
49252,9.894743,3.033969,6
49253,3.635795,5.9569907,5
49254,6.2849727,6.579068,3
49255,11.662893,5.359523,6
49256,0.5736606,14.6526165,4
49257,-4.9728103,10.186698,7
49258,11.110142,4.4599943,6
49259,0.38481483,7.3230624,8
49260,-1.055753,-3.214529,1
49261,1.1196424,12.063549,9
49262,0.48730153,12.462309,9
49263,15.292268,7.298592,0
49264,2.4892502,-1.3121355,2
49265,-2.316692,-1.4483143,1
49266,0.7806635,7.296056,8
49267,1.8279225,-0.13882169,2
49268,15.735465,8.709479,0
49269,6.733944,6.292776,3
49270,3.4654067,6.4381127,5
49271,1.1837013,14.494432,4
49272,0.18007247,12.191463,9
49273,3.8482187,7.1658497,5
49274,0.3909751,13.867973,4
49275,11.686283,4.894651,6
49276,6.8667893,6.124868,8
49277,-3.8974533,9.9663105,7
49278,14.118448,6.402621,0
49279,-0.052824516,6.4967065,8
49280,14.93866,5.8907714,0
49281,16.326931,8.199189,0
49282,-3.5428011,1.74319,2
49283,-2.9888103,0.83754104,1
49284,-3.0088913,-1.8947006,1
49285,1.9335194,-0.10554051,2
49286,6.093079,5.957071,3
49287,6.6466136,4.4902387,3
49288,6.3186197,5.039834,3
49289,0.32323042,14.611881,4
49290,1.179852,7.1900716,8
49291,3.5386496,5.479146,5
49292,-3.1837063,-2.3707664,1
49293,11.8517885,5.112971,6
49294,6.434979,3.99901,3
49295,0.82201576,7.1406283,8
49296,10.248394,4.3503966,6
49297,6.73896,4.3330064,3
49298,-0.7116959,10.391562,9
49299,0.054440033,14.581232,4
49300,3.8366318,7.151956,3
49301,-4.1669927,10.479647,7
49302,2.262167,7.5772433,8
49303,-0.57532156,5.7295623,8
49304,15.661575,8.4896,0
49305,11.805418,4.210023,6
49306,14.571083,7.2230663,0
49307,6.437228,3.9494731,3
49308,-2.390074,-0.87519014,1
49309,-1.2776735,14.175849,4
49310,14.766903,6.329623,0
49311,15.384621,7.3896093,0
49312,5.972541,6.3278637,3
49313,-0.33567634,10.539167,9
49314,2.9605627,-1.0943576,2
49315,-4.5077825,9.460107,7
49316,4.8955603,7.774054,5
49317,-3.5943365,0.64767647,1
49318,5.4967394,4.3590775,3
49319,-1.1067258,10.620443,9
49320,-5.1726108,9.880652,7
49321,6.2497745,4.278706,3
49322,15.343876,8.759286,0
49323,-0.016494466,6.8148584,8
49324,6.9183955,5.058179,3
49325,-0.6478093,14.50324,4
49326,-2.4467783,-2.0694087,1
49327,-4.8044367,9.701605,7
49328,10.136347,3.5497022,6
49329,6.2596874,3.5808098,3
49330,-4.0829306,8.694723,7
49331,16.206373,8.28735,0
49332,1.1917126,6.351254,8
49333,-1.6444546,9.734588,9
49334,4.829858,6.66414,5
49335,0.47404185,10.99531,9
49336,14.970759,7.1760893,0
49337,10.692251,2.9018347,6
49338,-3.2919953,-1.3392831,1
49339,-2.5707114,-1.0561794,1
49340,2.9737632,-1.5956289,2
49341,-0.39183334,14.504457,4
49342,14.688148,6.056751,0
49343,3.1533344,6.2448115,5
49344,11.109359,5.093517,6
49345,-0.6665615,14.594427,4
49346,10.827719,3.5090365,6
49347,11.315065,4.5137186,6
49348,4.0759096,7.7742815,5
49349,4.6711965,-1.2563676,2
49350,5.510149,4.4301367,3
49351,16.305561,7.6133194,0
49352,4.11562,7.4743166,5
49353,11.657216,4.4598546,6
49354,15.053375,8.492867,0
49355,-3.6395571,-0.24251582,1
49356,-4.1360283,9.83455,7
49357,-2.9412732,-0.926977,1
49358,-0.41018298,11.81994,9
49359,-2.9813237,-0.84868777,1
49360,3.4679353,6.9145136,5
49361,-4.2906203,9.884319,7
49362,-1.8349954,-3.4120824,1
49363,4.4920297,-0.9967237,2
49364,-5.0757337,12.178311,7
49365,-3.9298377,9.151594,7
49366,0.04523074,7.1621675,8
49367,4.35862,6.77749,5
49368,-2.593439,-1.9710784,1
49369,4.174834,-1.0907207,2
49370,15.205314,8.698473,0
49371,0.7936469,11.280924,9
49372,-3.9334607,10.534721,7
49373,0.15919943,14.597127,4
49374,15.628317,8.931906,0
49375,2.751424,5.664654,5
49376,6.1743045,4.973753,3
49377,0.17827328,7.047477,8
49378,7.0829144,5.5825877,3
49379,-1.075002,13.524731,4
49380,-1.3932927,-2.5522084,1
49381,3.56933,-0.838153,2
49382,0.16719419,14.282293,4
49383,-0.8726273,11.259239,9
49384,-1.4049191,-4.0835934,1
49385,-4.500395,9.56382,7
49386,-1.0259565,11.595748,9
49387,15.737812,6.8756266,0
49388,1.0944213,12.089788,9
49389,15.793103,6.688909,0
49390,5.351495,5.0077777,3
49391,-3.9932523,9.364045,7
49392,-3.5284064,-1.1035966,1
49393,3.1369805,5.573686,5
49394,14.369854,6.259141,0
49395,-4.1754956,2.5525532,1
49396,10.635715,3.569595,6
49397,-3.703632,1.1060647,1
49398,-0.3183438,13.217666,4
49399,-4.464402,10.075061,7
49400,0.9598591,6.2233195,8
49401,11.03797,3.0861487,6
49402,4.6339335,7.5103188,5
49403,11.621055,4.0012364,6
49404,5.7625723,5.644558,3
49405,11.572,3.5382369,6
49406,4.7684164,5.3302197,3
49407,-0.06738817,5.6150875,8
49408,4.0557723,-0.60784394,2
49409,4.476476,-1.1506139,2
49410,5.725058,6.6333284,3
49411,4.206851,-0.9356753,2
49412,-3.3593204,9.883628,7
49413,-3.7760715,10.058181,7
49414,1.2206523,7.649045,8
49415,-4.647602,9.464559,7
49416,1.4393111,-0.85741043,2
49417,-0.82879233,15.063005,4
49418,11.3410015,6.3128886,6
49419,16.34997,7.090361,0
49420,-1.806233,-1.7070689,1
49421,3.6412466,-1.076328,2
49422,1.4219515,7.346981,8
49423,-1.127597,14.616934,4
49424,5.638099,7.0562825,5
49425,3.12534,0.3598931,2
49426,10.58739,4.383545,6
49427,2.5445526,5.0768604,5
49428,2.7791412,5.4145937,5
49429,15.430117,8.286337,0
49430,4.5523806,-1.6911986,2
49431,6.1707172,5.8493986,3
49432,1.3393443,11.863595,9
49433,5.9059544,5.043286,3
49434,3.2210922,-1.1516707,2
49435,6.872007,4.5415587,3
49436,10.043312,2.903902,6
49437,-3.1081703,-0.7528662,1
49438,-0.61731327,6.3571696,8
49439,-0.34021974,6.0428185,8
49440,-2.7471573,-2.7354035,1
49441,-3.0904074,0.838789,1
49442,-1.4488922,11.626715,9
49443,16.33338,7.6712265,0
49444,-4.6569633,12.083286,7
49445,4.2473173,7.3237824,5
49446,6.5415993,4.270359,3
49447,-0.006633699,11.108228,9
49448,11.353503,6.143177,6
49449,11.657804,4.2236147,6
49450,6.5513997,4.3791666,3
49451,-1.2652888,10.771994,9
49452,3.981323,-1.401494,2
49453,0.13372235,6.7350793,8
49454,2.6334953,-0.8745782,2
49455,4.2063346,7.1156707,5
49456,10.728318,4.905979,6
49457,-0.45094913,6.205426,8
49458,-3.3763914,9.988846,7
49459,16.244589,6.9929805,0
49460,5.539786,5.640828,5
49461,6.9751544,4.4717793,3
49462,1.0433613,12.038827,9
49463,16.51516,8.275367,0
49464,-2.2650511,-2.29854,9
49465,-0.3434833,6.065027,8
49466,0.2945953,13.101112,9
49467,6.9949813,4.6419563,3
49468,0.019501368,11.595588,9
49469,-0.8546249,9.960359,9
49470,4.921357,6.883814,5
49471,16.735538,6.8249474,0
49472,-3.9294715,11.444103,7
49473,-4.064979,2.6459098,1
49474,2.067685,-0.61884254,2
49475,3.7841048,0.043017466,2
49476,3.5478294,6.795953,5
49477,5.807259,4.2180524,3
49478,11.280989,5.9582233,6
49479,-1.8273551,14.980084,4
49480,-1.5361582,13.716163,4
49481,3.061078,4.5667906,5
49482,-1.6508775,-3.1068811,1
49483,11.508476,2.8307753,6
49484,10.990059,4.1461444,6
49485,-4.451261,8.883234,7
49486,3.687905,-1.1990024,2
49487,-3.9416962,8.118112,8
49488,-2.7910407,10.25123,1
49489,-2.2479012,9.090095,9
49490,5.2556596,7.5204554,5
49491,-4.297857,8.246277,7
49492,1.240104,12.187736,9
49493,-1.0943415,5.4616923,8
49494,6.2143846,5.558438,3
49495,-2.1825469,9.136381,9
49496,0.74228406,5.967606,8
49497,16.834846,7.0525866,0
49498,6.2914515,5.0077395,2
49499,-4.014343,2.8278112,1
49500,14.642233,8.725313,0
49501,-2.152958,15.18592,4
49502,0.7785484,5.975504,8
49503,3.2492404,4.6975083,5
49504,-1.2757888,-3.8758252,1
49505,11.506104,2.807795,6
49506,-0.10412053,10.711972,9
49507,-4.6938686,8.501001,7
49508,5.431718,7.5716057,5
49509,-1.1526,5.52166,8
49510,11.01299,4.9346776,6
49511,-2.2802916,9.010155,9
49512,-2.9672391,-2.5168142,1
49513,-2.1453683,15.189856,4
49514,-1.1937351,11.9681,4
49515,16.847021,6.9643593,2
49516,-4.7519894,10.415728,7
49517,10.728852,2.1963158,6
49518,14.209406,7.7668347,0
49519,-4.0562487,2.8163352,1
49520,3.3134077,6.6420403,5
49521,-4.0076327,2.651594,1
49522,-3.294663,0.7820739,8
49523,-3.8309367,8.008023,7
49524,-2.021822,-1.8734907,6
49525,-1.1111076,5.477916,8
49526,9.951813,3.388789,6
49527,2.9727857,4.39704,5
49528,14.115861,6.922427,0
49529,5.757186,3.330294,3
49530,14.180981,6.547138,0
49531,-4.382939,8.283296,7
49532,0.47785392,5.4847517,8
49533,16.701075,7.008767,0
49534,-0.8719502,-3.8782635,1
49535,15.504062,7.481979,0
49536,3.6379955,7.387916,5
49537,4.536346,-1.0097079,2
49538,-1.5774807,-3.873069,1
49539,11.458481,2.775905,6
49540,-3.096205,10.694929,7
49541,-4.2846704,8.274841,9
49542,-1.3150676,13.773369,4
49543,-1.1773604,5.5161986,8
49544,1.3206646,12.418096,9
49545,-1.097363,5.511403,8
49546,0.13409947,13.923721,4
49547,-1.3536443,9.692465,9
49548,0.6551164,6.71522,8
49549,-4.426491,8.520444,9
49550,11.140633,5.952288,6
49551,-4.3132586,8.273289,7
49552,1.206445,14.116591,4
49553,-4.62188,8.677057,7
49554,-3.4048629,10.185684,7
49555,3.7230585,0.4510622,2
49556,6.0323286,4.2842555,3
49557,-3.8277154,2.233403,1
49558,4.0949655,7.177213,5
49559,-4.316749,2.026111,1
49560,6.896217,4.867249,3
49561,16.702719,6.979481,0
49562,1.0775903,11.423406,9
49563,-1.0714617,5.3999352,8
49564,0.4443997,12.514842,9
49565,-1.7082762,9.373343,9
49566,5.140179,5.583557,3
49567,4.7516646,-0.5420853,2
49568,4.628772,7.0674496,5
49569,-4.0530343,2.8116999,1
49570,5.9608417,5.9172516,3
49571,-4.375899,8.279407,7
49572,1.5279801,6.7257195,8
49573,3.6325502,0.6544576,2
49574,0.74165,14.715893,9
49575,16.437666,6.7103853,0
49576,14.941349,8.408191,0
49577,10.954001,2.4053733,6
49578,1.233577,7.2222347,8
49579,-1.0609468,5.408824,8
49580,2.9230907,-0.6096943,2
49581,3.0954564,4.4466753,5
49582,4.3670225,-1.6059889,2
49583,16.902042,7.705929,0
49584,-3.4146106,9.650705,7
49585,5.6524663,3.9557774,3
49586,6.6559,6.462656,3
49587,-2.2008283,14.376568,4
49588,-2.4556828,-3.0833242,1
49589,-0.14468953,5.689533,3
49590,-3.3817127,11.540529,7
49591,-0.6654525,9.956079,9
49592,-2.9165437,-1.0944586,1
49593,11.459508,2.8300116,6
49594,14.746819,7.744003,0
49595,16.930183,7.436619,0
49596,14.531136,7.2057085,0
49597,11.134826,2.599149,6
49598,1.7750206,-0.70146555,2
49599,-2.3170874,8.947509,9
49600,-0.8149334,-3.8216562,1
49601,15.947627,6.429737,0
49602,6.0211825,5.7904196,3
49603,-3.7707386,0.693679,1
49604,4.8727336,7.5663676,5
49605,3.721467,-0.9943132,2
49606,-1.4251579,-2.759947,1
49607,7.046297,5.129159,3
49608,-0.47011974,11.578982,9
49609,-0.80422175,13.017573,4
49610,-1.472071,-4.092877,1
49611,4.252918,6.1302347,5
49612,-1.9349743,-3.4819858,1
49613,10.480183,3.1489096,6
49614,2.212757,0.24445742,2
49615,-4.8036213,9.86784,7
49616,-5.454832,12.068492,7
49617,-0.5709722,5.4022965,8
49618,1.5156809,7.33948,8
49619,-0.6542725,10.772346,9
49620,-0.012775688,6.446297,8
49621,15.808351,6.227469,0
49622,14.177542,7.7902555,0
49623,-3.3686957,0.024009002,1
49624,11.641457,5.9430757,6
49625,2.7583475,-0.37183225,2
49626,10.133628,3.9795191,6
49627,6.828755,5.19077,3
49628,-0.71290517,-4.208701,1
49629,-0.5582497,13.078254,4
49630,1.3509896,6.2572436,8
49631,3.0660024,5.0248055,5
49632,3.6911757,6.571889,5
49633,11.856299,4.5722976,6
49634,-0.25886515,10.909776,8
49635,-4.2370677,8.775493,7
49636,3.4021564,6.360802,5
49637,-0.55319357,5.1535482,8
49638,6.6018343,5.7908006,3
49639,16.677176,7.2257185,0
49640,-0.008560903,12.373315,9
49641,-4.186927,0.8007319,1
49642,4.6161857,-1.4591508,2
49643,2.5227983,-0.15060845,2
49644,-4.657083,10.101424,7
49645,6.3689256,4.005866,3
49646,-1.1447358,12.943915,4
49647,-1.8820049,13.811858,4
49648,6.347611,5.469085,3
49649,3.6173856,5.4938173,5
49650,6.741291,6.419986,3
49651,11.897963,4.0719995,6
49652,4.7736835,7.0350475,5
49653,-1.654394,9.399463,9
49654,5.036897,4.5537014,3
49655,3.4966245,5.683308,5
49656,5.7002363,4.912359,9
49657,16.002474,6.426711,0
49658,3.5820525,7.3758125,5
49659,11.631201,5.0661077,6
49660,2.0995514,7.1650834,8
49661,-0.6023162,5.5402865,8
49662,-3.6322958,8.072878,7
49663,-1.6737098,9.578968,9
49664,-1.2058103,-3.8030522,1
49665,-1.8560505,13.879953,4
49666,-3.8687782,11.72735,7
49667,-4.187871,0.43981862,1
49668,5.7516527,7.532746,5
49669,-1.1570989,10.151128,9
49670,5.4191537,5.3582864,3
49671,3.7518926,5.1737328,5
49672,4.0004888,6.9338517,5
49673,7.061144,4.8457737,3
49674,1.5687498,-0.8166718,2
49675,16.144213,6.638019,0
49676,-0.27139547,14.57028,4
49677,-0.6392112,5.272051,8
49678,5.7032375,4.7665973,3
49679,-1.5683682,9.848183,9
49680,-2.4996855,-3.4288743,1
49681,-4.2986603,2.20462,1
49682,4.610858,6.933848,5
49683,-1.7154166,14.050116,4
49684,4.9368396,7.0345845,5
49685,16.431707,7.1855555,0
49686,5.4122868,6.795079,5
49687,3.0774145,5.0432606,5
49688,0.4550282,13.426434,4
49689,3.824693,5.2067575,5
49690,-2.6105945,10.873506,9
49691,-3.9475098,8.695056,7
49692,-0.50075674,12.892258,4
49693,11.80006,5.1204267,6
49694,-3.4455142,10.908231,7
49695,15.401054,8.302078,0
49696,1.4029894,12.2239065,9
49697,-2.5492344,-0.25380373,1
49698,-3.4187615,11.28414,7
49699,11.312577,3.178376,6
49700,-0.8871913,15.208058,4
49701,-0.25282368,5.3844576,8
49702,3.0932097,-0.41888982,2
49703,-1.5178859,9.927023,9
49704,0.11704718,6.3306885,8
49705,3.2880874,5.482431,5
49706,-0.9852496,-3.3976815,1
49707,-2.0995822,14.032544,4
49708,4.0997777,6.3914747,5
49709,-4.086446,8.50598,7
49710,1.8487841,12.295683,9
49711,11.022436,3.0868523,6
49712,0.14741783,13.706936,4
49713,15.874215,5.9272056,0
49714,-0.0014951889,11.82591,9
49715,0.26279113,5.285002,8
49716,14.312397,8.096154,0
49717,-2.4253106,-0.49460047,1
49718,10.385409,4.9138303,6
49719,-3.9688115,9.184679,7
49720,15.795009,7.3439293,0
49721,-4.005591,8.663738,7
49722,0.85147244,13.661983,4
49723,-3.868485,1.6325002,1
49724,0.96491826,6.4352975,8
49725,6.532376,4.03437,3
49726,3.612504,7.2076774,5
49727,3.8665671,-0.5822188,2
49728,5.6410327,6.9095173,5
49729,6.5155683,4.038122,3
49730,-0.028708456,11.932681,9
49731,-3.953733,2.3765285,1
49732,6.4709616,4.9915113,3
49733,-1.4180759,13.50306,4
49734,1.6740391,12.465604,9
49735,4.767597,-0.9203119,2
49736,-5.001462,10.032101,7
49737,16.382835,8.297718,0
49738,-4.6968446,11.304255,7
49739,15.956072,8.779884,0
49740,1.2262461,11.968265,9
49741,-1.8550917,13.854983,4
49742,-4.093081,10.331067,7
49743,11.501522,3.4413552,6
49744,1.1244044,5.9451265,8
49745,-1.9332117,13.939919,4
49746,5.337624,5.161504,3
49747,-0.17835732,11.707155,9
49748,6.6393704,5.4700384,3
49749,6.9397545,5.31208,3
49750,14.511945,6.3550243,0
49751,0.47450626,6.211389,8
49752,0.38978398,11.438555,9
49753,-0.85147715,12.983176,4
49754,-0.018144624,13.594542,4
49755,-3.725518,9.401323,7
49756,1.7947702,6.7417245,8
49757,4.5882545,-0.75811034,2
49758,-3.2905488,8.775548,7
49759,5.129181,7.4449053,5
49760,5.9197783,7.638095,5
49761,11.824508,5.6099763,6
49762,2.1382172,-0.34432676,2
49763,7.001391,5.3757386,3
49764,0.5494995,11.646791,9
49765,11.873075,5.5165563,6
49766,0.75374466,6.6436357,8
49767,-1.0615283,9.590182,9
49768,-3.6654685,1.2431258,1
49769,11.775367,4.742706,6
49770,14.011249,6.9975457,0
49771,6.776051,4.5144606,3
49772,11.379215,6.334051,6
49773,2.4538968,-0.17861305,2
49774,14.729856,7.7756114,0
49775,2.5777986,-0.27123752,2
49776,4.0380526,-1.6329151,2
49777,-1.930223,13.844124,4
49778,3.388972,0.072533,2
49779,11.812464,5.7832217,6
49780,16.023287,7.179349,0
49781,2.6915402,-0.060736213,2
49782,2.345892,-0.88725686,2
49783,4.3070016,7.0677085,5
49784,3.2544029,6.9125495,5
49785,4.0006924,6.1009703,5
49786,-2.477585,-3.3519197,1
49787,-3.1449924,-1.8575565,1
49788,4.631261,7.192433,5
49789,6.1265388,5.652603,3
49790,4.0051875,0.7880835,2
49791,7.087696,5.945133,3
49792,3.9877388,0.7601216,2
49793,-1.3878397,9.85094,9
49794,4.811218,6.7577815,5
49795,2.6629446,-0.29419798,2
49796,-0.5510961,-4.2855015,1
49797,4.144556,6.098712,5
49798,0.28226826,12.1169615,9
49799,-3.6920445,9.205947,7
49800,14.907618,8.160617,0
49801,-0.46244216,11.003723,9
49802,11.383204,6.1112986,6
49803,-0.29188922,5.3420744,8
49804,1.7320194,7.6418424,8
49805,3.4431417,-0.85939205,2
49806,-3.2354496,10.511545,7
49807,-3.5768602,0.18006484,1
49808,0.4469739,6.701024,8
49809,7.1843762,5.332066,3
49810,5.275952,5.114199,3
49811,-3.605881,0.35759172,1
49812,-4.930215,10.287512,7
49813,7.0187216,4.9591675,3
49814,6.2223725,4.753596,3
49815,14.663282,7.717376,0
49816,10.927347,3.6595986,6
49817,-1.6629213,-3.6097414,1
49818,-4.2593927,11.151289,7
49819,2.8252938,-1.642974,2
49820,4.114142,7.442683,5
49821,6.981908,5.893706,3
49822,1.0670156,6.9370556,8
49823,0.41645738,13.367533,4
49824,5.820844,7.4575105,8
49825,5.594623,7.4170165,5
49826,6.9233932,6.088023,3
49827,10.152609,4.6807656,6
49828,11.643829,4.0168133,6
49829,-4.599476,12.328711,7
49830,2.1200166,7.592701,8
49831,1.5098336,6.7099395,8
49832,-2.053026,-3.3229735,1
49833,1.2328718,12.002837,9
49834,1.9382626,-1.2627232,2
49835,14.212076,7.170853,0
49836,1.2296711,12.640687,9
49837,-1.0343156,-4.0560164,1
49838,11.698989,6.447942,6
49839,3.0568256,-1.6485913,2
49840,-3.009045,-1.6658745,1
49841,7.047914,5.859861,3
49842,3.6673899,5.8943367,5
49843,0.8088035,13.625816,4
49844,-0.19545034,11.87038,9
49845,5.464687,7.383738,5
49846,-3.5093658,9.75975,7
49847,10.872495,5.8734326,6
49848,14.26209,7.6341677,0
49849,-4.8309393,12.323189,7
49850,0.96868473,14.451157,4
49851,0.6509074,6.59461,8
49852,-4.118828,0.6619228,1
49853,14.296696,7.427163,0
49854,-1.4533482,9.829663,9
49855,-1.4445171,-3.8429673,1
49856,4.3194437,-1.2735164,2
49857,3.0128922,-1.4518359,2
49858,1.325087,14.001891,4
49859,7.0399413,5.978859,3
49860,-0.93149537,-3.374892,1
49861,0.38959232,13.4223995,4
49862,-4.0951643,9.392089,7
49863,5.6937723,7.307382,5
49864,6.8453197,5.183148,3
49865,10.945208,5.9035964,6
49866,-3.9494061,11.631892,7
49867,-5.01129,12.370201,7
49868,6.63838,6.3683624,3
49869,1.4709642,6.790175,8
49870,1.8683804,12.411191,9
49871,1.1065837,12.551955,9
49872,14.6793165,6.493207,0
49873,3.4303272,-1.4551679,2
49874,-0.5711677,14.380315,4
49875,3.5573645,-1.6484919,2
49876,-2.5681632,-2.8698857,1
49877,-4.759036,12.228252,7
49878,-1.6655326,-2.2885458,1
49879,10.805645,5.58802,6
49880,1.8516643,12.0468645,9
49881,0.20085166,13.19316,4
49882,6.1329966,6.739863,3
49883,15.538312,8.742736,0
49884,-1.1238904,-3.892255,1
49885,5.4571075,7.3803873,5
49886,11.365166,6.1352315,6
49887,0.82610697,7.366457,8
49888,-3.3117898,-2.132256,1
49889,14.781212,8.113539,0
49890,2.2588637,13.038936,5
49891,1.0379791,12.378141,7
49892,1.307635,12.572086,5
49893,7.0921726,5.7309413,3
49894,14.312303,7.1806173,0
49895,5.9218,7.1721134,5
49896,6.2461233,6.333093,3
49897,0.7442782,13.571331,4
49898,1.2615999,12.255158,9
49899,-2.3979616,-3.6623743,1
49900,10.30923,4.7302456,6
49901,0.4769056,6.8855915,8
49902,-1.1320314,-2.7145252,1
49903,14.261657,6.09468,0
49904,-0.16554417,14.459225,9
49905,5.903126,7.3072867,5
49906,-3.371687,10.906036,7
49907,3.5692136,-1.8037003,2
49908,2.51302,-0.30291644,2
49909,-4.3029566,12.036862,7
49910,10.039805,2.4521809,6
49911,2.8991022,-1.4211087,2
49912,6.587237,4.874571,3
49913,6.773505,5.221094,3
49914,3.726198,-0.92556375,2
49915,10.432661,5.2438645,6
49916,1.8978199,-0.47664404,2
49917,2.9448948,-1.1753417,2
49918,-3.162425,9.802077,7
49919,-0.5222483,-4.3011923,1
49920,-1.510846,13.544766,4
49921,-4.4239593,12.188937,7
49922,4.869063,7.326965,5
49923,1.0391524,12.508154,7
49924,15.991994,8.871376,0
49925,0.32155803,12.516329,9
49926,5.4182367,5.8294425,3
49927,-0.93355495,-3.0608323,1
49928,2.9338863,6.589999,5
49929,3.588872,-1.4435561,2
49930,10.557856,3.9477212,6
49931,10.380866,5.133743,6
49932,-2.610476,-1.691963,1
49933,-4.3276224,12.286562,7
49934,0.90302896,14.279565,4
49935,5.4161744,7.4557414,5
49936,4.072911,-1.3335325,2
49937,0.26479256,13.236809,4
49938,6.8011684,6.3589563,3
49939,14.745941,8.063273,0
49940,-0.20627388,14.547833,4
49941,-2.4290006,-3.4749029,1
49942,1.1870886,14.654985,4
49943,-2.2222385,-3.809906,1
49944,-0.27249756,12.231857,9
49945,0.34139615,12.729108,9
49946,5.174999,5.0178504,3
49947,1.1503712,6.904214,8
49948,5.702294,4.7667065,3
49949,14.110774,7.4932523,0
49950,4.83167,7.5559077,5
49951,4.0051384,-1.5155661,2
49952,15.2958975,5.98224,0
49953,14.584058,8.445355,0
49954,14.482419,7.4316998,0
49955,7.104293,5.3647013,3
49956,0.7073787,12.473942,9
49957,5.7675533,7.2811723,5
49958,-5.090616,12.116044,7
49959,10.809049,5.7998576,6
49960,9.806909,3.8742652,6
49961,-1.0888408,-4.0639577,1
49962,2.3874872,0.054585893,2
49963,0.82603663,7.169562,8
49964,-2.682991,-2.6225173,1
49965,11.125401,6.058119,6
49966,6.105093,5.2139597,3
49967,1.0968732,14.036821,4
49968,4.9691033,4.840825,3
49969,11.242741,6.0982337,6
49970,11.2207985,5.5130286,6
49971,14.431432,8.417838,0
49972,-3.665224,-0.6849921,1
49973,0.70344186,12.37025,9
49974,14.153943,7.635601,0
49975,2.4863172,-1.0989611,2
49976,3.0140805,-0.4658847,2
49977,10.9296055,5.8404374,6
49978,-3.9865935,11.572591,7
49979,0.17924477,13.14484,4
49980,-4.1228004,11.323765,7
49981,7.051824,4.9965267,3
49982,-0.352215,14.77675,4
49983,1.5628347,12.36225,9
49984,1.1381555,11.9080925,9
49985,7.12309,5.3428326,3
49986,-3.734342,9.718948,7
49987,14.187051,5.817088,0
49988,-0.40399188,11.015523,9
49989,14.555921,7.2469897,0
49990,1.2959123,7.3630137,8
49991,5.8844547,7.1250315,5
49992,4.9159913,7.6185207,5
49993,3.0191004,-1.6976553,2
49994,0.31117922,14.108349,4
49995,5.749232,7.349453,5
49996,15.499344,8.298973,0
49997,1.6558208,6.973854,8
49998,-0.21109992,13.300373,4
49999,1.3933824,7.558861,8
50000,5.856477,4.7471137,3
50001,1.2663412,7.262634,8
50002,11.33327,4.560189,6
50003,1.0285183,12.1708765,9
50004,11.184859,5.542804,6
50005,0.23388319,12.77747,4
50006,2.555786,5.5263534,5
50007,6.7798605,5.709459,3
50008,0.40762946,6.654657,8
50009,0.16665544,12.8698435,4
50010,3.5612473,7.237776,5
50011,2.9532738,-1.3858908,2
50012,6.5445476,4.749462,3
50013,1.0067604,7.2881975,8
50014,-0.2832018,13.862969,4
50015,0.68934953,7.0826063,8
50016,-0.8040447,-3.875343,1
50017,5.5185046,7.2315936,5
50018,14.37241,7.826474,0
50019,5.246353,7.327305,5
50020,-1.7841771,10.557401,9
50021,-3.7191474,10.938051,7
50022,0.2517364,13.761051,4
50023,-0.5980782,-3.9525278,1
50024,16.090546,8.589454,0
50025,6.6945143,5.7594557,3
50026,14.125289,7.7090535,0
50027,10.819813,5.888206,6
50028,2.0162807,-0.79937035,2
50029,1.6628845,12.35058,9
50030,0.10920431,11.521008,9
50031,0.45454836,13.322879,4
50032,-2.0566583,-1.1130948,1
50033,6.7350397,4.9648776,3
50034,11.287613,6.171346,6
50035,1.1748363,6.876504,8
50036,15.895979,6.820344,0
50037,-4.155887,11.921626,7
50038,-3.5204494,9.544297,7
50039,10.846077,5.626207,6
50040,1.7375925,6.9715714,8
50041,0.89465266,12.337515,9
50042,15.007979,8.595904,0
50043,5.780326,6.2995358,3
50044,-0.035537988,6.2935696,8
50045,6.766693,5.848498,3
50046,-3.9468453,8.345284,7
50047,-4.2734585,11.956999,7
50048,1.4756763,6.726575,8
50049,-0.20270953,13.241111,4
50050,-0.3801458,13.974646,4
50051,-0.99395305,-3.9705431,1
50052,4.7944794,-1.3328774,2
50053,1.6646546,12.691214,9
50054,1.0150399,7.6289625,8
50055,-1.4127743,-3.9435136,1
50056,-1.6482805,-4.075763,1
50057,14.211031,7.306932,0
50058,9.930824,3.7560523,6
50059,11.626613,6.5072126,6
50060,3.2728646,6.7834053,5
50061,15.781062,8.049356,0
50062,-1.9763274,-1.2937645,1
50063,-1.9790539,-1.640017,1
50064,-3.7209408,11.457618,7
50065,2.1923954,-0.48485148,2
50066,-4.06564,9.338699,7
50067,5.1645007,4.772575,3
50068,-0.9437161,-4.4535723,1
50069,0.19831862,13.7076235,4
50070,15.188291,8.040323,0
50071,3.8515797,6.1308503,5
50072,14.98085,8.704159,0
50073,10.532189,2.6627035,6
50074,-0.01974774,7.3366466,8
50075,-3.2837336,9.138893,7
50076,10.641523,5.124189,6
50077,0.6297561,6.532513,8
50078,5.400387,5.125775,9
50079,-0.6232649,11.515828,9
50080,0.40674123,14.695508,4
50081,15.838478,6.521288,0
50082,11.165808,6.112447,6
50083,-2.5319285,-0.41456357,1
50084,1.8850862,12.80363,9
50085,2.1792552,-1.0413663,2
50086,10.364679,3.2249773,6
50087,5.2509885,4.011037,3
50088,-2.6415994,9.147928,9
50089,0.7427502,14.954409,4
50090,0.2801521,13.192444,4
50091,3.111167,4.4463634,5
50092,10.47342,4.5059104,6
50093,11.379434,3.2309222,6
50094,-1.4546827,-3.5816445,1
50095,-4.5854278,9.392683,7
50096,2.9007633,-0.22412528,2
50097,-0.26923007,6.268229,8
50098,10.419131,3.7292147,6
50099,-1.2056744,11.084967,9
50100,-3.5089276,10.716139,7
50101,15.109225,6.7004743,0
50102,-1.5392843,10.72802,9
50103,-1.3152807,-2.78588,1
50104,10.877186,5.5666375,6
50105,1.946466,-0.7237739,2
50106,1.5694253,7.3652606,8
50107,5.571808,4.458965,3
50108,10.964989,5.5404596,6
50109,-0.07658685,13.530462,4
50110,-1.5932944,10.859967,9
50111,3.2737408,5.506352,5
50112,0.96228474,6.9613485,8
50113,10.988661,2.8784728,6
50114,1.2022021,6.5496807,8
50115,-4.3531537,9.807316,7
50116,1.8426168,7.6153283,8
50117,-0.26442152,6.4596186,8
50118,10.9583,4.9939137,6
50119,-0.8156014,11.53227,9
50120,-1.5394611,13.317734,1
50121,-4.48311,10.750592,7
50122,10.535123,4.4745564,6
50123,15.587815,7.1534586,0
50124,1.0433342,12.498544,9
50125,11.120789,4.38646,6
50126,-5.398659,12.136466,7
50127,15.088671,6.7306685,0
50128,0.0882072,12.065753,9
50129,-4.629582,10.324559,7
50130,-2.7750695,-0.695916,1
50131,6.674565,5.2371297,3
50132,10.345638,2.6414351,6
50133,1.090052,5.752282,8
50134,-0.7480089,13.186266,4
50135,10.553223,2.288918,6
50136,-3.535614,-1.2261162,1
50137,-5.386915,10.296381,7
50138,3.1455889,6.1900105,5
50139,-2.4787776,-2.6813757,1
50140,6.841479,5.404255,3
50141,5.6260223,4.1896324,3
50142,2.9631035,5.022788,5
50143,-4.866533,11.55232,7
50144,-0.4624395,10.7348995,9
50145,-0.28905252,11.295876,9
50146,10.731218,3.231487,6
50147,-4.9326143,10.445911,7
50148,7.0843987,5.7976856,3
50149,0.47781974,14.958401,4
50150,-2.9201686,-2.7081428,1
50151,15.642151,6.632608,0
50152,0.6505838,13.755415,4
50153,2.7690115,-0.46572855,2
50154,0.8214334,14.323009,4
50155,4.633346,6.3819475,5
50156,16.282858,7.597506,0
50157,15.952837,6.7071586,0
50158,-3.659311,-0.29602534,1
50159,11.353451,2.7747347,6
50160,11.49372,3.858563,6
50161,0.60388565,14.204611,4
50162,-3.3616576,8.24524,7
50163,-0.39367563,11.048064,9
50164,1.245351,14.445797,4
50165,10.674944,3.0336552,6
50166,4.590038,6.1876793,5
50167,2.4998744,-0.4681132,2
50168,10.667837,3.801987,6
50169,-0.01624743,11.266786,9
50170,0.43220755,6.1228166,8
50171,0.61292213,5.72271,8
50172,0.3287242,5.929059,8
50173,4.3072352,6.466123,5
50174,-1.7643358,10.867505,9
50175,6.3500333,4.43099,3
50176,1.7975625,6.854903,8
50177,-0.20665745,11.42029,9
50178,1.1922985,6.3375535,8
50179,0.58556646,5.9389863,8
50180,-0.7218192,6.244171,8
50181,6.4964232,3.835602,3
50182,0.87245375,14.083268,4
50183,-0.34540626,13.887792,4
50184,6.5865016,5.4342546,3
50185,15.73136,6.7399697,0
50186,0.57006115,12.361366,9
50187,3.7213433,6.244219,5
50188,0.5294622,15.040581,4
50189,-0.19275245,13.969868,4
50190,-1.295144,-2.615852,1
50191,0.02124805,6.0431104,8
50192,15.248761,7.3332148,0
50193,11.130082,3.3303037,6
50194,-0.5244413,-4.167973,1
50195,5.1163745,4.559277,3
50196,2.384938,-1.2691495,2
50197,15.4189205,6.6472487,0
50198,0.68412805,5.5840755,8
50199,10.422436,2.952057,6
50200,14.668628,6.658352,0
50201,5.542212,3.983461,3
50202,4.8801885,7.933946,5
50203,-0.63421977,13.784451,4
50204,-1.0341735,10.336857,9
50205,15.455851,6.2022414,0
50206,6.8772116,5.2006507,3
50207,-1.9385544,-1.5099014,1
50208,14.230567,8.097698,0
50209,-1.4369314,10.910929,9
50210,5.1784077,5.092294,3
50211,2.458622,-0.49022517,2
50212,1.625712,7.399997,3
50213,5.5417976,5.0320964,3
50214,6.8581786,6.196354,3
50215,-3.8030937,9.52061,7
50216,0.5724296,13.962846,4
50217,-0.4601884,10.450176,9
50218,3.1464927,-0.70718986,2
50219,-3.1548016,1.0467266,1
50220,11.177638,4.632858,6
50221,2.541099,-0.07272256,2
50222,-0.8910509,-3.731958,1
50223,3.366127,7.092781,5
50224,-3.37114,10.871941,7
50225,-2.4176247,-1.2556423,1
50226,0.58436656,12.0560465,9
50227,-3.816406,10.229171,7
50228,1.256844,11.567654,9
50229,2.2729843,-1.2080864,2
50230,2.428075,-0.06223958,2
50231,0.5498887,7.447389,8
50232,-3.3473337,-2.0417407,1
50233,-5.427303,11.952694,7
50234,-3.797112,9.166892,7
50235,15.17767,6.0206776,0
50236,14.57897,5.547081,0
50237,-1.4313791,-2.225504,1
50238,1.1192573,6.42015,8
50239,16.329655,8.286267,9
50240,14.635421,8.181613,0
50241,11.125038,3.4328976,6
50242,10.436469,5.016938,6
50243,-0.9897857,14.457637,4
50244,-3.405301,9.645099,7
50245,0.18027683,11.16446,9
50246,4.7191005,5.5012107,8
50247,1.9228826,-0.62243384,2
50248,1.9759556,12.271365,9
50249,-2.7206633,-3.0716362,1
50250,4.0010104,7.32198,5
50251,1.8297002,-0.66377807,2
50252,3.2971053,5.849632,5
50253,5.453648,4.8547997,3
50254,-5.0279408,11.441453,7
50255,-4.07475,10.104774,7
50256,14.332804,5.7507124,0
50257,15.599398,6.5399485,0
50258,1.8946341,7.37108,8
50259,2.4042716,-0.4498208,2
50260,4.9565144,4.765412,3
50261,-2.1340332,-0.9869523,1
50262,5.4125667,5.5208993,3
50263,4.4892535,6.8613644,5
50264,-2.511138,-3.1839356,1
50265,6.2014112,4.5584254,3
50266,10.301036,4.2427554,6
50267,0.5970803,14.289058,4
50268,0.012104079,6.8144026,8
50269,-5.2434816,11.673285,7
50270,11.328199,4.391906,6
50271,1.9307176,-0.7104633,2
50272,2.0042157,6.792046,8
50273,-2.3843746,-3.3951795,1
50274,0.72932076,5.6821737,8
50275,10.901065,3.0753047,6
50276,10.255382,4.8660164,6
50277,0.99809414,6.5685186,8
50278,-4.0677223,9.543977,7
50279,3.3509257,7.0093503,5
50280,11.344946,5.955038,6
50281,15.459818,7.2024226,0
50282,0.6056444,14.206943,4
50283,0.42744437,6.4292336,8
50284,-1.5823432,14.367484,4
50285,-1.3843155,11.206057,9
50286,5.9560723,4.665669,3
50287,2.6070006,-0.83511555,2
50288,6.834654,6.2031727,3
50289,10.927852,3.009609,6
50290,1.749929,-0.60158354,2
50291,14.941034,8.659831,0
50292,-2.7621617,-2.6315196,1
50293,-1.9566702,-1.8028529,1
50294,11.727635,6.5484886,6
50295,4.400913,-1.2112372,2
50296,5.851144,7.7047596,5
50297,5.7070355,5.7450743,3
50298,15.571426,8.799614,0
50299,0.74174386,14.394814,4
50300,6.7481513,5.3007593,3
50301,4.182014,6.431862,5
50302,1.0039742,6.3553576,8
50303,10.804892,3.3253884,6
50304,1.995228,12.937492,9
50305,-5.1436453,11.28025,7
50306,5.5711627,4.2828875,8
50307,-0.92129284,5.692501,8
50308,6.4226274,5.2765503,3
50309,-0.04596233,11.826088,9
50310,15.1278715,7.0385303,0
50311,15.9832,8.518733,0
50312,5.4190326,5.3582153,3
50313,-3.2989385,-0.20827271,1
50314,-0.01831121,14.134483,4
50315,3.7295575,-0.7291867,2
50316,2.885532,5.8279386,5
50317,6.4367385,6.578123,3
50318,-0.97265446,10.367995,9
50319,0.14673164,15.105232,4
50320,5.6815143,7.090674,5
50321,3.3007646,6.5859003,5
50322,5.578438,6.9923835,5
50323,10.591706,3.1445825,6
50324,14.994757,8.841949,0
50325,-5.437818,11.19442,7
50326,-2.2311537,-2.860912,1
50327,-0.83902425,5.442644,8
50328,15.221907,6.352003,0
50329,-5.041243,10.111804,9
50330,6.3341103,4.6936617,3
50331,15.691957,7.028777,0
50332,2.8286998,6.3258953,5
50333,-2.849646,-0.6005104,1
50334,2.5085561,-0.4235258,2
50335,4.0240264,-0.8356231,2
50336,5.562295,5.4719257,3
50337,7.0414805,4.8645387,3
50338,-4.105123,2.0557024,1
50339,-0.88343364,15.096414,4
50340,3.7275608,-0.8503182,3
50341,3.3455842,6.061078,5
50342,6.0530243,7.5138774,8
50343,10.76584,2.3003213,6
50344,14.891874,8.773558,0
50345,-5.431733,10.404136,7
50346,-0.80627877,5.070541,8
50347,-0.57287234,5.230505,8
50348,3.860162,-0.011166697,2
50349,-1.6563268,9.8565035,9
50350,-2.0923097,-1.2017472,1
50351,-4.9723134,11.874685,7
50352,3.9049213,7.220226,5
50353,15.538234,5.8394136,0
50354,14.496551,7.042646,0
50355,10.27632,2.1986318,6
50356,-1.5469861,-3.9009554,1
50357,15.895314,6.1091847,0
50358,1.2678548,12.17729,9
50359,-3.9992554,0.34574252,7
50360,-4.157569,11.185401,7
50361,6.6989517,4.790773,3
50362,-1.4670604,-3.9544096,1
50363,0.47317106,5.7601995,8
50364,5.725915,5.7331033,3
50365,-5.049063,10.195605,7
50366,2.8537662,6.460615,5
50367,-2.0925715,-1.145113,1
50368,4.7828546,5.005399,2
50369,0.55058783,11.244064,3
50370,-4.1239667,11.766876,7
50371,-5.2328467,10.098714,7
50372,6.9976144,4.8044677,3
50373,-0.35173965,11.009762,9
50374,5.7557,5.335893,3
50375,-5.0224338,10.197683,7
50376,-5.1551695,11.088925,7
50377,-0.8041651,15.239478,4
50378,5.5782304,5.688063,3
50379,16.354221,7.4097176,0
50380,-3.968482,9.789548,7
50381,4.6184754,-1.4313078,2
50382,-3.3275776,10.633818,7
50383,2.8016064,5.5734844,5
50384,1.1296823,11.933701,9
50385,16.348059,7.647663,0
50386,-0.798347,11.724497,9
50387,10.65097,2.3555782,6
50388,1.4290212,14.717899,4
50389,-0.07011395,15.029736,4
50390,14.673061,7.7066236,0
50391,0.86400884,14.4586735,9
50392,-3.3972416,10.75978,7
50393,-0.9255577,5.166948,8
50394,0.28734678,6.04878,8
50395,3.383959,5.889463,5
50396,-1.4402217,-2.8875258,1
50397,-2.4880815,-1.2909921,1
50398,3.6325223,6.9544115,5
50399,3.773941,5.4129663,5
50400,-3.6330264,0.18649122,1
50401,6.715808,4.209064,3
50402,10.054245,3.381714,6
50403,1.8275183,12.540887,3
50404,-1.7635626,-3.8769846,1
50405,-0.8570896,14.910959,4
50406,5.972173,7.531794,5
50407,15.449895,7.3440995,0
50408,0.71947783,12.204715,9
50409,2.939979,5.225983,5
50410,2.0101886,7.7635994,8
50411,-1.576259,14.726438,4
50412,6.5520277,5.4622593,3
50413,0.035324287,5.4140315,8
50414,6.8068104,4.915197,9
50415,11.206041,3.4921575,6
50416,0.2863769,14.788385,4
50417,-0.040115442,6.0612025,3
50418,11.621582,6.5065885,6
50419,-1.4618616,13.819086,4
50420,4.3539243,7.239864,5
50421,0.43988857,6.1095576,8
50422,4.715934,7.715601,5
50423,15.626844,6.3467193,0
50424,14.403292,6.025289,0
50425,10.816915,2.4527717,6
50426,-4.3103724,0.87229836,7
50427,-1.2984055,15.021413,4
50428,14.208652,5.9959803,6
50429,-4.0696077,2.777585,8
50430,4.4491115,6.607171,5
50431,0.36194402,12.070253,3
50432,0.9748636,13.931114,4
50433,-1.4163133,14.494398,4
50434,15.650497,8.538204,0
50435,15.623225,6.814037,0
50436,0.12313902,12.45019,9
50437,-3.3958876,0.1539013,1
50438,-5.0535994,11.366285,7
50439,-0.40430441,11.2997055,9
50440,-3.4737113,10.940051,7
50441,4.076512,-1.6787306,2
50442,1.8359902,6.9662933,8
50443,-5.3748207,10.867706,7
50444,14.844411,7.5080056,0
50445,0.13427432,11.24818,9
50446,1.9531597,-0.6694502,2
50447,-3.2246783,1.1241293,1
50448,0.8755555,6.0431113,8
50449,3.8053622,-0.3174286,2
50450,-0.47010887,13.92515,4
50451,3.6193845,6.3677135,5
50452,2.0833862,-0.13512845,2
50453,-2.0568984,-1.5476753,1
50454,1.7741566,-0.5781373,2
50455,-4.881605,10.205956,7
50456,2.7077272,5.7662854,5
50457,3.4784212,-1.3645389,2
50458,0.79736525,11.803782,9
50459,-0.8545113,5.031679,8
50460,3.611419,6.861073,5
50461,-5.149918,10.143363,7
50462,-0.44049332,15.030453,9
50463,15.820766,7.85097,0
50464,-3.6491237,10.481506,7
50465,-3.1027572,-0.18447295,1
50466,1.40429,14.5659275,4
50467,0.30724078,11.0770855,9
50468,-5.1275706,11.275773,7
50469,10.457854,2.1994317,6
50470,5.6992483,6.6582627,3
50471,-1.9333805,15.1202345,4
50472,-2.1807692,-0.84352946,1
50473,0.16232128,11.995795,9
50474,2.0637584,-0.5190445,2
50475,3.5851092,-1.7952687,2
50476,14.74595,6.002784,0
50477,-3.6850946,0.46920782,1
50478,3.9490411,-0.996673,2
50479,4.437514,-1.5956572,2
50480,14.058105,7.098633,0
50481,6.2314973,6.2254953,3
50482,-3.9842668,0.6248777,1
50483,-5.1876125,10.274662,7
50484,3.7136867,6.5719643,5
50485,14.963449,6.1670465,0
50486,-0.23042561,14.231192,4
50487,4.501556,-1.0034757,2
50488,-5.052807,11.14727,7
50489,-4.077578,1.4600132,1
50490,0.6885245,12.037443,9
50491,5.7122927,4.6966453,3
50492,16.040121,6.796263,0
50493,-3.8367736,0.76399374,1
50494,10.168286,2.4921973,6
50495,3.8167942,-0.9179715,2
50496,3.2711625,-1.2109361,2
50497,3.2776663,4.7677073,5
50498,-3.7480855,0.547719,1
50499,0.65887713,5.67905,8
50500,6.6946363,4.5767193,3
50501,-4.2797265,0.7968268,1
50502,-0.124238685,13.78576,4
50503,10.717491,2.7481866,6
50504,3.1293437,-1.3970759,2
50505,2.0439446,4.53767,8
50506,10.348916,2.7603815,6
50507,2.8406737,6.06809,5
50508,2.6648905,-1.0835048,2
50509,10.670888,2.2872808,6
50510,1.0305821,14.217468,4
50511,16.205706,7.0452027,0
50512,1.1331772,7.119648,8
50513,-0.2477099,5.2108436,8
50514,7.0696874,4.794198,8
50515,-0.8188498,11.291188,9
50516,5.951347,6.341004,3
50517,-1.3152952,14.7606325,4
50518,15.81104,8.600485,0
50519,-0.62829775,10.349886,9
50520,-4.662749,11.23622,7
50521,4.806395,-1.0609376,2
50522,-1.9873894,11.17872,9
50523,14.851268,8.696741,0
50524,0.6240758,5.844597,8
50525,-0.853082,-3.4553013,1
50526,14.759771,7.204817,0
50527,3.5910215,-1.7794864,2
50528,1.3392609,11.7466345,9
50529,6.04133,6.101909,3
50530,0.8082027,7.634846,8
50531,1.0566735,13.6062155,4
50532,0.3634068,6.29312,8
50533,4.59675,7.3266153,5
50534,14.524345,7.074788,0
50535,1.2762326,7.6627336,8
50536,2.96051,12.199981,7
50537,1.6664563,12.351009,9
50538,2.5351808,-0.5937918,2
50539,15.247043,8.271722,0
50540,4.796051,7.5315228,5
50541,-1.1902473,-3.2720587,1
50542,15.197475,7.136699,0
50543,3.1327646,-0.5690102,2
50544,1.2002714,12.521484,9
50545,5.542074,5.6446457,3
50546,1.7209731,-0.11635974,2
50547,0.93914133,13.584465,4
50548,1.7232057,6.852915,8
50549,5.0786138,7.6243978,5
50550,-2.819409,0.027184725,1
50551,10.859319,5.5737085,6
50552,0.8668883,6.987963,8
50553,-3.4312294,11.265467,7
50554,4.9058247,5.424446,3
50555,1.1639749,7.589898,8
50556,11.58005,6.260191,6
50557,1.0335661,12.154688,9
50558,0.8961716,12.24043,9
50559,14.791441,8.649917,0
50560,6.044163,6.552577,3
50561,-1.7757531,-3.6724722,1
50562,-0.5539027,10.428185,9
50563,3.389991,-1.6831212,2
50564,-0.25329497,13.30014,4
50565,6.717426,5.9131703,3
50566,15.128276,8.509795,0
50567,0.93531424,13.621484,4
50568,4.0022025,-0.39414063,2
50569,4.3436003,7.3749466,5
50570,4.7621536,7.198403,5
50571,0.96212035,7.6756725,8
50572,-3.8356829,9.85464,1
50573,5.736928,7.1756544,5
50574,4.7298174,6.770685,5
50575,3.5097547,-0.8653923,2
50576,3.4560468,0.1835139,2
50577,-1.6887976,-3.5692952,1
50578,-1.4254719,11.549037,9
50579,-4.7503247,11.510774,7
50580,11.807809,5.671052,6
50581,3.77345,-1.7752994,2
50582,-2.3373742,-2.575872,1
50583,0.046827152,13.182329,4
50584,11.962686,6.116913,6
50585,-1.7545897,-3.1304,1
50586,14.533527,7.1544733,0
50587,-0.21328713,13.238222,4
50588,11.58459,5.0594826,6
50589,-1.9698263,-3.770356,1
50590,9.856163,2.9674544,6
50591,-0.37602097,13.269182,4
50592,4.973315,7.395204,5
50593,1.0187701,11.798676,9
50594,10.857453,4.331131,6
50595,10.664843,5.13412,6
50596,0.66172993,6.809594,8
50597,1.2002107,7.4511976,8
50598,10.45702,5.0825915,6
50599,0.8077092,14.036049,4
50600,-1.5480616,-3.5040236,1
50601,4.5438943,7.577209,5
50602,5.3595295,7.691919,5
50603,5.6552963,6.024942,3
50604,0.90691257,6.9848213,8
50605,-3.414436,10.569649,7
50606,1.4652826,14.343965,4
50607,0.85276794,7.68775,8
50608,-1.3189496,-3.5456998,1
50609,0.4551565,14.633553,4
50610,10.078637,3.987887,6
50611,5.914884,5.9459367,3
50612,10.316877,2.3992972,6
50613,6.0026813,5.894214,3
50614,-3.5038478,10.510951,7
50615,5.1128864,6.98836,5
50616,1.0194893,14.448057,4
50617,14.843791,8.662541,0
50618,2.8287296,6.0000663,6
50619,11.404551,4.916048,6
50620,-4.7848787,9.1748705,7
50621,-1.6077639,-2.7613564,1
50622,11.678087,6.228125,6
50623,10.615605,5.2793374,6
50624,3.8661902,6.691159,5
50625,1.1896099,7.6846066,8
50626,1.8796299,6.9428415,8
50627,-4.3144903,11.385937,7
50628,14.528132,8.205977,0
50629,15.551325,8.498423,0
50630,14.404105,8.348227,0
50631,-2.134918,-3.4255238,1
50632,-4.078646,9.626454,1
50633,5.2452464,7.541881,5
50634,1.2433771,7.6817346,8
50635,10.903688,5.394661,6
50636,1.5331942,14.628378,4
50637,14.656185,7.5567923,0
50638,15.282259,8.417374,0
50639,0.8589199,7.774897,8
50640,2.123257,-0.4031373,2
50641,5.0182834,7.4636664,5
50642,2.3587499,-0.07016634,2
50643,14.681206,7.598381,0
50644,5.9515586,5.1121535,3
50645,11.279197,5.665597,6
50646,-2.6499767,-2.544845,1
50647,-2.0407684,-3.5927336,1
50648,-3.3575418,11.065398,7
50649,5.4151025,7.0918407,5
50650,4.8296666,6.3291435,5
50651,0.86656755,7.30133,8
50652,-3.0576215,-2.0918946,1
50653,-0.44723082,13.825284,4
50654,15.02893,7.0888915,0
50655,-3.681156,10.142375,7
50656,-0.82002795,13.251139,4
50657,11.491148,5.826723,6
50658,6.8001904,5.902394,3
50659,1.88768,12.474078,9
50660,-0.23104969,5.212276,8
50661,-1.8572252,-3.6020772,1
50662,4.714633,7.7570133,5
50663,1.4692472,11.920794,9
50664,2.9780908,12.197923,7
50665,-4.1908627,11.143151,7
50666,11.305614,6.052963,6
50667,-1.4931581,-4.0037475,1
50668,-5.0906315,12.137615,7
50669,3.236159,-0.72397065,2
50670,10.182235,2.6983457,6
50671,5.4180264,5.287619,3
50672,7.04694,5.8694353,3
50673,0.4415206,13.501434,4
50674,3.5605094,-1.3389959,2
50675,5.038245,7.520013,5
50676,4.2198944,-1.8409469,2
50677,5.2706294,7.654435,5
50678,-0.5272231,-4.4264307,1
50679,5.882323,6.1791873,3
50680,5.645588,6.167005,3
50681,-4.493008,11.517231,7
50682,-3.663097,-0.5550784,1
50683,5.8027124,6.1655717,3
50684,15.5428505,8.5716915,0
50685,-2.19968,-3.7057722,1
50686,-1.2591872,11.770881,9
50687,0.84133863,7.682809,8
50688,6.5714903,4.9564576,3
50689,3.6547158,-1.9603509,2
50690,5.225446,7.871155,5
50691,3.133685,-1.6406609,2
50692,0.14195913,6.823674,8
50693,6.024856,6.387668,3
50694,0.5480906,13.990703,4
50695,4.4909983,-1.7889622,2
50696,14.145508,7.6943197,0
50697,-3.765064,10.184964,7
50698,1.8144926,12.178096,9
50699,-0.1320064,13.781809,4
50700,-3.126519,10.388319,2
50701,1.4844177,11.953482,9
50702,2.0859568,7.021097,8
50703,1.993901,12.209998,9
50704,0.43299648,14.059263,4
50705,3.779974,-1.7491457,2
50706,-5.2245574,11.769349,7
50707,0.9233723,7.0264106,8
50708,-3.720876,9.056205,7
50709,-2.522779,-2.5952032,1
50710,0.6299036,11.908319,9
50711,1.306183,7.712376,8
50712,-0.33043057,11.630604,4
50713,5.50024,5.8418927,3
50714,6.602249,4.79787,8
50715,0.5562419,7.2225337,8
50716,2.2973897,-0.7936102,2
50717,5.534542,5.6369386,3
50718,5.0364404,6.330706,5
50719,11.472,6.1896496,6
50720,1.8672516,-0.7007335,2
50721,-3.6496484,11.224254,7
50722,3.6397269,-1.7945182,2
50723,14.891685,8.290689,0
50724,-0.9854375,10.601973,9
50725,-0.071575224,13.684183,4
50726,6.8865576,5.0360107,3
50727,15.243163,8.683614,0
50728,5.9813766,7.4088445,3
50729,14.207898,6.1775265,0
50730,-4.23369,8.953928,7
50731,-1.7584212,-2.7668831,1
50732,-4.8957105,10.220631,7
50733,2.1657102,-0.3577435,2
50734,4.836878,7.940711,5
50735,5.769114,5.3359985,3
50736,1.6640474,-0.023713788,2
50737,-0.7730241,12.63138,4
50738,5.747542,7.6652384,8
50739,4.51288,6.993865,5
50740,3.4240193,8.17842,8
50741,10.384398,4.1821694,6
50742,-4.538985,10.815771,7
50743,-3.2568595,9.659654,7
50744,3.5493681,-0.8153851,2
50745,0.99290746,6.9862604,8
50746,-1.2213849,11.72368,9
50747,0.11205839,11.3437395,9
50748,2.1010947,-0.2978734,2
50749,14.414514,6.4407825,0
50750,15.245275,6.264291,0
50751,-1.6646419,-3.0413792,1
50752,1.7438344,12.239753,9
50753,2.2249446,-0.32410967,2
50754,-0.7250418,11.634697,9
50755,6.862514,5.1388917,3
50756,-3.7079635,10.119757,2
50757,-0.8432086,12.831206,4
50758,0.8527092,12.71144,9
50759,4.381924,6.9109416,5
50760,-3.734335,10.210131,7
50761,10.958392,4.886966,6
50762,-0.090787835,6.601801,8
50763,-3.6244087,9.938276,7
50764,2.721305,5.6466093,5
50765,1.360987,6.747411,8
50766,3.0804992,6.458763,5
50767,-0.1919119,11.36939,9
50768,3.8860729,6.9151444,5
50769,14.433491,6.373266,0
50770,5.9522734,6.4267836,3
50771,-2.0303094,-2.2330859,1
50772,-2.980337,-2.7927153,1
50773,2.2104986,-0.32814425,2
50774,14.342898,7.139117,0
50775,6.952775,4.904909,3
50776,10.077707,3.6295543,6
50777,-0.92898625,12.516124,4
50778,3.6501899,5.8771644,5
50779,4.534346,6.712164,5
50780,10.383082,4.019735,6
50781,10.734585,4.458977,6
50782,4.154265,7.648549,5
50783,-3.508619,9.946735,7
50784,2.0159025,12.790795,9
50785,0.8681379,6.7842298,8
50786,4.778386,6.9061956,5
50787,-0.25332475,11.045717,9
50788,-3.1151123,-0.81647015,1
50789,-1.2814404,-2.7435074,1
50790,1.5435416,6.701982,8
50791,1.5795333,7.5391774,8
50792,-4.521376,10.826875,7
50793,10.499055,4.2534175,6
50794,-4.711504,11.865702,7
50795,-4.0068274,10.532538,7
50796,-3.4099357,11.176495,7
50797,-1.571578,-3.070644,1
50798,0.740362,11.859061,9
50799,-1.6407826,-2.6923018,1
50800,3.1288786,6.2719965,5
50801,-0.7790903,12.681712,4
50802,3.6626415,-1.9321837,2
50803,6.90749,5.080027,3
50804,14.77985,7.1441474,0
50805,-3.217826,9.731714,7
50806,2.1621509,12.610674,9
50807,-0.18740122,11.338682,9
50808,15.860595,8.6418085,0
50809,5.7691154,5.463156,3
50810,11.257669,5.4193,6
50811,10.330208,4.3495355,6
50812,2.6177368,-0.15458389,2
50813,14.489717,6.3281994,0
50814,4.011602,-1.8041403,2
50815,5.878122,5.3307753,3
50816,1.9800426,12.583386,9
50817,10.343318,4.204232,6
50818,11.785218,5.375631,6
50819,-1.1407999,11.920096,4
50820,15.464431,8.646552,0
50821,1.1853893,7.3819346,8
50822,-4.4547668,10.624707,7
50823,10.263576,3.93567,6
50824,5.7566953,6.012385,3
50825,14.350174,6.161981,0
50826,4.2963276,-1.7788506,2
50827,-1.4344995,-2.9061007,1
50828,15.441583,5.8096614,0
50829,-1.5172468,-3.0355844,1
50830,-3.1860006,0.076441914,1
50831,4.497373,6.608282,5
50832,-1.4292139,11.112615,9
50833,0.23852777,11.785568,9
50834,5.8981247,5.2133446,3
50835,-0.8309547,12.6787615,4
50836,11.504931,5.9948697,6
50837,6.8279,5.074336,3
50838,-3.2936919,-1.4548823,1
50839,14.710745,6.5365086,0
50840,2.8592594,-1.2600061,2
50841,-0.8922577,12.557257,4
50842,-2.2400548,-2.9898317,1
50843,10.386585,4.2199993,6
50844,1.5503526,14.630182,4
50845,0.3625678,11.609167,9
50846,0.99643,14.166411,4
50847,-1.534628,-3.1388142,1
50848,2.6346262,4.575346,5
50849,-3.6823645,9.975198,7
50850,-0.96835715,-4.3127756,1
50851,0.27294195,11.607518,9
50852,15.190001,8.867294,0
50853,4.6042833,6.5015535,5
50854,0.15168941,12.086425,9
50855,-1.7418147,-2.5155346,1
50856,10.962545,2.5744393,6
50857,-2.4607677,-2.232732,1
50858,-1.9180273,14.453397,4
50859,0.035097633,11.667163,9
50860,0.56266934,6.2039866,8
50861,1.0418681,6.5596733,8
50862,16.16549,8.008026,0
50863,10.496756,4.4543223,6
50864,-3.1236005,-1.7042012,1
50865,10.232627,3.1950798,6
50866,10.106691,3.6302989,6
50867,0.32300785,11.620063,9
50868,-4.966948,11.246158,7
50869,0.60939026,7.024703,8
50870,10.829443,4.641585,6
50871,1.5571994,7.0766277,8
50872,-3.7035532,9.10078,7
50873,0.696258,6.9928164,8
50874,-3.7341566,11.248699,7
50875,2.2258847,-0.4189928,2
50876,14.766323,6.999291,0
50877,-3.5152252,10.006842,7
50878,-5.3179936,10.597832,7
50879,-0.7077737,13.384132,4
50880,10.033154,2.9407551,6
50881,4.430223,6.794983,5
50882,0.44424623,11.736697,9
50883,1.574757,6.9406333,8
50884,-4.193604,10.566147,7
50885,6.8005276,5.206511,3
50886,0.9738237,7.5933366,8
50887,4.435165,6.6722827,5
50888,10.999683,5.563638,6
50889,-0.8092998,12.690334,4
50890,11.710703,6.0963483,6
50891,-3.3461423,9.612057,7
50892,5.7782426,5.835481,3
50893,10.347545,4.385564,6
50894,-3.850461,9.398671,7
50895,4.5471597,6.7125125,5
50896,1.7358149,13.007025,9
50897,2.248439,-0.20963012,2
50898,2.0255992,0.2670349,2
50899,2.190054,-0.30694517,2
50900,1.1138197,6.8341103,8
50901,2.3093843,-0.45062646,2
50902,2.2822769,7.12908,8
50903,-3.6590621,10.082584,7
50904,5.0774965,6.394237,5
50905,-3.2864244,9.546909,7
50906,5.823246,5.3556666,3
50907,-1.5025963,-3.0013366,1
50908,2.5054693,7.4491434,9
50909,15.2987585,6.1892605,0
50910,-3.9739528,11.602768,7
50911,-3.1741288,-0.9019619,1
50912,11.797446,5.8484855,6
50913,2.4342656,-0.07706514,2
50914,-2.8075993,-2.757597,1
50915,5.9105444,5.4644732,3
50916,0.5467217,13.804813,4
50917,-0.8864564,10.642331,4
50918,-3.4050777,-0.5236619,1
50919,3.3171828,4.9100294,5
50920,-3.6407459,10.293892,7
50921,11.281317,4.9989815,6
50922,6.169647,4.6388993,3
50923,-5.049518,10.38096,7
50924,14.956513,8.925871,0
50925,0.0074282223,6.095057,8
50926,3.814304,7.303044,5
50927,-0.54617983,10.843583,9
50928,-1.4668292,-2.8389516,1
50929,15.637045,7.537293,0
50930,16.090904,8.694516,0
50931,-3.300189,-0.5197599,1
50932,10.902348,4.236425,6
50933,3.3609352,-0.81278497,2
50934,10.328549,4.499796,6
50935,5.934568,5.5972824,3
50936,6.627304,6.175957,3
50937,-0.90746564,13.036057,4
50938,10.468467,3.9925303,6
50939,3.6067603,5.5509014,5
50940,6.970524,5.2485356,3
50941,11.18332,3.962557,6
50942,-3.240585,10.315779,7
50943,-4.6198487,9.556941,7
50944,14.494792,5.880421,0
50945,0.782692,6.0765567,8
50946,6.748952,5.674416,3
50947,-1.3623472,10.933808,9
50948,0.37342715,13.678205,4
50949,15.4845295,6.5117626,0
50950,5.306146,5.1526675,3
50951,-4.2300134,0.72647244,1
50952,-3.6845794,-0.18174447,1
50953,4.340422,-1.1640949,2
50954,3.8771245,6.915034,5
50955,6.029889,5.496366,3
50956,-2.6421049,-1.7321769,1
50957,-1.738334,14.101928,4
50958,15.0783205,7.8730607,0
50959,3.5661318,5.933079,5
50960,5.5841146,5.9041467,3
50961,10.945457,4.404309,6
50962,4.514719,-1.6473895,2
50963,-5.2304716,10.50414,7
50964,6.314564,3.823915,3
50965,0.70002675,5.628277,8
50966,3.1177375,-0.6993618,2
50967,-1.0691546,10.810334,9
50968,15.651829,8.193528,0
50969,6.790902,4.481866,3
50970,-0.6037819,5.436214,8
50971,2.059829,-0.17913297,2
50972,-3.3648887,10.589603,7
50973,-0.041101046,11.601329,9
50974,14.365042,7.1521945,0
50975,5.7028236,5.51528,3
50976,5.585865,5.187732,3
50977,1.9647256,-0.59534395,2
50978,-3.9748378,8.930078,7
50979,-2.573569,-0.42895633,1
50980,1.0356166,13.597189,4
50981,-0.8861572,13.027282,4
50982,5.945511,5.1630807,3
50983,3.7826817,5.093041,5
50984,-3.742282,9.629987,7
50985,4.000129,5.619926,5
50986,4.258144,-1.7445911,2
50987,4.191199,-1.254999,2
50988,0.6222929,5.6026144,8
50989,5.8775554,5.2416143,3
50990,16.271856,8.650199,0
50991,2.5175183,-0.276031,2
50992,-3.1976442,10.153889,7
50993,-4.284656,0.8905204,1
50994,-3.831204,10.7633095,7
50995,7.0744643,4.752873,3
50996,0.8947541,6.3801346,8
50997,-0.8583974,10.2664385,9
50998,1.5674618,14.401058,4
50999,-5.033253,9.987033,7
51000,-4.946116,11.514016,7
51001,2.2658975,-0.12924784,2
51002,14.698472,5.9297285,0
51003,-3.0996685,0.91167206,1
51004,-3.2540238,11.026412,7
51005,-3.306256,-1.4737612,1
51006,15.811124,8.35374,0
51007,0.79130393,6.1401367,8
51008,1.0203177,6.8980017,8
51009,0.17491001,6.1621156,8
51010,-3.0205278,-2.473928,1
51011,-4.1158986,10.253535,7
51012,-0.011646834,10.963461,9
51013,0.8896793,6.289672,8
51014,0.20618133,6.225622,8
51015,-2.2840114,-0.8120971,1
51016,4.048101,-1.1420174,2
51017,15.005776,5.9483266,0
51018,-0.91693807,12.686392,4
51019,15.022838,5.936462,0
51020,0.47617704,12.075048,9
51021,11.015262,4.1661687,6
51022,0.37673587,11.994142,9
51023,-5.0014544,10.74082,7
51024,14.186537,7.176611,0
51025,-4.444136,9.838608,7
51026,-0.32680428,13.795321,4
51027,3.904119,5.934116,5
51028,-0.66423035,13.711924,4
51029,15.612449,6.792558,0
51030,6.6440725,6.0403886,3
51031,11.442533,4.8559847,6
51032,-0.70818466,11.210527,9
51033,-3.3299048,-0.2995914,1
51034,-4.1346836,10.060323,7
51035,-3.4725657,0.5373663,1
51036,-0.4319017,10.840124,9
51037,2.0046992,-0.30092502,2
51038,4.937131,4.6057434,3
51039,3.9206111,5.7878447,5
51040,5.7025824,7.770106,5
51041,15.419133,6.9395084,0
51042,0.65015996,12.231718,9
51043,-4.278112,9.802081,7
51044,15.243663,7.464938,0
51045,15.3153515,6.024735,0
51046,-0.8110934,14.024342,4
51047,-0.8037291,13.0669,4
51048,-1.0338423,-3.503943,1
51049,-0.7537016,12.967491,4
51050,3.6090264,6.367708,5
51051,-2.541026,-0.2822971,1
51052,14.664703,8.182677,0
51053,-0.17805642,6.416338,8
51054,5.451361,4.457064,3
51055,11.3661375,4.1622224,6
51056,-0.25260928,13.81353,4
51057,15.648538,6.0360923,0
51058,-0.001947811,5.708562,8
51059,15.185809,6.6047597,0
51060,-0.99781823,-3.6019099,1
51061,15.351705,6.027951,0
51062,-4.211554,11.125502,7
51063,6.51232,4.8266706,3
51064,1.8589199,-0.52217025,2
51065,-4.8425007,9.850475,7
51066,10.655852,4.587958,6
51067,-3.864828,1.3892512,1
51068,-4.0424657,11.230017,7
51069,10.810948,3.7560186,6
51070,-3.2175229,10.095771,7
51071,-0.6924319,13.028687,4
51072,3.6168277,6.278236,5
51073,2.431752,-0.18634269,2
51074,-3.9098132,11.450969,7
51075,11.570133,5.309448,6
51076,-1.7892451,14.46701,4
51077,-0.5684292,13.066172,4
51078,1.1552652,6.494876,8
51079,3.5312943,5.1417766,5
51080,-3.286296,10.694152,7
51081,-0.8104431,13.089929,4
51082,0.5852563,11.745282,9
51083,-2.9684794,0.7908446,1
51084,-5.0341015,9.599889,7
51085,6.081837,5.644269,3
51086,5.509458,7.401801,5
51087,-0.120521516,6.461204,8
51088,-3.885562,11.497185,7
51089,11.449296,4.8818483,6
51090,2.8236918,-0.7997118,2
51091,7.0929604,4.944458,3
51092,6.528399,5.1103625,3
51093,-0.7403022,10.940328,9
51094,4.6060147,7.1611185,8
51095,-0.35480487,10.709675,9
51096,10.76855,2.6391363,6
51097,3.8459537,5.864544,5
51098,0.3173532,14.399213,4
51099,-0.37357056,10.768238,9
51100,1.9327087,-0.54541045,2
51101,7.004988,5.205092,3
51102,-3.3687124,8.489908,7
51103,-4.9090137,10.174117,7
51104,1.633131,7.0743184,8
51105,0.53298897,6.1612515,8
51106,6.4800763,5.9425335,3
51107,3.4278533,5.655978,5
51108,14.625631,8.765872,0
51109,11.722115,4.5672545,6
51110,-2.3456411,-2.3016384,1
51111,-0.97987473,13.250443,4
51112,-3.924731,-0.15610549,1
51113,-4.8749804,9.953152,7
51114,1.0676099,14.390078,4
51115,10.866093,4.0343523,6
51116,5.912067,6.1199107,3
51117,2.3045282,-0.3974852,2
51118,1.6359524,-0.49212843,2
51119,1.8956574,-0.5130814,2
51120,-2.777211,-3.086812,1
51121,15.783177,7.234702,0
51122,14.213443,7.888184,0
51123,-0.83525485,10.75015,9
51124,2.5334034,5.0591736,5
51125,-1.081103,10.806748,4
51126,-4.3140135,11.679925,7
51127,16.656271,7.2434034,0
51128,1.0529209,6.6114936,8
51129,-3.6577036,1.2873225,1
51130,5.096323,6.9132924,5
51131,3.5069025,-0.6065584,2
51132,-0.7275793,11.803478,9
51133,6.3586655,4.240046,3
51134,1.800908,7.6327906,8
51135,-1.187368,15.048728,4
51136,-0.87902904,-4.5096087,1
51137,3.3231077,5.2463074,5
51138,-4.0678477,8.45567,7
51139,11.4911785,3.10524,6
51140,-0.97696304,11.89576,9
51141,-4.489614,8.651607,7
51142,5.758417,6.169935,3
51143,-0.37302825,5.392082,8
51144,5.314139,7.893109,5
51145,-2.0581155,9.520415,9
51146,0.32165834,14.166401,4
51147,16.457424,7.030569,0
51148,14.407082,5.874287,0
51149,-3.5301425,1.772626,1
51150,14.481775,8.5255575,0
51151,3.8698945,-0.89193696,2
51152,10.451,4.9534187,6
51153,6.7785664,3.9030173,3
51154,5.710796,6.494563,3
51155,-1.7621897,14.773056,4
51156,1.4622825,12.091664,9
51157,3.2279317,5.252134,5
51158,1.800891,7.2761,8
51159,11.439499,3.0662465,6
51160,0.9097824,5.936012,8
51161,-5.088705,9.415968,7
51162,-3.5711455,11.370364,7
51163,-0.4480974,5.5727305,8
51164,1.0365564,7.8306065,8
51165,-1.6796292,9.786168,9
51166,-4.0837464,11.39522,7
51167,16.551062,8.044999,0
51168,-0.3668326,11.432843,9
51169,-3.4085305,1.5648034,1
51170,1.5101532,14.276539,4
51171,4.4357104,-0.6754221,2
51172,0.48882622,6.0866284,8
51173,6.689288,3.8695235,3
51174,-5.007751,11.907043,7
51175,-1.7427961,14.872098,4
51176,4.038802,7.798961,5
51177,4.2115383,5.8558097,5
51178,-3.5872068,9.263722,7
51179,11.755878,4.3763094,6
51180,-3.4132984,11.415773,7
51181,-4.9460073,8.804256,7
51182,0.50461406,13.5608225,4
51183,-0.702262,5.116601,8
51184,0.7137637,6.8165483,8
51185,-1.9323814,9.611222,9
51186,15.193989,7.189821,0
51187,-3.887199,1.4217598,1
51188,-0.5606411,-4.420927,1
51189,-0.52961475,5.599919,8
51190,-2.290897,-3.3714578,1
51191,11.569337,2.9452074,6
51192,1.0346476,12.144293,9
51193,-4.8358874,8.891911,7
51194,5.066177,5.3700814,9
51195,-3.8307855,2.2599874,1
51196,6.645944,5.2390866,3
51197,-3.8465407,1.8705355,1
51198,-3.9720576,9.515114,7
51199,-1.777281,14.673257,4
51200,-1.3466551,12.025113,9
51201,6.7282257,3.9153912,3
51202,0.52758986,14.743582,4
51203,-4.517164,8.585138,7
51204,-3.6128125,9.399067,7
51205,-5.056748,9.390608,7
51206,-2.3880677,-3.638024,1
51207,-0.4325487,5.0690045,8
51208,0.6496354,6.1334543,8
51209,-1.3399789,10.424665,9
51210,15.12552,8.094433,0
51211,6.744737,3.852876,3
51212,1.9559186,-0.017440235,2
51213,11.307148,3.9322162,6
51214,4.001327,-1.3409197,2
51215,16.435472,6.8635497,0
51216,3.7374978,-1.3402727,2
51217,6.6268363,3.6964052,3
51218,1.2429053,6.3786545,8
51219,11.844111,4.7823787,6
51220,11.622734,4.5546846,6
51221,-1.5082825,14.39857,4
51222,6.6793213,5.9082685,3
51223,-0.2618167,5.6586995,8
51224,0.44117922,6.497002,8
51225,-1.8663667,14.166459,4
51226,14.974963,8.793954,0
51227,3.8368456,5.4138427,5
51228,15.079003,8.698391,0
51229,-4.7517996,9.433282,7
51230,5.4657755,4.2380323,3
51231,3.0774598,4.451372,5
51232,11.210309,5.3396287,6
51233,11.786189,4.370568,6
51234,3.908863,6.5124083,5
51235,16.38431,8.221907,0
51236,-3.4647338,8.87855,7
51237,6.541261,3.9574244,3
51238,1.520857,-0.86068404,2
51239,-2.0979245,9.3708935,9
51240,-0.83057535,12.087671,9
51241,4.543288,-0.6202398,2
51242,2.3949268,7.213755,8
51243,-0.41814092,5.288336,8
51244,0.47679904,6.373012,8
51245,6.703535,3.7984688,3
51246,10.060641,3.6148667,6
51247,-3.7770076,1.9472687,1
51248,1.1051157,14.537184,9
51249,-3.8339446,2.0598252,1
51250,-3.6635375,1.152497,1
51251,3.3904126,4.8225036,5
51252,-0.96336687,-3.9733145,1
51253,-1.2017232,9.984916,9
51254,2.6203341,5.365551,5
51255,-1.9484951,14.68164,4
51256,3.0146673,-1.5929867,2
51257,6.107816,3.9478745,3
51258,4.6480618,7.114912,5
51259,16.599953,7.6851707,0
51260,6.473939,5.6316705,3
51261,-1.9652053,14.169208,4
51262,4.4546185,-0.9180921,2
51263,-1.8017397,14.059132,4
51264,-0.41407883,14.148681,4
51265,16.483553,7.5576105,0
51266,0.32848203,6.5540857,8
51267,-1.5089406,10.060264,9
51268,6.5011477,4.911774,3
51269,10.782322,2.8013191,6
51270,0.33479464,14.060513,4
51271,-0.53789705,10.135474,9
51272,-0.13771963,6.5030236,8
51273,3.2896256,-0.7435082,2
51274,5.6651926,6.708885,3
51275,3.5779824,-0.8399042,2
51276,11.352228,6.2270308,6
51277,-3.3231044,1.0365583,1
51278,6.3223925,7.1336923,5
51279,-4.7299128,9.352585,7
51280,-0.8668759,12.434061,9
51281,-0.8595274,10.237884,9
51282,-4.533468,10.746957,7
51283,3.487019,4.91547,5
51284,2.0290914,12.698623,9
51285,-3.777152,1.8287598,1
51286,15.51793,5.725479,0
51287,-3.5641363,1.6552,1
51288,1.5769033,14.601454,4
51289,-1.61869,9.846463,9
51290,14.632929,7.1484885,0
51291,-0.2589417,5.271938,8
51292,-3.5402255,11.071937,7
51293,10.630197,3.0600393,6
51294,-3.3906054,10.817309,7
51295,11.419821,3.890576,6
51296,3.456836,5.2505336,5
51297,-0.43868688,10.81328,9
51298,2.9451156,6.2759957,5
51299,16.51246,6.822169,0
51300,-2.1687784,-3.6700873,7
51301,16.350286,8.009547,0
51302,0.99561954,6.7823873,8
51303,16.036135,7.2324276,0
51304,-3.368384,8.732333,7
51305,-4.295484,1.2061385,1
51306,-3.7442632,8.441145,7
51307,-0.3636084,5.3354797,8
51308,16.194849,7.7163234,0
51309,-1.8600614,14.593581,4
51310,11.100401,5.7039347,6
51311,11.6479845,4.3173943,6
51312,-0.4417301,14.136385,4
51313,0.30874515,5.675533,8
51314,14.043843,7.954016,0
51315,-3.667787,0.89148355,8
51316,1.0344571,12.291487,9
51317,3.263818,-0.40492758,2
51318,0.91716343,11.853619,9
51319,11.741945,4.318961,6
51320,3.2737856,0.5759871,2
51321,6.3203325,3.6290274,3
51322,-3.2707672,10.032645,7
51323,3.752781,-0.63032144,2
51324,0.8042413,5.857295,8
51325,-1.7521217,14.512292,4
51326,0.73665655,5.82465,8
51327,16.466877,7.410686,0
51328,-0.6541192,14.187322,4
51329,-1.0350848,10.186111,9
51330,1.3512828,5.8874817,8
51331,16.15844,7.078443,0
51332,5.3391266,5.2736344,3
51333,6.272117,4.3545346,3
51334,0.73846835,11.629052,9
51335,-4.840103,9.120257,7
51336,15.006319,7.5901814,0
51337,-1.8466945,14.30048,4
51338,1.1166134,14.034567,4
51339,3.958791,5.540624,5
51340,2.9322605,-0.30937502,2
51341,-0.48554134,5.447275,8
51342,5.241492,7.5546246,5
51343,6.3061914,3.6646476,3
51344,-4.851772,9.159857,7
51345,3.4099407,5.2436376,5
51346,-0.021623444,12.015949,7
51347,-0.5795849,5.3498316,8
51348,14.750195,8.691081,0
51349,3.4211404,4.843768,5
51350,1.4542937,14.694633,4
51351,-1.6603063,14.438864,4
51352,15.007124,7.863396,0
51353,-4.859381,9.291909,7
51354,11.929159,6.1919928,6
51355,11.176587,2.5893342,6
51356,2.7764068,-0.4675272,2
51357,3.7701266,-0.6982326,2
51358,-4.7708135,8.963825,7
51359,3.3369656,-0.5672861,2
51360,-1.0767392,15.315673,4
51361,-4.1466484,8.592432,7
51362,5.7875853,7.7769494,5
51363,-4.150004,8.557267,7
51364,3.1701286,5.215985,5
51365,16.388096,7.571465,0
51366,3.0587409,6.2409706,5
51367,4.1334815,5.761229,5
51368,-0.1974306,14.245624,4
51369,-3.4281723,1.6269045,1
51370,11.307742,4.0087357,6
51371,4.0569963,5.670626,5
51372,-1.9880729,-3.3476331,1
51373,6.6698794,3.7788103,3
51374,-1.6459385,13.321793,4
51375,14.614396,7.818963,0
51376,6.9085097,5.7219925,3
51377,-2.6409187,-3.287859,1
51378,11.146699,5.907694,6
51379,2.29455,-1.146029,2
51380,5.626597,7.212837,5
51381,6.8687243,5.58026,3
51382,0.21304363,13.388579,4
51383,-0.015167986,13.5731535,4
51384,-3.4404857,10.720105,7
51385,5.386018,7.136018,5
51386,11.104786,2.6724946,6
51387,11.23817,5.9716372,6
51388,6.30296,4.8918247,3
51389,-4.7110305,11.442293,7
51390,-1.275356,-2.5173194,1
51391,0.03417533,6.332044,8
51392,4.3969493,7.3300653,5
51393,1.3830303,11.980102,9
51394,6.535408,4.0920672,8
51395,15.250328,8.575265,0
51396,1.1559116,14.008144,4
51397,-0.79765004,-3.3781667,1
51398,3.324069,-0.8286018,2
51399,2.1678948,-1.0823882,2
51400,10.687152,2.7510927,6
51401,6.8518567,5.9448314,3
51402,11.029664,3.5411086,6
51403,0.05441927,13.201181,4
51404,14.183898,7.1485553,0
51405,4.180448,7.353799,5
51406,9.834782,3.3269207,6
51407,11.664642,6.4195185,6
51408,11.609931,6.5315833,6
51409,-4.6824145,11.395118,7
51410,11.558975,5.773713,6
51411,-0.04892761,6.336365,8
51412,-0.105832934,5.5043926,8
51413,0.096045636,11.671807,9
51414,-0.29963186,6.916819,8
51415,14.787041,8.839582,0
51416,3.2003894,5.252372,5
51417,-1.9844773,-3.8131518,1
51418,2.53035,-0.1550854,2
51419,2.5990543,-1.2344736,2
51420,-4.3575287,9.684001,7
51421,6.918946,6.0411425,3
51422,14.955648,7.216577,0
51423,0.60222924,14.186908,4
51424,0.9677378,6.622469,8
51425,5.4397655,7.7201543,5
51426,-2.354665,-2.7862883,1
51427,11.621959,6.432962,6
51428,6.048983,6.4139795,3
51429,-4.961907,11.358757,7
51430,0.14370845,12.143866,9
51431,-0.24942008,6.3449364,8
51432,-0.21043848,-4.5278773,1
51433,5.3476405,7.1652594,5
51434,15.041166,8.381356,0
51435,1.768054,-0.579639,2
51436,-1.4909185,-3.5815194,1
51437,0.8097849,7.220575,8
51438,11.291873,6.4533105,6
51439,-1.2311277,-2.7625308,1
51440,1.5514408,7.652349,8
51441,-4.009213,9.958328,7
51442,-0.6757038,12.234748,9
51443,2.6040554,-1.2169116,2
51444,6.1922064,7.309847,5
51445,0.096995436,13.70074,4
51446,10.968757,5.917055,6
51447,-1.8712864,-1.5599269,1
51448,3.7623858,-0.9692609,2
51449,-0.1152536,13.324104,4
51450,0.9822118,6.6234994,8
51451,-1.5299783,-4.098802,1
51452,-5.275153,10.86651,7
51453,-0.3296793,12.968164,4
51454,-1.6718899,13.664668,4
51455,1.9326046,12.24919,9
51456,11.264934,4.360119,6
51457,11.597543,6.4581213,6
51458,4.0062733,-1.5651281,2
51459,0.15505435,6.573424,8
51460,-4.551859,11.536404,7
51461,4.882267,7.69116,5
51462,6.3756623,6.510964,3
51463,5.9723763,5.719044,3
51464,4.863706,-1.2214221,0
51465,-5.2426114,12.019157,7
51466,15.990248,7.7185373,0
51467,-0.3079786,6.389487,8
51468,-2.1323671,-1.0620795,1
51469,6.627954,4.9617243,3
51470,0.4172574,11.792322,9
51471,6.4420066,4.7462087,3
51472,1.1332648,12.340702,9
51473,3.937576,7.0541105,5
51474,5.837087,6.2402368,3
51475,11.038868,5.331979,6
51476,10.31221,4.6875114,6
51477,-4.1604614,11.249419,7
51478,15.1111,8.383777,0
51479,14.540798,8.023464,0
51480,10.314525,3.962691,6
51481,11.239739,5.435037,6
51482,1.4173664,14.551669,4
51483,-2.1309855,-3.568329,1
51484,2.003747,7.617679,8
51485,11.553717,6.1471386,6
51486,5.7346516,5.0359406,3
51487,0.848593,6.186624,8
51488,0.5253669,7.1425953,8
51489,-5.267145,11.19023,7
51490,15.178163,8.641367,0
51491,15.576817,8.440647,0
51492,4.9110026,7.6192145,5
51493,-2.2174146,-3.2684984,1
51494,5.4840775,7.009992,5
51495,5.5495844,7.7785068,5
51496,-4.393602,10.490463,7
51497,11.531806,6.2000732,6
51498,4.773928,6.995719,5
51499,15.794902,8.682347,0
51500,-4.087245,10.421944,7
51501,0.64921206,6.147582,8
51502,-5.2487693,11.180744,7
51503,4.479408,7.257556,5
51504,-0.12636922,5.927891,8
51505,15.391446,8.936413,0
51506,4.0632944,-1.6333745,2
51507,11.525716,6.162629,6
51508,10.012747,2.5709224,6
51509,-1.3604741,-2.4476075,1
51510,1.1197987,6.2890544,8
51511,4.980897,7.7141933,5
51512,1.8718901,12.303677,9
51513,0.42874518,6.520535,8
51514,10.168233,3.7561522,6
51515,-0.11189958,13.228164,4
51516,-1.0796248,11.528231,9
51517,2.545772,-0.63553935,2
51518,11.035097,5.5382686,6
51519,5.790702,5.8428884,3
51520,14.365423,7.658917,0
51521,0.8267822,11.978255,9
51522,-3.3705611,11.269543,3
51523,-5.0805736,11.999616,7
51524,4.680653,7.0760865,5
51525,11.321661,5.2421584,6
51526,-3.1616452,9.504552,7
51527,0.7399339,11.797229,9
51528,11.155483,5.933238,6
51529,-1.0632927,-2.971587,1
51530,3.1253536,0.58598614,2
51531,1.1223001,11.925018,9
51532,-4.751781,11.492038,7
51533,15.086957,8.740407,0
51534,5.6066055,6.0837154,3
51535,11.501402,5.6575413,6
51536,6.9386954,5.8384995,3
51537,-4.808888,11.484139,7
51538,11.29755,6.059459,6
51539,-1.4229857,-2.2123618,1
51540,-3.4828017,-1.2645279,1
51541,2.4334774,-0.63176113,2
51542,1.8681504,-0.91393304,2
51543,6.848377,5.6236897,3
51544,-0.19121835,-4.530554,1
51545,0.5964563,12.03277,9
51546,14.257822,7.1147094,0
51547,2.4236467,-0.6876793,2
51548,-1.6240096,-3.6368983,1
51549,-0.31353533,13.292955,4
51550,2.7982018,-1.3581198,2
51551,4.7986317,7.681114,5
51552,1.5771879,11.994302,9
51553,5.4377284,7.797681,5
51554,-0.9836917,-3.8065243,1
51555,7.00529,5.8532453,3
51556,-2.8435273,-1.7715349,1
51557,-5.2002635,12.033526,7
51558,-3.4431944,8.590698,7
51559,4.370613,7.650434,5
51560,-5.1244636,10.828904,7
51561,7.0359516,6.067265,3
51562,5.569205,7.776076,5
51563,-1.7869763,-3.5317733,1
51564,-3.1500742,-1.9916811,1
51565,0.27659526,6.2951474,8
51566,-1.5126288,-3.2828848,1
51567,2.5313141,-0.694596,2
51568,-4.080291,10.640269,7
51569,3.1276047,0.018968094,2
51570,11.674025,6.3629513,6
51571,6.9165444,5.9205737,3
51572,5.443651,7.1923947,5
51573,15.029294,7.927269,0
51574,-0.3374657,11.947788,9
51575,2.8441749,-1.0596426,2
51576,5.2413836,6.5953264,8
51577,0.07786253,11.311343,9
51578,5.5066595,5.088935,3
51579,-0.83160686,12.8204975,4
51580,2.1020362,-0.50817573,2
51581,0.090890855,11.814601,9
51582,0.08879279,12.434773,9
51583,-4.221333,10.641939,7
51584,2.2104,12.623049,9
51585,14.8346195,7.7992487,0
51586,-3.5238273,10.177381,7
51587,14.982159,7.8152447,0
51588,1.0650437,6.681184,8
51589,3.5526986,-1.4644289,2
51590,0.7842013,11.500185,9
51591,-4.910931,11.538818,7
51592,-1.1132312,9.75237,9
51593,-0.14604042,13.159353,4
51594,-0.9009739,-3.2898545,1
51595,1.2414789,11.679865,9
51596,11.225844,5.96579,6
51597,1.7091868,12.034886,9
51598,16.24824,7.1960297,0
51599,3.1288311,0.22010005,2
51600,0.9397211,12.427964,4
51601,1.0969954,6.9729123,8
51602,10.9390335,5.647528,6
51603,-2.1871233,-3.673795,1
51604,-0.11757612,13.909067,4
51605,5.5314307,7.4642715,5
51606,-1.5680393,-1.9996525,1
51607,11.327519,5.2032404,6
51608,3.4518554,-1.4657663,2
51609,0.6433426,11.731801,9
51610,5.756441,7.5123363,5
51611,1.3352739,6.3207955,8
51612,1.2213647,7.257222,8
51613,7.005161,5.709552,3
51614,3.6877031,-1.6971788,2
51615,0.8225121,6.3486023,8
51616,5.686692,5.5175676,3
51617,7.0823884,5.636896,3
51618,14.155159,6.542677,0
51619,11.471776,5.3134823,6
51620,11.697968,6.516182,6
51621,-4.7021666,10.983662,7
51622,-0.6025575,15.000417,4
51623,14.702931,8.782416,0
51624,10.549255,3.8833725,6
51625,0.10012188,13.532841,4
51626,4.683414,6.4186873,5
51627,14.534491,8.033673,0
51628,11.814521,5.215252,6
51629,15.976656,7.7416844,0
51630,2.0453832,-0.92727387,2
51631,-3.9426446,2.4419656,1
51632,1.6310214,12.138203,9
51633,4.6376324,-0.8041559,2
51634,-3.9976478,11.495564,7
51635,5.9053373,5.394887,3
51636,-4.3408537,9.086984,7
51637,-1.4636437,14.720822,4
51638,14.880762,8.853796,0
51639,2.6429327,5.0313516,5
51640,5.099681,5.506159,3
51641,11.484423,3.8887548,6
51642,2.9162705,-1.1707504,2
51643,-4.6931376,9.047524,7
51644,-0.59204406,12.28519,9
51645,0.120913126,5.975167,8
51646,3.4463372,6.755377,5
51647,-1.698798,10.593358,9
51648,2.9054034,0.23995453,2
51649,16.491,7.2802176,0
51650,-4.264233,11.383656,7
51651,-3.9921908,2.4242418,1
51652,0.043192867,13.367084,4
51653,4.800176,-0.7480051,2
51654,-1.3977327,10.160828,9
51655,6.660167,4.109117,3
51656,0.7577701,6.0855412,8
51657,-1.8282154,14.931847,4
51658,4.5902452,-1.2943249,2
51659,3.0906394,4.6493297,5
51660,2.8380208,-0.9342329,2
51661,11.346025,3.2283988,6
51662,10.388392,4.593362,6
51663,-4.407943,8.459328,7
51664,10.41178,4.652909,6
51665,-0.5922239,5.3900843,8
51666,-3.0762215,-1.7895304,1
51667,-1.4615992,9.725538,9
51668,1.9139493,6.953683,8
51669,16.420485,7.6222515,0
51670,-0.42590576,5.93963,8
51671,-3.999714,2.6110773,1
51672,-2.6772306,-2.7590988,1
51673,4.3484454,-0.40303364,2
51674,4.1110344,7.295543,5
51675,4.9218683,4.917444,3
51676,11.053301,4.8866343,6
51677,-1.821138,14.791772,4
51678,-0.20263736,14.676376,4
51679,3.9447424,5.5994873,5
51680,14.6314945,6.6653824,0
51681,10.693958,2.1756089,6
51682,3.278595,-1.233863,2
51683,-4.7673936,10.041543,7
51684,-1.390585,14.2415085,4
51685,15.428608,6.617192,0
51686,5.6445537,4.8077974,3
51687,10.815348,2.682934,6
51688,-1.1346213,11.458148,9
51689,-1.9197756,14.209596,4
51690,10.8617735,5.4180784,6
51691,-4.364326,9.258344,7
51692,5.116266,7.8307753,5
51693,-1.4165748,14.271199,4
51694,0.7375653,14.08004,4
51695,5.8833065,4.2623034,3
51696,10.478133,4.670202,6
51697,10.319723,2.7879927,6
51698,-4.4789386,11.493438,2
51699,4.350019,-0.9500339,2
51700,10.589744,2.7796793,6
51701,6.0240335,3.9306445,3
51702,2.556806,-0.8477118,2
51703,-1.8753426,14.671586,4
51704,-5.123359,12.123956,7
51705,0.034982603,5.594606,8
51706,6.5398583,5.701301,3
51707,-5.233548,9.7049885,7
51708,2.152253,12.414959,9
51709,-0.34506422,5.8619595,8
51710,-1.781931,-3.8777251,1
51711,10.840421,2.5561082,6
51712,0.33771574,14.126372,4
51713,-0.9629408,10.252303,9
51714,-1.4137357,-3.89064,1
51715,-0.31607848,5.361894,8
51716,-0.04932013,10.812657,9
51717,5.9172993,4.1095014,3
51718,3.428503,7.121778,5
51719,4.7217765,-0.93416107,2
51720,-0.6036162,5.6706495,8
51721,4.155708,-0.95246696,2
51722,-0.5717328,12.880043,4
51723,-1.5255593,14.617699,4
51724,-0.7036371,-3.5499694,1
51725,0.4138877,5.569557,8
51726,1.9296455,0.1388782,2
51727,3.2074003,5.6832933,5
51728,11.567046,6.290003,6
51729,10.321288,2.6645138,6
51730,1.3153648,11.596587,9
51731,2.9686852,5.030812,5
51732,1.6015419,7.1988387,8
51733,16.033113,6.507653,0
51734,9.918263,3.6799707,6
51735,4.7316165,-0.86715096,2
51736,4.7025194,6.9440713,5
51737,15.795837,7.1271386,0
51738,2.0145335,0.1427734,2
51739,-4.124932,1.993758,1
51740,2.4185152,4.9949627,5
51741,-4.1884584,2.1353376,1
51742,-3.144082,1.0398278,1
51743,4.659761,-0.77572054,2
51744,4.861138,7.7430644,5
51745,10.947397,2.5311484,6
51746,0.23875155,6.5358067,8
51747,-0.40778843,5.362636,8
51748,2.9488773,-1.7430184,2
51749,-3.2097573,1.1781554,1
51750,-1.6737561,-3.4797668,1
51751,4.5116773,-0.87978345,2
51752,-4.061662,10.287798,7
51753,15.28714,6.2965107,0
51754,0.97453123,6.5548925,8
51755,10.485013,2.4361782,6
51756,6.4043307,5.640498,3
51757,-0.6498167,10.228154,9
51758,15.067919,6.186526,0
51759,4.83414,4.5884447,3
51760,3.5480413,-1.63729,2
51761,0.011735949,10.476374,9
51762,4.2106967,7.5804405,5
51763,5.720462,3.8973835,3
51764,3.5200095,-0.013931757,5
51765,-4.1646357,8.478366,7
51766,-3.2355065,10.386626,7
51767,-3.5648873,1.6182021,1
51768,5.088248,5.3099813,3
51769,-0.2653696,5.2295613,8
51770,0.84416735,12.266198,9
51771,6.012738,3.6365302,3
51772,-0.89262736,-3.1171815,1
51773,-0.19139348,5.8581705,8
51774,14.610159,7.754222,0
51775,3.2386405,4.867248,5
51776,6.5522566,5.0426736,3
51777,16.089481,6.791473,0
51778,10.336472,3.2226775,6
51779,-3.867884,1.7213457,1
51780,-0.22872403,14.411563,4
51781,-3.5512109,1.6088378,1
51782,3.3046095,-1.9562292,2
51783,-0.5789145,10.349501,9
51784,-3.1312518,-1.9345965,1
51785,0.016230183,5.6127253,8
51786,2.2343874,-0.9673455,2
51787,4.634125,-0.8456322,2
51788,11.660626,5.353806,6
51789,16.291128,6.7260985,0
51790,6.123098,5.1364193,3
51791,-1.8493261,14.658442,4
51792,3.9601288,7.4262347,5
51793,2.8009021,5.089228,5
51794,-1.9065237,10.157925,5
51795,3.9826481,5.622192,5
51796,-0.4131042,11.237677,9
51797,15.928365,6.6111636,0
51798,5.7660666,4.624623,3
51799,5.6574044,4.053662,3
51800,2.9183643,6.606605,5
51801,-3.7278717,1.3982421,1
51802,-4.929198,10.907289,7
51803,-0.07525386,5.4369082,8
51804,11.855646,6.280315,6
51805,11.123515,3.2346165,6
51806,-4.149038,11.202389,7
51807,-0.5105169,10.061869,9
51808,2.3119476,-0.61094034,2
51809,15.975787,7.660214,0
51810,2.93286,-1.2593489,2
51811,6.6716313,4.2593307,3
51812,1.0059844,11.589081,9
51813,-3.6765924,1.4521929,1
51814,1.4391598,14.246093,4
51815,15.368788,7.310721,0
51816,6.8833356,6.047395,3
51817,-1.872543,14.016096,4
51818,14.579494,6.4528985,0
51819,-5.38684,10.95342,7
51820,1.6789567,14.426683,4
51821,3.0905912,5.106247,5
51822,4.1625776,7.482811,5
51823,-1.6153283,14.822456,4
51824,14.671166,8.733435,0
51825,-4.749371,9.630095,7
51826,14.915706,6.5579963,0
51827,-0.73264414,10.1338825,9
51828,14.171513,7.184811,0
51829,-5.3222,10.504291,7
51830,1.5316066,6.8096557,8
51831,15.2585335,7.916476,0
51832,-3.4095347,9.531576,7
51833,-2.934054,-0.47793022,1
51834,14.760345,8.189169,0
51835,3.7972624,-0.40316743,2
51836,-3.0944521,-2.3206282,1
51837,5.793571,5.441444,3
51838,-0.41585732,13.130732,4
51839,-4.4719777,10.686783,7
51840,-2.1969945,10.1327915,9
51841,0.5066278,6.6857653,8
51842,2.1210208,12.296158,9
51843,-0.6869669,10.40061,9
51844,3.5280614,6.7319155,5
51845,15.568425,8.597325,0
51846,1.7132277,6.9803767,8
51847,-3.9906905,-0.05055105,1
51848,5.393851,5.1395855,3
51849,3.656315,-1.1957877,2
51850,1.2154903,6.299301,8
51851,6.270206,4.4810023,3
51852,3.1954286,6.9799643,5
51853,-1.8409977,15.007799,4
51854,4.1668477,7.9217668,5
51855,3.4938147,5.481801,5
51856,-3.357021,8.187905,7
51857,11.289131,4.3300967,6
51858,-3.5812392,8.770389,7
51859,-5.1679363,10.263459,7
51860,0.7187174,14.608193,4
51861,-0.11567094,5.8579974,8
51862,-3.1402395,10.282504,7
51863,-1.8439248,9.959122,9
51864,1.3803865,6.8376484,8
51865,15.110191,7.6589103,0
51866,14.766051,8.58669,0
51867,-2.8907046,0.39326504,1
51868,0.2716434,13.346044,4
51869,4.243233,-1.5288532,2
51870,3.7710865,-0.88449764,2
51871,6.9502487,4.9624176,3
51872,10.772752,2.3119426,6
51873,-1.6467383,14.4659,4
51874,3.7302613,6.368574,5
51875,3.1711183,5.047255,5
51876,-1.4749019,-3.3505628,1
51877,10.730331,4.698462,6
51878,0.64462745,6.7256374,8
51879,-4.276356,10.460043,7
51880,-0.26121035,6.0788503,8
51881,0.8593594,6.5563145,8
51882,-1.9650158,-2.1799364,1
51883,15.619482,8.5837145,0
51884,2.5876122,-1.0416504,2
51885,-4.657154,9.388536,7
51886,3.21456,6.42821,5
51887,3.6108613,5.603739,5
51888,-1.6023096,-2.2620838,1
51889,15.85181,6.7274747,0
51890,6.5819645,5.8954697,3
51891,-0.3794687,5.742105,8
51892,14.937908,5.8722653,0
51893,-1.5362808,13.86853,4
51894,0.65380484,13.42762,4
51895,-3.2885122,-0.6982183,1
51896,6.4036436,5.2216954,3
51897,0.2729135,6.0666933,8
51898,2.248113,-0.73199487,2
51899,-0.045475766,6.2148447,8
51900,-3.618517,-1.0024675,1
51901,-2.2993283,-0.6615849,1
51902,0.2767432,14.2957945,4
51903,6.839216,4.5241327,3
51904,1.7944592,7.6415524,8
51905,-3.3156493,-1.8815156,1
51906,0.75939596,7.217485,8
51907,0.31199956,6.7601843,8
51908,-2.187705,-3.2368712,1
51909,6.776459,4.8327284,3
51910,1.2347045,11.548309,9
51911,-4.252556,11.106562,7
51912,11.230809,4.184547,6
51913,-0.6434083,11.135172,9
51914,-3.463645,9.136393,7
51915,7.0060534,4.480075,3
51916,-4.3815928,9.850539,7
51917,15.148209,8.309684,0
51918,6.4530454,5.609113,3
51919,-0.7288023,11.160786,9
51920,10.352491,4.216294,6
51921,-1.4735727,13.924153,4
51922,2.9070065,-1.4347839,2
51923,-0.90282923,15.217917,4
51924,10.516031,2.1784837,6
51925,16.27381,7.1904616,0
51926,0.6270694,13.948031,4
51927,-4.48042,10.315076,7
51928,4.5886383,6.768321,5
51929,-0.31315738,15.071655,4
51930,0.15400408,11.78453,9
51931,4.273398,-1.3416762,2
51932,-2.1751013,-0.93436074,1
51933,0.27488038,6.617964,8
51934,6.4825172,5.6095295,3
51935,-4.8934326,9.641963,7
51936,-1.3486274,-3.0886443,1
51937,4.39465,-1.2672645,2
51938,0.94764733,12.325116,9
51939,-1.7829659,14.328565,4
51940,6.0204983,4.6279054,3
51941,-5.4233656,10.980605,7
51942,-1.748127,11.019374,9
51943,-0.18548869,5.7959905,8
51944,-1.109859,11.84057,4
51945,-1.3166101,10.82611,9
51946,5.8028183,5.0519223,3
51947,7.008256,4.420892,3
51948,0.18756908,7.015145,8
51949,-2.8555284,0.43994898,1
51950,3.678089,6.4775553,5
51951,-1.079515,14.374379,4
51952,-1.5072304,-2.5793998,1
51953,10.841209,3.7993014,6
51954,0.6264968,7.5098414,8
51955,5.216336,6.611508,5
51956,1.8405981,12.311963,9
51957,3.8140779,-0.35525197,2
51958,-3.1039126,8.873527,7
51959,4.037473,-1.1736352,2
51960,14.15123,6.077347,0
51961,4.629778,-1.2438465,2
51962,-0.918529,13.283602,4
51963,10.585425,3.1785173,5
51964,-4.239813,9.0037775,8
51965,10.514757,3.8211627,6
51966,1.2125973,14.227516,4
51967,-5.1428514,9.828066,7
51968,1.7596037,7.5679,8
51969,1.0687723,6.787575,8
51970,6.669878,4.557605,3
51971,-4.923684,10.634372,7
51972,5.535798,7.8103547,5
51973,3.5163698,6.1171975,5
51974,-4.8131175,12.252899,7
51975,-3.9037304,-0.34949976,1
51976,1.7637928,-0.692606,2
51977,11.811192,5.328058,6
51978,15.328207,7.7316537,0
51979,0.17190287,15.031948,4
51980,15.545753,6.401483,0
51981,-0.9909693,9.947868,9
51982,1.8666276,12.716024,9
51983,3.5475178,-0.2572336,2
51984,-4.0663834,9.700238,7
51985,-1.0064924,9.948396,9
51986,-4.6159935,8.534912,2
51987,6.869159,4.3034472,3
51988,-0.43240196,12.500017,7
51989,2.6465695,4.9867773,5
51990,6.589693,6.7278466,5
51991,6.276107,4.0819683,3
51992,15.618671,8.426035,0
51993,11.539083,3.9628336,6
51994,4.0582314,7.2138176,5
51995,11.142825,4.3708405,6
51996,-4.424489,11.645997,7
51997,15.626761,6.999354,0
51998,5.2561007,4.7261643,3
51999,15.941446,8.415542,0
52000,10.167245,3.9796307,6
52001,4.2276983,-1.3281687,2
52002,-0.93578625,-4.427837,1
52003,3.7253675,5.9545803,5
52004,11.690312,3.583827,6
52005,11.408958,3.790268,6
52006,4.299201,-1.8142481,2
52007,-1.308913,14.389332,4
52008,-4.8656764,11.754162,7
52009,-0.87839544,11.069876,9
52010,-4.8150554,10.549685,7
52011,4.5013213,-1.1766475,2
52012,2.0715322,7.5875273,8
52013,-4.925438,11.305065,7
52014,5.2504444,4.0685577,3
52015,-1.19587,14.09654,4
52016,3.1633132,-1.5725387,2
52017,-0.19390473,10.84475,9
52018,-1.5731117,11.458156,9
52019,3.7338786,5.3257694,5
52020,-1.0247811,-4.3497467,1
52021,15.995092,6.22746,0
52022,5.919817,5.295411,3
52023,3.5680375,-0.12762964,2
52024,0.9875686,14.170941,4
52025,4.1668353,-1.3840225,2
52026,2.7484338,5.6677003,5
52027,5.516164,5.489518,3
52028,15.375214,8.450092,0
52029,11.181378,3.131367,6
52030,0.99251556,11.745439,9
52031,-2.448452,-0.7044378,1
52032,-1.979945,-3.2871156,1
52033,-0.105046675,6.7622514,8
52034,-1.3800583,11.642775,9
52035,6.9840117,4.3853207,3
52036,15.704076,8.306212,0
52037,0.26530424,6.098714,8
52038,6.0540743,6.6146507,3
52039,14.898488,6.4530053,0
52040,3.2191129,5.362696,5
52041,5.63955,4.7061863,3
52042,-2.1736,-3.7036245,1
52043,3.2689395,5.327299,5
52044,5.7185283,4.378175,8
52045,15.733399,8.469091,0
52046,-1.4528128,-3.8719678,1
52047,15.776543,8.459968,0
52048,16.382757,8.539799,0
52049,10.917723,3.8038452,6
52050,1.0049711,6.528632,8
52051,-3.3714283,0.23821175,1
52052,-4.981184,12.028249,7
52053,11.789972,5.899281,6
52054,10.251312,4.5108066,6
52055,-0.42974243,11.009965,9
52056,-3.2977638,-1.4026093,1
52057,4.214865,6.386692,5
52058,-2.0481732,-1.0982856,1
52059,7.079805,5.2515,3
52060,-0.99513227,11.891356,9
52061,-0.18442537,11.282471,9
52062,9.885339,2.9966857,6
52063,-1.5032793,14.525286,4
52064,14.987547,6.490705,0
52065,2.8787372,5.0342937,5
52066,10.638066,5.107032,6
52067,0.1808176,6.6445065,8
52068,1.895886,-0.42082417,2
52069,11.317421,4.4712224,6
52070,1.0279756,6.275971,8
52071,-4.9817643,10.668376,7
52072,0.45824325,6.212179,8
52073,-2.5336347,-0.34393752,1
52074,1.0874082,13.911601,4
52075,-2.6735919,-0.55882066,1
52076,10.67969,3.3015885,6
52077,-4.838376,11.359829,7
52078,-2.6960115,-2.0440595,1
52079,16.711927,7.149284,0
52080,0.9292641,7.0212626,8
52081,-4.029263,2.709221,1
52082,-1.3642488,-2.474932,1
52083,3.7811382,0.14365812,2
52084,-1.6727076,-2.6447732,1
52085,3.6954496,5.439147,3
52086,2.3002086,13.0024605,5
52087,-1.932114,15.315353,4
52088,-1.8966151,-3.7288303,1
52089,-3.7027504,7.921979,7
52090,2.4564238,7.320914,8
52091,-1.0410004,5.3367014,8
52092,-4.9780946,11.944197,7
52093,-1.723898,9.202061,9
52094,1.7212111,12.113438,9
52095,16.875586,7.317981,0
52096,5.907302,6.5247493,3
52097,-4.036423,2.8371916,1
52098,6.7985563,4.642316,3
52099,4.0106516,0.023070883,2
52100,10.147459,4.675792,6
52101,5.955338,3.642502,3
52102,10.9911585,5.2518377,6
52103,-1.5000827,15.1785965,4
52104,7.0693393,6.2462707,3
52105,16.856174,7.2446156,0
52106,15.411042,7.892448,5
52107,-4.033589,2.8102205,1
52108,3.7375422,7.223294,5
52109,3.7700179,0.18906121,2
52110,-3.3705356,9.974138,7
52111,5.9067297,3.8016105,3
52112,-1.0221266,14.399031,4
52113,-3.7396288,7.981939,7
52114,15.448109,8.40845,0
52115,-0.9645059,5.1988783,8
52116,5.7371354,5.5212297,3
52117,-1.9096464,9.162129,9
52118,3.8153434,-1.063583,2
52119,-3.7491264,2.0605738,1
52120,-1.4296421,-3.9601896,1
52121,3.0657907,4.408165,5
52122,3.4340973,6.7158566,5
52123,-1.5111569,9.343923,9
52124,-5.0425825,10.583398,7
52125,10.981039,2.6593049,6
52126,14.396168,6.1259384,0
52127,-3.354702,8.302362,9
52128,0.5876539,13.472836,4
52129,2.8569682,4.4802914,3
52130,14.618662,7.3753204,0
52131,2.3158123,4.3429146,5
52132,1.7994387,-0.16632973,2
52133,16.774723,7.019458,0
52134,6.5617285,4.850368,3
52135,16.868797,7.3057094,0
52136,-0.9004629,-4.2109094,1
52137,-4.105423,8.347135,7
52138,-3.5401855,11.683742,9
52139,-1.4919516,9.350168,9
52140,-1.297202,13.941821,4
52141,11.215124,2.515651,6
52142,1.909034,0.17345706,2
52143,-4.0920105,2.530069,1
52144,-4.985817,8.866409,2
52145,11.493619,3.0309813,6
52146,-4.300493,12.244672,7
52147,-4.261971,8.344312,7
52148,2.042945,12.647905,9
52149,-4.3226094,8.199515,7
52150,10.46934,2.2042737,6
52151,-1.4611878,9.3314,9
52152,2.5593858,-1.28974,2
52153,4.009283,-0.6074293,2
52154,16.075783,6.123245,0
52155,-1.8432478,15.345789,4
52156,10.111851,3.0715828,6
52157,-0.60766876,5.6410885,8
52158,-1.3133938,14.6252165,4
52159,-0.66269654,4.996869,8
52160,6.620511,6.321629,3
52161,16.446821,7.280671,0
52162,-3.2131755,9.957285,7
52163,11.006688,2.3680668,6
52164,6.6437373,4.556745,3
52165,-2.1375153,15.065306,4
52166,-3.6444042,11.557549,7
52167,-4.0558805,2.8344626,1
52168,6.684205,5.518228,3
52169,4.6913357,-0.44992438,2
52170,5.9880548,7.763706,5
52171,-0.90613693,5.1868124,8
52172,2.8471127,6.5742235,5
52173,-4.1001315,2.764561,7
52174,-1.0148755,-3.3321462,1
52175,-3.9624205,2.5802858,1
52176,-4.206088,8.826103,7
52177,-4.091822,2.5290198,1
52178,-4.022482,9.530391,7
52179,16.722214,6.9834948,0
52180,-0.7026092,12.230513,9
52181,-4.142427,8.157796,7
52182,15.105512,8.533781,0
52183,11.464448,3.154639,6
52184,1.6025637,12.578544,9
52185,15.977566,6.787092,0
52186,1.6580175,-0.21786925,2
52187,-3.1737924,-0.5953271,1
52188,3.436601,0.6137067,2
52189,1.8621284,-0.31229934,2
52190,4.2378826,7.5505447,5
52191,6.502589,4.2794027,3
52192,4.0081553,7.3524804,5
52193,-1.140159,14.536117,4
52194,10.881207,4.5255632,6
52195,3.726098,5.273656,5
52196,-4.01543,10.376098,7
52197,10.078593,2.3249285,6
52198,10.477048,3.4704149,6
52199,-3.2636132,9.476116,7
52200,0.23519488,14.455323,4
52201,0.6755457,6.143592,8
52202,14.445031,8.511641,0
52203,-2.1635315,10.0813,9
52204,15.152344,8.888274,0
52205,-4.130391,0.11001266,1
52206,11.747732,6.2211447,6
52207,4.0052156,-0.8468944,2
52208,2.3119595,-0.76528114,2
52209,6.5582075,4.246373,3
52210,-0.52865577,13.577931,5
52211,-1.1295809,14.647439,4
52212,10.288465,4.577795,6
52213,3.58335,5.528823,5
52214,-0.20918,12.399503,9
52215,10.26451,2.7529726,6
52216,-5.0923386,11.626529,7
52217,-4.063567,9.121106,7
52218,10.296646,4.1530704,8
52219,-2.0724244,14.369734,8
52220,-3.491534,-1.2242538,1
52221,15.854105,6.139794,0
52222,0.112897694,12.794218,4
52223,-4.175488,0.14976045,1
52224,2.7853324,-1.3254117,2
52225,-0.4632293,13.915229,2
52226,16.444807,7.6354094,0
52227,6.4807844,4.34196,3
52228,14.132176,6.518707,0
52229,-1.0093106,14.738008,4
52230,-0.38668332,11.673412,9
52231,4.020335,6.22028,5
52232,-2.392945,9.61756,9
52233,10.041514,2.3643947,6
52234,-1.5570043,-1.8472974,1
52235,-4.2736826,10.0447035,7
52236,2.5287457,12.570453,9
52237,0.012506291,5.442397,8
52238,15.29959,8.450218,0
52239,-1.5942934,11.043742,9
52240,6.9440365,5.137464,3
52241,0.3666521,7.1684446,8
52242,2.5077183,0.26004532,2
52243,-1.5713137,13.360625,4
52244,-1.0875849,-3.8500884,1
52245,14.868955,5.502698,0
52246,-0.9728686,12.303009,4
52247,15.495037,5.701626,0
52248,-1.059775,-3.505652,1
52249,-3.5516844,10.520477,7
52250,0.8304544,6.453884,8
52251,3.8755329,-0.7877401,2
52252,6.538017,6.8654146,3
52253,10.096716,2.704445,6
52254,-2.416969,-3.4087436,1
52255,3.0581656,4.732941,5
52256,-5.1493807,10.814231,7
52257,3.647697,5.3786983,5
52258,0.31690848,11.989081,9
52259,5.7258716,4.0303164,3
52260,0.19101097,14.323042,4
52261,-3.610883,9.734433,7
52262,-3.6157413,-0.22966886,1
52263,11.150754,2.8537986,6
52264,4.349766,7.4254704,5
52265,10.180582,2.5136685,6
52266,3.0504472,6.564685,5
52267,-1.8988388,14.2340975,4
52268,-3.6254046,-0.85067487,1
52269,5.5780163,4.348269,3
52270,-0.5290894,12.113313,9
52271,2.8373609,-0.7586657,2
52272,5.7237678,6.6393933,3
52273,10.150334,2.6776698,6
52274,1.057129,14.041624,4
52275,10.094881,2.3367596,6
52276,14.561612,8.567689,0
52277,-1.1946838,13.743709,4
52278,-1.5392357,-4.0249944,1
52279,-3.5400548,-1.3193636,4
52280,-0.875,10.155504,8
52281,6.9877596,4.375222,3
52282,10.210989,4.521806,6
52283,0.59850854,6.7771363,8
52284,3.4627445,6.0804925,5
52285,0.38615954,6.4265294,8
52286,1.8334718,12.40344,9
52287,6.808074,4.7167425,3
52288,15.089885,8.638459,0
52289,16.064863,6.574789,0
52290,1.1720203,6.3587623,8
52291,-3.7067633,0.5323278,1
52292,0.7820715,7.2002544,8
52293,-1.6916478,14.063408,4
52294,15.518971,8.951046,0
52295,4.2801027,6.3996973,5
52296,1.1615368,6.5822024,8
52297,10.581824,2.9017227,6
52298,5.2758636,6.0552597,3
52299,-0.63778377,15.180341,4
52300,6.118002,5.785619,3
52301,-4.633446,10.276261,7
52302,-5.329526,9.901677,7
52303,0.13865893,6.2462792,8
52304,-1.9241253,10.486573,9
52305,15.951198,7.117544,0
52306,2.4531302,7.336152,8
52307,6.6714153,4.687492,3
52308,1.3491926,14.206998,4
52309,-3.0530033,0.6662254,1
52310,4.546226,6.797963,5
52311,-0.4587576,10.756463,9
52312,15.739121,8.023284,0
52313,16.048786,7.745582,0
52314,5.216914,7.210406,5
52315,-1.0907037,11.15319,9
52316,2.800345,-1.1871002,2
52317,-3.7238662,1.5837541,1
52318,14.933032,6.5776935,0
52319,4.6997185,-1.1938068,2
52320,15.460586,6.649127,0
52321,-4.4373946,9.649465,7
52322,-4.7636147,11.862858,7
52323,16.121172,7.769432,0
52324,-5.224289,10.903757,9
52325,-2.5684004,-0.21336092,1
52326,5.1746197,7.13886,5
52327,5.6985598,5.3914595,3
52328,-0.57449085,11.984286,9
52329,0.40044037,5.836737,8
52330,-4.0161853,11.450199,7
52331,3.5135489,-0.80764997,2
52332,4.827819,7.413121,5
52333,-1.4454687,10.369781,9
52334,-2.5169842,-0.54213214,1
52335,3.9358418,-0.81287,2
52336,14.942531,6.480819,0
52337,-4.2341986,9.2666645,7
52338,11.643491,4.498883,6
52339,-4.2793937,10.3842,7
52340,-1.3906908,11.613556,9
52341,-0.70387506,10.842596,9
52342,-2.967,-2.0972223,1
52343,-2.0607507,14.307079,4
52344,-0.8974149,14.394638,4
52345,3.855925,-0.86185247,2
52346,0.7540165,13.8177595,4
52347,6.0325766,5.028032,5
52348,1.1215808,13.986538,4
52349,0.46135023,6.5985894,8
52350,5.9724936,5.9496737,3
52351,10.447575,2.959376,6
52352,0.8829826,6.2644835,8
52353,3.3226416,5.4287953,5
52354,15.544514,7.387853,0
52355,-0.7834538,10.599176,9
52356,1.2537386,12.534125,9
52357,-0.61570936,10.966495,9
52358,3.2664285,0.6606736,2
52359,-3.046583,0.6115652,1
52360,-3.6819847,0.6844237,1
52361,-3.0848386,0.58299035,1
52362,-2.614461,-3.0329492,1
52363,-4.1452336,10.0981,7
52364,3.4545343,6.706204,5
52365,11.260976,3.5059311,6
52366,3.1215873,-1.1355213,2
52367,-1.4770498,11.038678,9
52368,-2.2683923,-3.7760515,1
52369,-3.7869728,0.9839391,1
52370,3.811555,-1.6922823,2
52371,7.0183,4.492498,3
52372,1.8453081,12.228377,9
52373,3.7179582,-0.9739439,2
52374,11.320341,5.2810135,6
52375,7.014191,4.591822,3
52376,-0.95998585,-3.6431482,1
52377,-0.43408313,14.876904,4
52378,5.092809,5.058415,3
52379,6.523379,4.3157163,3
52380,10.670727,3.6587775,6
52381,-3.7597835,0.5989645,1
52382,-2.1520104,-3.796039,1
52383,-1.3611417,10.437666,9
52384,0.1326534,14.987368,4
52385,6.563811,3.9985738,3
52386,6.380094,4.6821723,3
52387,10.674828,2.784937,6
52388,5.053842,7.1248503,5
52389,0.15675077,6.801031,8
52390,6.0022197,4.665109,8
52391,-4.5930204,10.107972,7
52392,1.5797324,-1.2661997,1
52393,16.012144,6.838079,0
52394,5.936989,6.5718966,3
52395,-3.1746113,0.83858156,1
52396,14.129395,6.686871,0
52397,15.612361,6.72717,0
52398,1.0951229,6.113319,8
52399,3.0197537,4.493254,5
52400,2.2201936,-0.561486,2
52401,0.28087437,5.9374795,8
52402,1.1896434,14.49139,4
52403,3.7160275,-0.6139427,2
52404,5.888525,6.6611576,3
52405,-4.069807,9.672347,7
52406,-0.56667286,12.171053,9
52407,-4.898288,10.317099,7
52408,3.4860585,-0.40644795,2
52409,15.799539,7.638623,0
52410,2.2148242,-0.21933462,2
52411,-2.0714457,-1.6959186,1
52412,11.429278,5.7133155,6
52413,3.3024485,-1.0274388,2
52414,-0.13896488,12.898089,4
52415,6.226067,5.6394153,3
52416,-0.83828276,-3.9804335,1
52417,-0.5508068,13.911359,4
52418,-3.1831663,-1.2787191,1
52419,3.3799193,5.418938,5
52420,10.987678,4.5255637,6
52421,11.544425,3.6617603,6
52422,1.7965465,-1.2525594,2
52423,-4.9590983,10.349586,7
52424,0.9887482,13.432479,4
52425,0.8111848,6.412898,8
52426,10.101758,3.7925577,6
52427,0.6416167,11.461816,9
52428,15.033617,6.298976,0
52429,15.843021,8.511529,0
52430,1.0977441,7.1423416,8
52431,-1.9986451,-2.3347116,1
52432,6.8123555,5.518604,3
52433,3.6174936,-0.22913767,2
52434,10.759181,4.662912,6
52435,6.251899,6.2970963,3
52436,-5.1115847,10.88497,7
52437,0.20743795,14.387974,4
52438,15.047965,8.1555195,0
52439,3.341057,5.1747084,5
52440,3.2586389,-1.4007678,2
52441,11.773736,4.2562184,6
52442,0.010531996,13.0655365,4
52443,-5.3072577,11.622521,7
52444,-1.3582162,-2.1656485,1
52445,1.1425276,6.9907856,8
52446,5.1309958,4.7589216,3
52447,0.08971353,10.824659,9
52448,0.20177852,14.401813,4
52449,16.183271,8.0800085,0
52450,-4.24128,1.9196672,1
52451,-2.2586343,-1.5526313,1
52452,5.06153,7.000484,5
52453,3.6791813,-0.9068336,2
52454,-0.6144066,-4.0007734,1
52455,6.2290792,6.3516283,3
52456,-3.2886636,1.1305754,2
52457,-0.50773954,14.95315,4
52458,3.3118763,6.0068808,5
52459,3.9956956,7.0627847,5
52460,-4.112591,0.5519486,7
52461,11.791115,4.4430947,6
52462,1.3310943,12.878909,9
52463,-4.913009,10.081836,7
52464,7.119169,5.448303,3
52465,1.3425776,6.3838644,8
52466,-3.367785,8.603814,7
52467,0.006976946,11.295972,9
52468,0.29282668,5.5620914,8
52469,0.45948502,6.9590445,8
52470,14.953682,7.901403,0
52471,-3.8393135,10.468301,7
52472,10.040304,3.0837588,6
52473,-1.6092783,13.704422,4
52474,4.9870877,6.8727245,5
52475,-3.7771418,10.197198,7
52476,7.0099854,4.9443364,3
52477,-3.6930306,9.635601,7
52478,-1.9535362,10.59448,9
52479,5.7473,4.5767536,3
52480,-4.029576,9.995462,7
52481,-0.54254234,11.051707,9
52482,9.942837,3.2634006,6
52483,0.06558608,7.106223,8
52484,-3.2127552,9.286371,7
52485,0.59877735,6.590578,8
52486,-3.971327,9.075599,7
52487,6.8814964,4.925905,3
52488,3.385417,-1.7319211,2
52489,-2.856009,-1.322427,1
52490,-4.0433574,11.230271,7
52491,3.2432218,5.76659,5
52492,-2.746903,-0.2810562,1
52493,0.23354913,6.4510446,8
52494,11.485688,5.9533534,6
52495,3.4799922,-1.3585876,2
52496,1.5767194,6.635272,8
52497,-4.7798595,10.00212,7
52498,-3.2868288,-1.6176664,1
52499,-1.2596824,14.429139,4
52500,1.3029509,12.477543,9
52501,3.8570004,-0.959252,2
52502,10.899303,4.879346,6
52503,11.344241,3.7608967,6
52504,10.108435,3.880732,6
52505,-3.3754704,-1.5777117,1
52506,0.6257851,11.8226595,9
52507,3.4064784,6.5403337,5
52508,15.73671,8.918877,0
52509,4.1356683,6.781675,5
52510,0.10230001,12.260321,9
52511,-0.36637032,6.274139,8
52512,3.728368,-1.3767927,2
52513,11.427092,3.7685592,6
52514,11.696386,5.8713245,6
52515,-1.3678272,14.521869,4
52516,10.313913,2.9911354,6
52517,-0.94041884,14.009948,4
52518,11.472188,5.1829343,6
52519,-1.7202635,14.226879,4
52520,14.445677,7.7655897,0
52521,-3.867343,-0.64050436,1
52522,0.072277606,11.926504,4
52523,-0.29349452,5.9981713,8
52524,-3.2826278,10.270937,7
52525,-3.928122,10.30982,7
52526,15.84537,8.368784,0
52527,3.6619754,6.5602527,5
52528,-3.4143796,9.6744375,7
52529,3.2774549,6.3446445,5
52530,-2.650016,-3.0060577,1
52531,-2.3434098,-0.5948363,1
52532,0.5695654,14.081761,4
52533,0.70200944,6.1893406,8
52534,10.808614,3.7031128,6
52535,-0.6509852,11.439803,9
52536,2.1873403,7.6304703,8
52537,-3.2592914,-1.8368253,1
52538,2.076622,12.428951,9
52539,5.692457,4.818579,3
52540,3.7224355,5.5693583,5
52541,11.118683,5.0439687,6
52542,10.960552,5.0723286,6
52543,6.5286584,4.412711,3
52544,11.84309,6.4637337,6
52545,6.6895757,4.9098134,3
52546,0.073297866,11.829919,9
52547,4.3632245,-0.995943,2
52548,1.7068881,-0.96791,2
52549,4.080577,-0.7981659,2
52550,1.5250063,-0.5023919,2
52551,11.780422,5.1850896,6
52552,-2.0249143,-1.6539372,1
52553,0.17214073,12.110617,9
52554,15.862487,8.87512,0
52555,-0.32799158,11.410156,9
52556,0.8632042,12.291194,9
52557,11.3040495,4.0588307,6
52558,14.5426855,7.3416815,0
52559,3.9410427,6.1275725,5
52560,11.587355,5.4816337,6
52561,3.7237525,5.9866223,5
52562,-1.6462616,-4.1008863,1
52563,6.3994308,3.9851573,3
52564,1.62613,14.402039,4
52565,5.577803,5.4916773,3
52566,-1.1677182,14.032627,4
52567,0.42637798,6.391015,8
52568,-5.0427313,10.168606,7
52569,-2.914236,-1.4412522,1
52570,-1.4046899,11.706279,9
52571,10.898615,3.7114694,6
52572,0.108626306,13.702913,4
52573,0.37871477,5.8921647,8
52574,3.61973,-0.22304213,2
52575,-1.8586528,-1.5649,1
52576,0.17934938,12.228781,9
52577,1.0811659,12.0150175,9
52578,11.597641,6.2950563,6
52579,-4.04808,11.146921,7
52580,0.23391649,13.613837,4
52581,11.138712,4.225296,6
52582,3.6110127,0.6608444,2
52583,-0.20942578,6.3733096,8
52584,10.001871,3.0767517,6
52585,6.0400677,5.0225897,3
52586,-0.53772545,-4.498279,1
52587,-4.276272,9.420871,7
52588,-3.824723,10.756699,7
52589,-1.0239812,14.293032,4
52590,6.173369,6.3638473,3
52591,-4.8592343,9.980917,7
52592,0.84452707,7.3894773,8
52593,15.674065,8.267589,0
52594,-3.1291678,9.458982,7
52595,-0.095093966,10.932629,9
52596,15.962319,6.74491,0
52597,15.004655,7.2747188,0
52598,11.494955,3.3832886,6
52599,14.50925,7.4742737,0
52600,0.67627656,13.675544,4
52601,6.890861,4.663849,3
52602,3.5459154,-0.4021494,2
52603,-3.5977454,9.228722,7
52604,-0.48751068,12.882308,4
52605,-1.2430279,11.239377,9
52606,-5.079857,10.576446,7
52607,5.989223,3.5622785,3
52608,3.109135,6.670007,5
52609,15.509725,6.834528,0
52610,10.140808,2.2150905,5
52611,3.7335281,-0.5389419,2
52612,-0.5575761,6.017022,8
52613,15.375696,8.379753,0
52614,-1.8443109,-1.7268486,1
52615,-2.5657232,-0.23828861,1
52616,-4.3259697,1.417153,1
52617,16.04802,7.167987,0
52618,0.60511976,11.946906,9
52619,-2.3102145,-1.1272179,1
52620,10.749704,4.758713,6
52621,15.174914,7.658642,0
52622,-0.81061834,-3.2675092,1
52623,-1.06699,14.373006,4
52624,-0.19076534,-4.538388,1
52625,16.143896,8.558755,0
52626,10.71311,4.951379,6
52627,-3.5630455,-1.0015424,1
52628,14.498527,6.7743483,0
52629,15.61017,6.503716,0
52630,1.6541629,-0.49861896,2
52631,-0.30007315,14.570345,4
52632,0.45206055,6.6119404,8
52633,-3.4945478,9.505846,7
52634,2.6351724,-0.7546033,2
52635,-1.3494047,11.107851,9
52636,5.865979,6.283629,3
52637,4.484742,-0.90904546,2
52638,4.8743052,5.017709,9
52639,15.728304,8.022139,0
52640,10.861386,5.2606745,6
52641,11.467061,3.4826794,6
52642,1.5083666,14.349914,4
52643,3.0970426,-0.9144276,2
52644,-3.1322775,9.575321,7
52645,11.812964,4.9651403,6
52646,0.60276127,11.938289,9
52647,4.124283,-1.3544554,2
52648,-2.236968,-3.8117802,1
52649,4.1182175,-0.93916464,2
52650,2.8778818,5.456132,5
52651,0.16394836,11.03953,9
52652,0.16809915,14.977844,4
52653,-0.9542617,11.0445385,9
52654,-1.5809779,-2.5432353,1
52655,15.371425,6.3986354,0
52656,1.8704891,-0.020752346,2
52657,-3.5018325,0.17310962,1
52658,1.1795881,14.735293,4
52659,3.950687,-0.8665666,2
52660,3.8965862,-1.9313213,2
52661,5.8717403,4.4699883,3
52662,1.0950313,7.364484,8
52663,-1.294775,14.594853,4
52664,5.3309817,4.355035,3
52665,3.7657485,5.9816127,5
52666,-5.4414062,12.109093,7
52667,10.841167,3.6288533,6
52668,-2.3762906,-2.4046433,1
52669,-3.2936938,8.915912,7
52670,-4.023478,9.680845,7
52671,-0.06942817,4.9601684,8
52672,0.849751,12.396656,9
52673,15.746927,6.556091,0
52674,14.889439,5.905917,6
52675,-3.2654781,0.31835908,1
52676,6.0785437,5.7764626,3
52677,4.417949,-1.4111929,2
52678,10.037034,3.076475,6
52679,6.7216897,4.5420365,3
52680,-3.6372373,10.000906,7
52681,-1.1509588,14.962358,4
52682,0.52635336,14.075166,4
52683,3.0764468,5.6554594,5
52684,2.5256221,-0.9630423,2
52685,10.6127405,3.8810177,6
52686,3.3764732,7.0044093,5
52687,-3.1683965,8.845582,7
52688,10.048491,3.9758701,6
52689,-0.36188087,5.196952,8
52690,6.402833,6.429884,3
52691,15.522638,5.889657,0
52692,5.186251,4.9241767,3
52693,-3.7098672,0.5114966,1
52694,2.2796454,0.32080612,2
52695,3.8579745,-1.3275785,2
52696,15.022924,6.512452,0
52697,6.968771,4.523312,3
52698,15.957093,6.097127,0
52699,-0.009819268,5.32643,8
52700,6.6468096,5.0147624,3
52701,-4.024867,9.135266,7
52702,6.4864826,5.081001,3
52703,-1.0868741,14.42686,4
52704,1.7335031,14.368809,4
52705,-5.396929,10.194517,7
52706,3.0192673,5.5875564,5
52707,-1.5564841,10.027935,7
52708,1.779677,14.451672,4
52709,-1.0886797,10.387052,9
52710,-0.7346089,-3.5139444,1
52711,-0.01845682,5.478274,8
52712,1.8817582,12.297054,9
52713,7.003849,4.3059855,3
52714,0.704809,12.418767,9
52715,-4.0926223,1.5436577,1
52716,14.314023,5.9817743,0
52717,3.599301,5.4581165,5
52718,0.32767904,13.3488245,9
52719,-0.39226234,5.2726874,8
52720,14.686919,6.3803787,0
52721,-1.969713,14.144466,4
52722,1.0845721,6.072477,8
52723,3.9936717,-0.8330021,2
52724,10.204463,4.1156874,6
52725,10.823501,3.6047158,6
52726,3.4044154,-1.211147,2
52727,-1.2455767,14.889186,4
52728,15.779116,8.705434,0
52729,-0.95603323,14.897558,4
52730,-4.816991,11.679841,7
52731,-3.84727,-0.33272558,1
52732,-5.1639137,10.781135,7
52733,-0.6492245,5.282951,8
52734,0.14255473,13.487344,4
52735,-3.3305438,8.4999075,7
52736,-3.7421212,10.9255,7
52737,3.7325966,5.290444,5
52738,2.6994982,-0.92621017,1
52739,3.420527,5.7543044,5
52740,4.917567,4.9054055,3
52741,-3.6123362,1.5923907,1
52742,10.702918,4.06492,6
52743,-0.732885,10.674079,9
52744,-3.535117,11.368525,7
52745,-4.2589006,0.8149388,1
52746,0.45612928,6.4647536,8
52747,6.6235757,3.7203991,3
52748,1.3878961,14.32716,4
52749,10.421621,3.8372614,6
52750,-3.9963078,9.502099,7
52751,6.794346,4.119063,3
52752,-5.3148203,12.181247,7
52753,7.035858,4.3761487,3
52754,10.516757,2.387427,6
52755,4.6597495,-1.2659633,2
52756,-0.17599784,13.299152,4
52757,4.743129,-1.1620976,2
52758,-1.4567282,-3.8666399,1
52759,10.8673315,2.9319751,6
52760,-3.6807065,11.339835,7
52761,-2.2355251,9.674352,9
52762,2.0067062,-0.5079868,2
52763,-2.1062124,10.1954365,9
52764,0.20375642,6.6073327,8
52765,10.885965,3.4214113,6
52766,14.461568,5.735142,0
52767,3.1895697,4.551636,5
52768,9.881602,3.7532022,6
52769,3.2857065,4.694746,5
52770,0.9508465,12.397445,9
52771,6.878249,4.2211533,3
52772,0.28361264,12.126119,9
52773,6.1576467,5.848595,3
52774,3.4359658,-1.3471712,2
52775,-0.82210547,5.5919204,8
52776,3.1901743,6.3051963,5
52777,-3.3878546,-0.33943504,1
52778,4.6720824,7.50514,5
52779,-4.212913,9.292025,7
52780,-0.6546052,-4.0880976,1
52781,10.212622,3.1592863,6
52782,1.9830143,-0.70313734,2
52783,-0.24943857,5.834016,8
52784,3.2578688,-1.3317509,2
52785,7.0356193,4.367739,3
52786,-4.643967,10.842029,7
52787,-3.476971,8.602157,7
52788,10.617582,3.736227,6
52789,-1.8119199,14.317939,4
52790,6.2047477,6.464793,3
52791,-3.3157222,8.606957,7
52792,5.4198613,7.2936482,5
52793,15.426458,5.8412766,0
52794,6.766358,5.356722,3
52795,-1.4084814,11.717278,9
52796,3.4643264,-1.7223092,2
52797,14.989598,6.2168765,0
52798,5.1166196,7.647381,5
52799,15.403379,6.4962654,0
52800,1.659769,7.68717,9
52801,3.678531,-0.45366454,2
52802,1.474363,-1.0723072,2
52803,-4.42432,9.422418,7
52804,15.176523,7.6140866,0
52805,-0.1680624,10.70356,9
52806,10.050261,2.7266197,6
52807,-2.944257,0.663181,1
52808,1.731548,6.7331905,8
52809,14.932863,5.932615,0
52810,6.292686,4.8931484,3
52811,-3.4610393,0.22497417,1
52812,3.0257785,0.32805705,2
52813,15.25784,6.219804,0
52814,5.086184,5.689797,9
52815,-1.7727219,14.112768,4
52816,6.7264953,5.43299,3
52817,14.9065895,5.7686906,0
52818,6.848517,5.591504,3
52819,-3.9182816,0.8386857,1
52820,10.334749,2.6264365,6
52821,15.034686,6.5283103,0
52822,-2.6256032,-0.23493852,1
52823,-1.950945,14.213591,4
52824,-3.4325073,10.799574,7
52825,-3.5060637,8.482347,7
52826,3.3389225,6.491467,5
52827,-1.3686122,11.421283,9
52828,4.8262143,4.567044,3
52829,4.3412757,-1.5386066,2
52830,0.7166805,6.7925463,8
52831,15.621508,6.0120754,0
52832,15.503883,7.15628,0
52833,10.360612,2.9834177,6
52834,3.197877,-0.77958727,2
52835,3.9796512,-1.2685512,2
52836,15.290513,7.745849,0
52837,10.86434,2.9862819,6
52838,1.7749599,14.4305,4
52839,4.3150992,-1.3249958,2
52840,1.9020699,-0.5351591,2
52841,4.223266,-0.72283906,2
52842,-3.3528268,9.615376,7
52843,-1.7420846,10.227999,9
52844,10.205795,4.2487516,6
52845,-0.14496188,11.359982,9
52846,0.2897736,11.65156,9
52847,16.535679,7.8693132,0
52848,1.34703,6.8345356,8
52849,-2.7838938,-1.3680001,1
52850,-3.1186802,-0.9385302,1
52851,2.9651363,-0.73854595,2
52852,-0.32950187,13.008502,4
52853,5.1801205,4.6349444,3
52854,9.966819,2.2799504,1
52855,0.8335099,14.65103,4
52856,10.124916,3.9636521,6
52857,10.216915,2.4148183,5
52858,11.42463,5.09833,6
52859,11.5032015,4.9617677,6
52860,0.72237056,6.514451,8
52861,-3.6526437,10.141573,7
52862,2.4783883,7.2886243,8
52863,2.0761037,7.012586,8
52864,5.7468324,4.237535,3
52865,15.0547905,6.980431,0
52866,-5.3716116,12.086091,7
52867,-3.1886325,-0.4943722,1
52868,-1.6901568,-3.046167,1
52869,-3.8527577,8.798792,2
52870,2.3535838,4.479731,5
52871,5.759802,4.657528,3
52872,-2.9728944,-1.868084,1
52873,-1.7650791,14.499055,4
52874,3.781858,-1.2144474,2
52875,10.418939,2.3199694,5
52876,0.09464664,13.48029,4
52877,11.681279,4.4809484,6
52878,-1.6343914,-3.2281551,1
52879,-3.944377,9.655556,7
52880,11.552519,5.547606,6
52881,0.5546733,6.1885424,8
52882,-2.8331378,-2.7113712,1
52883,-0.75160646,11.391855,9
52884,0.08830911,5.69065,8
52885,16.15094,8.127125,0
52886,-3.0544791,10.8151655,7
52887,-4.1933937,0.663419,1
52888,-2.6607578,-1.6381837,1
52889,3.9050698,-0.92769563,2
52890,1.3310896,6.4760337,8
52891,5.5488553,3.9757855,3
52892,10.117763,2.4813373,8
52893,-1.6990994,14.690424,4
52894,1.767119,-0.2672901,2
52895,3.3031797,5.680985,5
52896,3.2675827,6.941314,5
52897,11.045938,3.3839874,6
52898,2.8186696,-1.2400182,2
52899,1.8093317,-0.70485824,7
52900,1.0781301,6.666523,8
52901,0.78065395,6.4863777,8
52902,4.405323,7.092604,5
52903,0.07423086,11.0411,9
52904,6.315703,4.2107143,3
52905,0.60454625,6.1829796,8
52906,-1.123112,-4.300199,1
52907,5.27893,4.4974055,3
52908,10.918069,5.179144,6
52909,0.13779056,14.815193,4
52910,2.0661569,12.15149,9
52911,-3.9932027,9.324843,7
52912,10.142767,2.6469452,6
52913,1.3296882,6.1623874,8
52914,5.743407,6.6474705,5
52915,11.824528,4.7955933,6
52916,-0.595628,-3.8967102,1
52917,5.347405,4.544277,3
52918,11.632689,6.5444818,6
52919,-0.1406689,14.588346,4
52920,0.604168,14.650431,4
52921,16.23809,8.243637,0
52922,4.9007435,5.31463,3
52923,0.0678439,10.817388,9
52924,6.095973,6.6121883,3
52925,-4.9945927,9.717478,7
52926,-3.4685256,10.589432,7
52927,-2.271181,-1.5427257,1
52928,14.323123,5.8179493,0
52929,-0.06316605,10.544125,9
52930,15.369796,7.937684,0
52931,5.6218405,4.3557763,3
52932,4.401743,-1.4260887,8
52933,0.1481978,5.994966,8
52934,14.735661,6.390855,0
52935,-0.39387366,14.69813,4
52936,6.7704263,6.4871826,3
52937,-3.5963907,9.296457,7
52938,-3.700545,9.462578,2
52939,5.4576354,4.2230783,3
52940,5.707269,3.9463394,3
52941,16.127104,8.370191,0
52942,3.1582887,-1.7655469,2
52943,0.1847453,10.8890085,9
52944,1.1897933,7.377434,8
52945,-1.1420445,15.048776,4
52946,11.1405325,4.977286,6
52947,3.3883734,5.67545,5
52948,0.73850256,12.617608,9
52949,-0.24531527,14.391047,4
52950,1.5386829,6.5608444,8
52951,10.952753,4.447516,6
52952,-3.2867923,8.151839,7
52953,-0.25641727,6.419191,2
52954,-0.24214235,6.3094773,8
52955,15.699309,7.6268806,0
52956,4.2144594,-1.4608134,2
52957,11.258154,4.751056,6
52958,1.2045574,14.218971,4
52959,2.4052005,-1.1193191,2
52960,-4.7567034,11.625969,7
52961,-2.5690174,-2.0888643,1
52962,5.0318236,7.2483115,5
52963,-2.8892603,0.064041354,1
52964,-4.9167233,8.901204,7
52965,-2.5826952,-0.1856186,1
52966,6.347305,5.5192456,3
52967,-2.5361419,-0.45117483,1
52968,-3.4215486,8.253559,8
52969,-4.4273973,9.50867,7
52970,3.4547071,6.5161963,5
52971,-4.450259,8.925459,2
52972,5.0635624,5.518651,3
52973,-0.85727406,14.032929,4
52974,5.1905303,5.6902947,3
52975,-3.4388025,9.144722,2
52976,10.993862,3.318506,6
52977,-0.64511144,10.785182,9
52978,14.159793,6.455954,0
52979,-0.8842072,15.078949,4
52980,2.1246145,7.32778,8
52981,10.683664,2.2578518,5
52982,1.9216347,-0.5530727,2
52983,0.61450344,5.9286346,8
52984,-0.53348273,-4.1775184,1
52985,-1.5297408,14.42545,4
52986,11.605756,6.256105,6
52987,3.4275036,-0.9542921,2
52988,-0.10085508,13.788912,4
52989,-0.30740574,10.680734,9
52990,-1.6489372,-3.5588024,1
52991,-4.5847044,10.281805,7
52992,-4.4835806,11.5217085,7
52993,15.961199,8.0280695,0
52994,5.6772075,5.5115185,3
52995,16.396301,8.21806,0
52996,-1.5320342,13.5640955,4
52997,-4.3227453,8.720158,7
52998,-5.286781,11.840571,7
52999,3.4051073,5.5842295,5
53000,3.281687,6.936926,5
53001,-2.81164,0.21085994,1
53002,0.029755259,5.7340336,8
53003,-4.3012695,9.35464,7
53004,-3.5584123,-1.0143232,1
53005,11.044214,3.033958,6
53006,2.264198,7.2570224,8
53007,11.64938,3.7355769,6
53008,2.3049653,-0.5597389,2
53009,11.348156,3.4040575,6
53010,0.15961586,11.068933,9
53011,0.009962929,5.693558,8
53012,-2.1163926,-1.9610947,1
53013,2.8690631,-0.83515424,2
53014,14.682618,7.024118,0
53015,10.470899,2.2660532,5
53016,-2.393688,-2.7514768,1
53017,-0.41417524,6.6868763,2
53018,-1.0427847,-2.9574509,1
53019,-3.8467102,8.858252,2
53020,1.2888556,12.561829,9
53021,-4.7549486,10.552397,7
53022,2.1509035,12.665897,9
53023,-4.625161,10.042667,7
53024,4.1705213,7.353753,5
53025,-0.8874275,15.1171665,4
53026,4.762456,-1.3615605,2
53027,15.816779,7.9144535,0
53028,0.90529925,6.046123,8
53029,-3.8058894,8.842407,2
53030,15.509522,8.815035,0
53031,0.09646875,14.930911,4
53032,-0.80835915,13.514904,4
53033,3.4714284,-1.052326,2
53034,3.3117166,-1.0749726,2
53035,5.594346,3.8681815,3
53036,-4.41023,8.897607,8
53037,5.3453727,4.185299,3
53038,14.924924,8.7985735,0
53039,5.5307803,4.208046,3
53040,-1.3582436,-2.4320097,1
53041,-3.315746,0.8804974,1
53042,5.8314247,6.4518075,3
53043,1.1442546,5.709518,8
53044,5.400484,5.904835,9
53045,-0.33388895,10.420488,9
53046,5.680726,7.6775947,5
53047,11.280654,4.1758494,6
53048,6.2474213,4.492895,3
53049,-3.7912338,0.39046192,1
53050,4.223711,7.620764,5
53051,15.206535,7.279082,0
53052,-0.50753057,14.221206,4
53053,3.3156457,5.5599566,5
53054,3.0502439,6.085268,5
53055,-0.24793853,10.703731,9
53056,3.137889,-1.4038932,2
53057,11.126555,4.0602612,6
53058,-1.0366527,-3.2517118,1
53059,-0.4059142,10.962199,9
53060,-5.141982,10.038637,7
53061,-0.44299778,5.8555026,8
53062,-0.04150096,13.432238,4
53063,10.361352,2.2890155,5
53064,1.9016267,7.1028123,8
53065,0.093404144,6.3262973,8
53066,-4.7843122,9.891905,7
53067,3.4216974,5.9082828,5
53068,11.297841,5.344445,6
53069,10.2428,2.374258,5
53070,1.1973608,12.144356,9
53071,1.0034386,5.73304,8
53072,2.0923653,-0.5657244,2
53073,15.98969,7.97201,0
53074,-4.268292,8.701448,7
53075,5.585525,3.9466188,3
53076,-4.939317,9.528556,2
53077,16.06772,8.161423,0
53078,-1.3136185,13.814316,4
53079,1.2188737,5.8085475,8
53080,-0.4834182,-4.405921,1
53081,11.50981,4.833728,6
53082,1.0861629,6.937063,8
53083,5.680771,4.4988117,3
53084,5.70173,5.8755717,3
53085,16.186405,7.363726,0
53086,3.9799175,6.747902,5
53087,-3.4778934,1.4332209,1
53088,4.41254,-0.75936806,2
53089,4.7500243,-0.9852603,2
53090,-0.40720135,5.244857,8
53091,5.936352,4.054376,3
53092,-0.4100282,5.0543566,8
53093,-1.1641945,15.124723,4
53094,-3.9304836,9.711995,7
53095,10.647978,2.7023294,6
53096,2.951962,6.5972633,5
53097,-5.2472844,9.970888,7
53098,-1.0571531,-3.4173017,1
53099,0.031071384,6.395974,8
53100,5.3039827,7.734588,5
53101,15.778085,8.019404,0
53102,-4.5304685,11.739496,7
53103,-3.466954,1.4583865,1
53104,5.7566147,5.564734,3
53105,4.18101,-0.8157068,2
53106,10.665752,3.686648,6
53107,6.2262225,4.132531,3
53108,5.6691694,6.320288,3
53109,-1.6699374,14.968583,4
53110,0.6313737,6.023051,8
53111,11.688426,4.5877423,6
53112,1.0099543,5.8578715,8
53113,-3.9578092,9.290667,7
53114,4.9738803,7.2141466,5
53115,-0.68251,6.099649,8
53116,14.022873,7.911806,0
53117,15.619764,7.114115,0
53118,15.143232,8.5015545,0
53119,-4.1959662,1.089259,1
53120,4.6528983,7.870588,5
53121,4.619686,-0.99506253,2
53122,3.648649,6.4856405,5
53123,5.9805045,3.6850636,3
53124,14.668445,5.8961577,0
53125,-1.8752258,15.134817,4
53126,1.246828,12.287446,9
53127,11.406387,3.4635756,6
53128,0.31386572,6.409249,8
53129,-4.20241,8.714139,7
53130,-0.124495834,13.152573,4
53131,-0.53615457,6.2361917,8
53132,2.5823216,-0.71246564,2
53133,-0.19093484,6.137664,8
53134,-1.3628742,13.950726,4
53135,-3.0931647,0.91662514,1
53136,5.915943,4.2972536,3
53137,-3.9843972,9.008395,7
53138,3.596786,-0.9694032,2
53139,4.3766165,-1.2154523,2
53140,-0.9604953,-3.9128332,1
53141,-1.8813524,14.547329,4
53142,0.69599503,12.492372,9
53143,-3.5425801,1.8083888,1
53144,-1.4841781,14.5321045,4
53145,-1.9986733,14.842058,4
53146,-1.2260723,10.998271,9
53147,-4.2951827,1.4664696,1
53148,10.054425,2.372005,6
53149,-1.4350176,15.138821,4
53150,2.3582366,7.144971,8
53151,-1.5773274,9.838648,9
53152,5.219454,6.7709627,5
53153,11.423379,2.9731886,6
53154,0.61140466,12.068588,9
53155,-0.06350827,5.6500773,8
53156,3.2854187,0.313799,3
53157,-1.5641724,14.852253,4
53158,6.1594305,4.995954,3
53159,-3.9279945,8.895533,7
53160,-0.9629176,-3.4512565,1
53161,0.09686822,5.6482444,8
53162,-2.053393,-1.276515,1
53163,-2.153224,15.123627,4
53164,-3.9119103,11.361598,7
53165,5.737049,3.7755587,3
53166,-0.073633045,11.406619,9
53167,5.6783385,3.9821258,3
53168,-1.1143311,12.231342,1
53169,11.32414,3.3948665,6
53170,1.5444214,7.7981987,8
53171,-4.649227,8.966339,7
53172,4.768846,7.485843,5
53173,15.706866,6.2776775,0
53174,15.51158,7.2116823,0
53175,11.427997,3.9562716,6
53176,-3.046844,-2.0033922,1
53177,-3.7001786,1.5779806,1
53178,-2.6357653,-2.9069455,1
53179,11.471653,3.5107808,6
53180,-3.1541421,-1.7800068,1
53181,2.8856945,6.3993325,8
53182,6.591923,5.1352935,3
53183,-4.9818144,9.242561,7
53184,1.265939,6.295873,8
53185,16.270374,7.335399,0
53186,0.8078521,7.2765517,8
53187,-4.335717,1.9495479,1
53188,-4.0359735,9.36437,7
53189,16.073994,7.1872473,0
53190,-0.26353064,10.678628,9
53191,-0.43606684,6.155885,8
53192,1.4456207,14.520786,4
53193,2.6066163,4.4334617,5
53194,-2.0930316,-2.8617325,1
53195,16.19654,6.8591566,0
53196,-2.1847765,10.294476,9
53197,11.171719,3.4997566,6
53198,10.732015,3.7427437,6
53199,-4.279749,1.4451665,1
53200,4.05633,6.6839204,5
53201,2.7636662,4.5293927,5
53202,-0.4591612,10.827462,9
53203,-0.36658955,5.852755,8
53204,0.99976707,12.635662,9
53205,-1.8311301,14.227373,4
53206,-1.7700737,-1.9280261,1
53207,3.7534878,-0.73189425,2
53208,0.39754832,5.697641,8
53209,6.351316,3.8928375,3
53210,-4.136479,11.475035,7
53211,-1.7952741,9.751085,9
53212,15.943158,7.5671268,0
53213,-4.4962864,9.237999,7
53214,-4.651455,11.725323,7
53215,11.44413,4.533242,6
53216,16.185987,7.385333,9
53217,-1.0865797,9.76092,9
53218,3.9592245,-1.0182413,2
53219,16.37419,7.118347,0
53220,10.597956,3.6003582,6
53221,11.541298,3.3796453,6
53222,-0.33673975,13.502364,4
53223,5.7562284,3.634014,3
53224,1.7201825,-0.62035197,2
53225,6.404739,3.783259,3
53226,-1.1407126,13.761653,4
53227,-4.674472,9.188533,7
53228,9.938435,2.9019854,6
53229,2.9848516,4.7944713,5
53230,10.582624,4.738528,6
53231,6.0239825,3.9194791,3
53232,-3.4347901,10.829552,7
53233,-3.7315745,1.8367786,1
53234,-4.100492,10.368049,7
53235,-0.026983488,5.609654,8
53236,0.97270316,7.475922,8
53237,4.685463,-0.82758284,2
53238,1.2251221,11.818738,9
53239,3.8725884,-0.31889164,2
53240,0.30386734,6.0065384,8
53241,6.471431,4.303526,3
53242,2.984715,12.201124,7
53243,15.4432955,6.7748566,0
53244,3.8054447,6.8453693,5
53245,4.263182,-1.5155883,2
53246,5.075065,4.367622,3
53247,-1.075749,9.963929,9
53248,-1.3348596,9.981285,8
53249,-2.1151493,14.37026,4
53250,-1.9451597,10.149144,9
53251,-0.96899986,9.874145,9
53252,6.936488,6.0580187,3
53253,-3.9807055,8.869702,7
53254,0.0076434608,13.411523,4
53255,16.285034,6.729289,0
53256,14.761443,8.375095,0
53257,16.362387,7.6603923,0
53258,-4.8925533,12.000842,7
53259,4.7770987,-0.85402876,2
53260,-0.29812807,13.066591,4
53261,-4.425344,9.125955,7
53262,5.4101567,5.8260202,3
53263,-1.9474028,14.977032,4
53264,3.8455057,0.6910247,2
53265,-1.0820118,10.01763,9
53266,1.7620177,-0.21734552,2
53267,-1.0947907,9.905343,9
53268,4.5427947,6.6942143,5
53269,3.7503183,-0.56611514,2
53270,14.472149,6.823297,0
53271,-0.0044986242,5.5840945,8
53272,3.1294563,6.5278273,5
53273,-2.9201725,0.55468106,1
53274,-4.77193,10.515906,7
53275,3.2893708,4.6304035,5
53276,-1.6875924,10.810106,9
53277,10.706935,2.8867996,6
53278,-3.4715858,-1.4482163,4
53279,-1.4421836,10.36933,9
53280,2.0563734,12.970657,9
53281,0.3361144,6.3012023,8
53282,5.922946,6.358201,3
53283,6.466017,3.822894,3
53284,3.590221,-0.3636484,2
53285,-0.26555815,5.4234686,8
53286,2.0647807,7.0507083,8
53287,6.497556,3.942812,3
53288,-1.1716446,13.9011345,4
53289,11.317538,2.9532113,6
53290,15.313826,7.4560666,0
53291,-4.9114084,9.203379,7
53292,5.005896,7.5099545,5
53293,16.0322,6.6499557,0
53294,-0.13762885,6.139732,8
53295,-1.8782256,14.8941345,4
53296,5.447739,7.071278,5
53297,16.400053,7.0511527,0
53298,14.700019,8.610957,0
53299,14.528864,7.2268405,0
53300,-0.09611953,13.184488,4
53301,-3.3631365,-0.09489564,1
53302,-3.7921956,9.19148,7
53303,1.978261,-0.16000688,2
53304,-2.108827,-2.9501035,1
53305,6.0199957,5.8385673,3
53306,5.891148,7.284243,5
53307,0.50432426,14.030492,4
53308,-0.4976592,-4.2475104,1
53309,3.3256557,7.1672263,5
53310,-1.7468755,-1.4713678,1
53311,11.650833,3.9251506,6
53312,2.8250115,6.065406,8
53313,-4.821707,10.700982,7
53314,-2.8188832,-2.8203964,1
53315,0.45710778,5.8840322,8
53316,6.034694,6.9772935,5
53317,-1.335318,11.149873,9
53318,11.204156,5.659643,6
53319,15.594784,8.038403,0
53320,10.074361,2.7407844,6
53321,-3.8365238,-0.6871313,1
53322,2.3699453,-0.40334597,2
53323,3.7295732,-1.0549589,2
53324,0.7184509,12.648335,9
53325,5.35737,5.1737833,3
53326,-1.9134449,-3.2901194,1
53327,0.35356277,14.444462,4
53328,15.5971,8.270134,0
53329,3.0502129,6.7555566,5
53330,-1.6398189,-3.2039123,1
53331,10.484096,3.7891548,6
53332,6.15636,6.3613167,3
53333,-4.8035455,10.036546,7
53334,-4.8608675,12.053616,7
53335,0.16803429,6.1613407,8
53336,11.292276,6.1088676,6
53337,-0.6833048,10.987133,9
53338,-3.3030322,9.664048,7
53339,15.583002,6.65572,0
53340,3.3271787,-1.3135257,2
53341,-3.2919714,0.12109908,1
53342,1.3215405,12.1426,9
53343,2.1617157,-0.97124135,2
53344,16.18243,8.79436,0
53345,5.7501864,6.0336385,3
53346,-0.63902396,13.955565,4
53347,-0.018831555,14.657087,4
53348,-0.69858104,-3.797166,1
53349,-1.2587429,10.713813,9
53350,14.207709,8.050633,0
53351,-2.598936,-0.28195605,1
53352,4.6797853,6.8919215,5
53353,15.930609,7.2816653,0
53354,15.929371,8.417166,0
53355,15.858388,7.366905,0
53356,3.5946045,6.114419,5
53357,5.2980046,5.6988554,3
53358,6.6483774,6.7225156,3
53359,10.915244,3.9589193,6
53360,14.182403,7.9279947,0
53361,-3.3436444,-0.9842859,1
53362,-0.019852022,13.539324,4
53363,1.0780649,14.865632,4
53364,-0.3059454,12.924853,4
53365,5.527907,5.2969356,3
53366,3.147147,0.1424147,2
53367,2.3716278,0.18231416,2
53368,-5.1157265,10.619553,7
53369,-0.24657823,11.2225485,9
53370,2.0590756,12.478458,9
53371,-3.48351,-0.052329116,1
53372,-5.392507,10.338536,7
53373,3.6825018,-1.6433263,2
53374,6.897467,6.15953,3
53375,-2.851758,0.21147765,1
53376,6.7858906,5.672437,3
53377,3.6387315,-0.578135,2
53378,1.7936925,14.634173,4
53379,1.0145141,11.45889,9
53380,14.2465515,7.7270017,0
53381,15.647718,6.0568347,0
53382,6.301095,5.871752,3
53383,-3.3922582,0.035140283,1
53384,-0.5144506,12.949956,4
53385,7.019797,5.515115,3
53386,1.3767431,11.884852,9
53387,15.829013,7.260688,0
53388,2.628031,-0.11074963,2
53389,11.643132,4.765381,6
53390,2.5444396,-0.6941339,2
53391,1.8576995,-0.5927507,2
53392,-5.0496683,11.921863,7
53393,-1.0215793,11.362254,9
53394,-2.7976103,-2.9619145,1
53395,-2.3465092,-1.6474359,1
53396,-1.0369891,12.581387,9
53397,0.13186233,11.537746,9
53398,12.043884,6.504237,6
53399,15.216339,5.734942,0
53400,0.20471564,6.9716444,8
53401,15.188634,6.112927,0
53402,5.7053843,5.712739,3
53403,15.267259,7.2167716,0
53404,14.398739,6.0863976,0
53405,-3.4046185,1.3003361,1
53406,11.01163,5.759466,6
53407,16.19493,7.7400393,0
53408,5.194918,7.6736445,5
53409,-2.8655133,-0.15250415,1
53410,3.3400042,6.391503,5
53411,-1.2966003,14.1345825,4
53412,5.9138026,4.7259755,3
53413,3.588849,7.1559677,5
53414,3.5504053,5.509809,5
53415,-4.9120874,10.990542,7
53416,10.737366,4.739305,6
53417,0.5710701,5.6614347,8
53418,-4.310561,10.099359,7
53419,6.150085,6.3234806,3
53420,1.8236985,6.7953463,8
53421,-0.48079383,14.141703,4
53422,9.894843,3.180942,6
53423,-4.7724524,11.774428,7
53424,14.259435,6.3282647,0
53425,-3.419718,-0.030634953,1
53426,1.7560637,14.513856,4
53427,-2.8237705,-2.4054794,1
53428,4.1784534,6.7126985,5
53429,15.391632,7.472579,0
53430,1.8459791,-0.46790037,2
53431,-4.779533,10.542144,7
53432,15.0376835,8.296419,0
53433,3.0896838,6.826647,5
53434,3.1323016,0.04718477,2
53435,-0.59555644,11.064902,9
53436,-2.445482,-2.9974556,1
53437,0.04339557,11.218067,9
53438,-0.47651294,11.759821,9
53439,-1.2857006,13.919297,4
53440,-0.25651824,5.390408,8
53441,-5.4088926,11.512265,7
53442,-0.2758115,10.935923,9
53443,5.040397,7.467291,5
53444,14.342273,7.4403954,0
53445,0.51095384,6.0173655,8
53446,0.017054453,13.059262,4
53447,5.751748,5.7084236,3
53448,-2.591758,-0.56901574,1
53449,-0.5440384,13.9430065,4
53450,-0.7856872,13.895542,4
53451,0.35175583,14.908043,4
53452,-0.37633467,14.858484,4
53453,5.624362,5.0393395,3
53454,16.403414,8.323557,0
53455,2.0847692,0.30327773,2
53456,1.106319,11.995454,9
53457,5.8701844,6.0678067,3
53458,-0.52116954,14.912852,4
53459,-1.9016529,14.620589,4
53460,14.090851,7.1341753,0
53461,2.8841233,6.3748355,5
53462,0.04843878,7.4943957,8
53463,11.227217,4.376389,6
53464,0.30068898,6.968235,8
53465,-3.898595,8.8679,7
53466,5.5457287,7.3555484,5
53467,-1.0448846,-2.880626,1
53468,-1.4048692,-3.9374354,1
53469,15.480416,6.643339,0
53470,-3.0144713,9.841103,5
53471,-3.9455836,1.300699,1
53472,11.355439,4.9156656,6
53473,4.4371624,-1.1934732,2
53474,6.86916,6.3313336,3
53475,6.002259,6.215987,3
53476,-2.9263337,10.724486,4
53477,-1.7693243,14.564906,4
53478,-3.1840985,10.353214,7
53479,2.8077664,6.2657194,5
53480,5.7812643,5.57349,3
53481,10.437525,3.8014314,6
53482,5.6852293,3.7498906,3
53483,-4.8727627,10.416444,7
53484,-2.651619,-1.7391992,1
53485,-0.23322661,6.3668985,8
53486,1.706885,7.1020656,8
53487,15.002414,7.491627,0
53488,6.890227,5.952412,3
53489,-4.3314624,1.9460303,1
53490,-3.8647108,10.523213,7
53491,3.6638584,0.01611488,2
53492,0.0543912,12.733461,4
53493,5.2515893,5.433635,3
53494,3.7120106,-1.8807862,2
53495,-1.1446589,14.4591465,4
53496,-1.7702879,11.345329,9
53497,2.6213536,5.6310177,5
53498,-2.5060217,-3.417459,1
53499,10.11051,3.2624912,6
53500,1.9534811,-0.464841,2
53501,-3.9605858,9.977263,7
53502,14.849613,7.608778,0
53503,14.587983,6.247045,0
53504,1.7122532,-0.7665595,2
53505,1.0129255,12.18433,9
53506,0.22377878,5.780119,8
53507,3.5638106,6.786749,5
53508,2.3993738,4.7639904,8
53509,14.057617,6.377196,0
53510,-4.772003,9.827264,7
53511,0.3720012,11.910712,9
53512,2.0589051,0.028211901,2
53513,0.80865234,6.7383356,8
53514,5.241763,4.8226147,3
53515,0.38480678,12.017354,9
53516,10.958452,5.2493773,6
53517,1.4144706,7.727468,8
53518,-4.0020895,-0.02882548,1
53519,0.22700447,14.658109,4
53520,2.5289772,7.404027,8
53521,-2.8285563,-2.0149088,1
53522,16.126162,7.293543,2
53523,-4.7803164,10.606426,7
53524,16.128372,7.825778,0
53525,-4.5226893,11.276616,7
53526,10.457485,4.3226933,6
53527,5.3944063,5.986636,3
53528,-0.00037099334,12.997215,4
53529,2.4794152,5.1307435,5
53530,2.086314,12.291223,9
53531,-4.2834625,1.1141756,1
53532,1.3979653,12.2433,9
53533,15.695998,6.524428,0
53534,11.343984,6.1089067,6
53535,14.728102,7.1149797,0
53536,14.706254,7.623755,0
53537,15.110268,6.786713,0
53538,4.2297873,6.8379545,5
53539,-3.3219085,-0.22279263,1
53540,10.063007,3.9508245,6
53541,3.4046752,-1.296919,2
53542,6.679979,6.219979,3
53543,11.361818,5.2511797,6
53544,1.2310568,12.002702,9
53545,5.2829537,4.4224167,3
53546,-0.5263221,13.428987,4
53547,-4.6880536,12.25889,3
53548,-3.2711027,9.336091,7
53549,-4.992,9.726052,7
53550,1.9153486,12.8282795,9
53551,-1.6648167,14.752641,4
53552,5.757855,6.8062,5
53553,10.240279,3.683704,6
53554,5.0434175,5.185478,3
53555,10.615582,3.5483215,6
53556,5.638945,6.7051578,8
53557,10.259108,3.3256075,6
53558,4.8570733,4.6474123,3
53559,-1.8287071,14.539625,4
53560,5.6668196,5.510304,3
53561,-1.3255212,10.465721,9
53562,14.477632,7.9486847,0
53563,-4.18635,2.4733586,1
53564,-1.5968198,13.495771,4
53565,-0.50044554,11.227342,9
53566,6.8178754,6.3251863,3
53567,4.0159044,6.8430953,5
53568,4.861969,6.822473,5
53569,-0.13126065,6.399003,8
53570,-4.2725415,12.152104,3
53571,3.1251466,-0.68629,2
53572,5.779269,7.156156,5
53573,15.568262,8.179199,0
53574,1.7704625,7.5944834,8
53575,15.158592,7.474374,0
53576,0.35976693,13.350132,4
53577,-3.9709427,1.6184977,1
53578,3.903059,7.096427,6
53579,-4.5586176,8.804074,7
53580,0.51267457,6.2208853,8
53581,10.475248,3.1674886,6
53582,-0.08822453,12.886026,4
53583,5.2065673,4.6347814,3
53584,5.7283015,4.396765,3
53585,3.4251719,0.6546128,2
53586,5.609378,5.066491,3
53587,-3.3925726,-0.65600073,1
53588,11.458252,4.3969593,6
53589,-4.7451925,10.6082735,7
53590,2.839171,6.3087893,5
53591,4.9289374,4.763167,3
53592,1.2352604,12.58039,9
53593,-3.2870712,-1.3890481,1
53594,-3.316407,-1.4933832,1
53595,5.1762323,5.397293,3
53596,-0.31911546,13.957769,4
53597,-0.5505028,10.280876,9
53598,5.923494,7.419382,5
53599,-2.9429195,0.18662855,1
53600,-3.1221707,10.127599,7
53601,-5.455436,10.306077,7
53602,0.6761208,14.50065,4
53603,10.907456,4.554794,6
53604,-3.8341792,2.1774275,1
53605,0.41712204,5.589873,8
53606,10.667289,3.640609,6
53607,-0.15363759,15.030311,4
53608,2.6574485,-1.1747252,2
53609,5.0931373,4.6980486,3
53610,-2.4536612,-1.9882212,1
53611,-3.8546746,1.7594168,1
53612,1.1562594,12.898451,7
53613,-0.18453714,15.173251,4
53614,-3.9612029,11.030196,7
53615,16.228178,7.521682,0
53616,-0.9605915,11.463718,9
53617,2.6174424,4.7913785,5
53618,0.28997442,13.862497,4
53619,4.9048014,4.645257,3
53620,4.8557816,6.3102384,5
53621,10.526302,3.243767,6
53622,0.9961401,14.278245,4
53623,-3.3653085,9.373526,9
53624,-3.5800986,9.513123,7
53625,11.4753475,4.846451,6
53626,5.599904,7.7328324,5
53627,-3.972198,1.8475019,1
53628,1.8011842,-0.42453814,2
53629,-4.7474856,8.967556,7
53630,6.6982894,6.7079167,3
53631,-0.044844914,15.131288,4
53632,16.30281,8.534687,0
53633,0.22517681,14.976042,4
53634,4.092251,6.777568,5
53635,-4.7253647,9.509619,7
53636,0.4441543,5.893477,8
53637,4.326598,-1.485984,2
53638,2.4945526,7.2566905,5
53639,4.4016953,-1.4646937,2
53640,0.4899114,6.558127,8
53641,2.474902,5.0521083,5
53642,4.187297,7.557206,5
53643,-4.4821043,8.653498,7
53644,4.1402154,-1.6642032,2
53645,-1.922327,10.43314,9
53646,10.513548,4.8068666,6
53647,4.232781,6.416387,5
53648,0.78949434,7.277559,8
53649,-1.6489516,14.377489,4
53650,3.1963232,-1.3701547,2
53651,0.05422814,6.606538,8
53652,10.092973,3.0697715,6
53653,1.0006247,5.8664618,8
53654,-0.28584182,13.164833,4
53655,-1.3369867,14.0920105,4
53656,3.2638063,0.55190957,2
53657,15.4220915,6.3919196,0
53658,2.7856662,-1.2069253,2
53659,0.10532358,6.8620253,8
53660,0.30320075,6.738461,8
53661,0.30555606,12.039065,9
53662,-2.082753,-3.74918,1
53663,0.5614085,7.0490746,8
53664,-0.95165515,-4.309093,1
53665,16.183739,7.7432218,0
53666,-5.3760157,11.751779,7
53667,-2.3523858,-0.634139,1
53668,1.7492663,-1.0368592,2
53669,4.4164424,-1.2131015,2
53670,14.601229,7.0731325,0
53671,6.16208,5.9669023,3
53672,0.0074525787,5.342521,8
53673,-0.8284917,12.806836,4
53674,1.1919533,14.147555,4
53675,3.4225948,5.7450414,5
53676,0.4920484,11.921877,9
53677,11.285501,4.8706493,6
53678,16.474411,8.259189,0
53679,-4.3944793,9.902476,7
53680,-4.013214,11.608442,9
53681,0.2093751,6.720333,8
53682,1.0605624,12.551002,9
53683,-1.1685559,11.35955,9
53684,15.235537,6.791113,0
53685,15.258839,7.4596033,0
53686,1.0738792,7.0366015,8
53687,-3.00598,0.62386954,1
53688,5.6562514,5.445811,3
53689,4.441625,-1.2149309,2
53690,4.886495,7.442029,5
53691,5.960922,4.808606,3
53692,2.8080525,-1.2381514,2
53693,-0.53526294,13.10817,4
53694,-3.6576538,9.292361,7
53695,3.9351292,6.3355446,5
53696,6.1022344,7.4020143,5
53697,11.752168,5.5625277,6
53698,-0.8615571,11.142194,9
53699,-3.8736641,10.051264,7
53700,0.47494447,11.470018,9
53701,-0.40766782,6.165825,8
53702,-4.70136,10.43694,7
53703,-1.593978,11.2242365,9
53704,6.1530747,5.2345414,3
53705,16.063087,7.881703,0
53706,10.183242,2.6622486,6
53707,-3.1016455,0.8807125,1
53708,2.8086798,-1.0936646,2
53709,4.3491373,-1.1665926,2
53710,1.1305854,13.993374,4
53711,6.2048473,4.423816,3
53712,5.3720155,5.751626,3
53713,-0.89416254,12.689188,4
53714,-2.286239,-0.66399986,1
53715,3.1020467,4.6914353,5
53716,5.5708723,6.169498,3
53717,11.766078,4.5675282,6
53718,5.7453103,7.59854,5
53719,-4.159368,10.620459,7
53720,2.7033205,-0.9328202,2
53721,-0.25456902,6.0607457,8
53722,5.2501173,4.8257995,3
53723,-1.7738261,10.923624,9
53724,6.628568,5.4009953,3
53725,-4.9772096,10.876569,7
53726,-1.2267394,-2.6471076,1
53727,4.205667,-1.1027431,2
53728,1.5406377,7.092574,8
53729,-0.5783961,11.105284,9
53730,1.3612382,7.027141,8
53731,-0.51855946,12.584025,4
53732,4.4310875,7.516456,5
53733,4.3006616,-1.1988347,2
53734,15.961001,8.832271,0
53735,-1.328335,11.0257015,9
53736,-2.7356334,9.2653265,9
53737,0.064579785,5.8624916,8
53738,1.4948373,14.063945,4
53739,-0.89357567,12.797701,4
53740,5.117559,6.319923,3
53741,4.2736473,6.514717,5
53742,3.0819824,-1.3532717,2
53743,-0.08197076,6.599097,8
53744,3.1444852,-1.0958037,2
53745,-0.24414179,6.079106,8
53746,-2.0249157,-2.9246445,1
53747,15.370631,8.488448,0
53748,2.0314074,-0.69598264,2
53749,6.3940496,5.4794507,3
53750,-2.6994832,-3.3626516,1
53751,4.527613,6.5267925,5
53752,-1.2107065,11.802238,9
53753,-0.062805176,13.680745,4
53754,10.528766,2.3432977,6
53755,7.0336,5.4013214,3
53756,0.48733523,6.916395,8
53757,5.969683,5.2713103,3
53758,6.2439485,6.564372,3
53759,2.874422,5.1217065,5
53760,0.38028923,13.149377,4
53761,-3.3485126,-0.456649,1
53762,2.5745718,-1.0232189,2
53763,-4.3785253,10.414538,7
53764,-0.8037788,11.65253,9
53765,0.52525246,6.3161883,8
53766,-3.648107,10.867278,7
53767,-0.96214336,12.56244,4
53768,0.4226625,14.744655,4
53769,4.726534,6.9931803,5
53770,-4.601022,12.010754,7
53771,-4.3432703,10.623396,7
53772,2.0590672,-0.5393448,2
53773,4.2942805,-1.1685079,2
53774,0.199811,6.274395,8
53775,11.364126,4.929349,6
53776,1.462258,14.524507,4
53777,11.740926,5.4807034,6
53778,0.28634447,12.062779,9
53779,-3.7301538,9.809641,7
53780,-1.3446058,-4.138178,1
53781,-4.715763,10.447133,7
53782,1.2189949,7.473515,8
53783,-3.9540298,9.96368,7
53784,-3.8039691,11.834891,9
53785,16.40012,7.7670627,0
53786,0.95538783,5.948382,8
53787,-3.5360284,-0.079171866,1
53788,14.616458,7.5854106,0
53789,15.893186,7.0684767,0
53790,1.6315958,-0.21566974,2
53791,-3.9377482,-0.22239919,1
53792,-0.48738354,-4.1909747,1
53793,11.837148,5.615266,6
53794,3.612873,5.904757,5
53795,4.1997356,6.0359015,5
53796,5.9354053,7.6524715,5
53797,4.0348296,6.2400684,5
53798,9.914255,3.1238573,6
53799,3.969643,-1.4543415,2
53800,14.917584,7.3743186,0
53801,-1.1908066,10.816626,9
53802,5.532763,7.5022106,5
53803,6.1545587,4.6512156,3
53804,-2.2001631,-3.003652,1
53805,-2.4470913,-0.5814538,1
53806,-1.5773221,10.05238,8
53807,-0.8437239,12.868439,4
53808,-0.6697906,13.816226,4
53809,-0.49381834,5.8233714,8
53810,1.0496186,11.812249,9
53811,-0.024401307,6.039649,8
53812,4.995882,6.6715918,5
53813,-3.2076695,9.872345,7
53814,14.7699175,8.708387,0
53815,5.8428774,5.4816256,3
53816,-0.7884637,-3.2551599,1
53817,-0.2220286,6.393189,8
53818,10.299217,4.682769,6
53819,3.707834,-1.644737,2
53820,-1.5792178,13.396383,4
53821,1.2596053,11.593315,9
53822,2.6964169,5.7642045,5
53823,-2.830523,0.039791126,1
53824,-3.3604305,-0.15831795,1
53825,4.088358,-1.6773363,2
53826,5.4319987,6.9819617,5
53827,11.379803,5.639021,6
53828,10.013198,3.4636517,6
53829,3.0937262,5.6222405,5
53830,10.996142,5.610107,6
53831,0.028934576,10.730097,9
53832,-3.148586,9.726306,7
53833,-3.3582783,0.8029541,1
53834,0.21488081,13.229019,4
53835,4.3266845,-1.5718265,2
53836,-4.5235844,11.600488,7
53837,4.205514,-1.6092916,2
53838,6.679147,6.2631454,3
53839,-4.256101,9.504174,7
53840,10.993128,4.72046,6
53841,-0.8959175,10.97151,9
53842,-4.145186,0.42506164,1
53843,-4.4993625,10.146328,7
53844,6.420702,7.273534,5
53845,0.1497985,11.517479,9
53846,6.4257684,5.7085123,3
53847,-0.4118622,10.757934,9
53848,1.0748949,6.919439,8
53849,-3.2369995,0.767388,1
53850,-0.06261549,13.501599,4
53851,15.079296,6.519827,0
53852,-1.4028846,11.463455,7
53853,0.35493085,10.900026,9
53854,1.9932102,7.7795515,8
53855,-4.7612906,10.283422,7
53856,-1.7381233,13.3327875,4
53857,15.282202,7.105167,0
53858,-4.3957725,10.739014,7
53859,3.9732428,5.453988,5
53860,2.1869707,7.644816,8
53861,15.708126,8.13801,0
53862,3.637145,-1.3557099,2
53863,6.523993,6.3465643,3
53864,0.11421084,5.3516264,8
53865,-0.25196403,6.596485,8
53866,-4.773315,11.743558,7
53867,-0.6768908,13.040115,4
53868,0.46719646,12.16141,9
53869,10.696994,4.0042577,6
53870,-3.0708137,-2.2602963,1
53871,-2.5823991,-0.40944475,1
53872,1.7800914,8.048023,8
53873,-0.33526593,12.131983,4
53874,5.638939,4.312896,3
53875,5.9262547,5.832374,3
53876,4.48655,-1.2649809,2
53877,10.085159,3.4862916,6
53878,3.5785086,-1.206336,2
53879,3.613387,-1.4729377,2
53880,15.156608,8.624585,0
53881,15.06358,7.8103065,0
53882,1.2416052,12.624553,9
53883,-0.9530898,12.584128,4
53884,3.9282222,-1.8160185,2
53885,0.30460554,6.666385,8
53886,-3.7541401,9.7031355,7
53887,-4.029271,-0.05164315,1
53888,-0.54392505,14.123092,4
53889,6.8917317,4.8576145,3
53890,2.0596793,-0.8756019,2
53891,-2.670029,-0.18357998,1
53892,11.395529,5.6564565,6
53893,15.339913,8.437683,0
53894,14.839967,7.253841,0
53895,-1.5915194,10.910295,9
53896,-2.9481006,-2.0548437,1
53897,16.667673,7.8555474,0
53898,0.74018973,14.0911665,4
53899,-2.8107307,0.259236,1
53900,10.556208,2.2099795,6
53901,4.848007,-0.8127182,2
53902,-0.09227992,13.083393,4
53903,5.754343,4.335039,3
53904,-2.1089773,-3.5665839,1
53905,-1.3875749,15.339765,4
53906,1.2088925,5.865146,8
53907,3.478276,4.848584,5
53908,-1.3908778,-3.2645235,1
53909,11.844952,4.676685,6
53910,-0.7791434,-3.1748934,2
53911,-4.2504787,8.424661,7
53912,1.7181898,14.687559,4
53913,-0.59214234,5.4364567,8
53914,-0.30734298,13.22787,4
53915,-1.5868696,9.613544,9
53916,14.769328,6.8039823,0
53917,16.725277,7.7474136,0
53918,11.271252,5.6136746,6
53919,-3.797154,2.1155927,1
53920,4.363212,6.360653,5
53921,4.454807,-0.93586296,2
53922,3.2158904,6.3391547,5
53923,5.9738727,5.7604065,3
53924,14.383917,7.500891,0
53925,-1.1914023,14.977139,4
53926,3.092312,0.31376106,2
53927,4.0150633,7.0119224,5
53928,14.899531,5.8056116,0
53929,11.641327,3.4154494,6
53930,-1.8567802,-3.508243,1
53931,-4.6451855,8.884517,7
53932,15.129832,7.053489,0
53933,-0.76429486,5.2004733,8
53934,15.150359,8.059342,0
53935,-1.3233645,10.405144,9
53936,14.081032,7.051048,0
53937,16.821388,7.0695906,0
53938,6.513299,5.3669252,3
53939,-3.9999642,1.9837699,1
53940,15.156382,5.7292004,0
53941,4.6366096,-0.77220225,2
53942,5.0020394,7.4795775,5
53943,5.5602245,4.2018056,3
53944,-5.463992,10.93918,7
53945,-1.3764554,15.197809,4
53946,4.208338,7.1785526,5
53947,3.2420428,4.848038,5
53948,0.8356648,11.913078,9
53949,11.499358,2.8502114,6
53950,-0.29931027,11.975624,9
53951,-2.1044579,9.242783,9
53952,-0.19768277,6.3433647,8
53953,0.5950617,5.7851324,8
53954,5.229322,5.8426657,3
53955,-1.57133,13.5821295,4
53956,-5.0518603,12.282608,7
53957,15.91281,7.7355413,0
53958,6.2399044,6.7661757,3
53959,15.985882,6.7406554,0
53960,6.5601416,4.85514,3
53961,-3.818095,8.574014,7
53962,-4.6028986,9.903049,7
53963,4.674057,-1.2844814,2
53964,0.4256331,11.483782,9
53965,-2.1028907,14.630489,4
53966,-0.8493983,-4.5311584,1
53967,4.623907,-0.86669534,2
53968,2.6685815,5.636604,5
53969,11.500101,3.6816187,6
53970,2.3852582,4.7328854,8
53971,4.5403333,6.2330003,5
53972,2.6638415,-0.9467761,2
53973,4.3996043,6.210578,5
53974,-0.5777179,14.240415,4
53975,5.0884924,7.0491843,3
53976,15.174437,8.328238,9
53977,-4.5359464,8.62993,7
53978,9.971436,2.6523867,5
53979,5.864104,3.4996934,8
53980,-2.0305643,-3.5303414,1
53981,11.644053,3.60021,6
53982,14.978166,7.4886427,0
53983,11.496744,2.9798372,6
53984,2.9876287,0.36403874,2
53985,-1.5096706,15.1991825,4
53986,-3.354242,10.850429,7
53987,6.185889,5.2939806,3
53988,-1.6845199,15.225821,4
53989,4.717251,-0.92312413,2
53990,1.5646096,14.515799,4
53991,11.498183,3.1022515,6
53992,3.0023515,5.1742563,5
53993,11.286194,3.677862,6
53994,14.154894,6.8796124,0
53995,6.195659,5.023182,3
53996,1.3838439,6.509635,8
53997,6.095481,3.78146,8
53998,0.06884626,11.532057,9
53999,15.554586,6.179469,8
54000,4.6024036,7.763614,5
54001,6.0716844,3.8967602,3
54002,6.1671386,7.5223455,5
54003,16.360626,7.569903,0
54004,14.542983,6.7402344,0
54005,-3.7548375,0.91963655,1
54006,1.1551436,6.333776,8
54007,-2.1196373,14.336561,4
54008,5.4610467,4.471195,3
54009,-1.590026,15.279405,4
54010,14.344592,6.0996156,0
54011,-4.726238,8.88684,7
54012,16.103952,7.91291,0
54013,7.0357165,4.81128,3
54014,6.709886,5.567566,3
54015,3.432681,5.1554914,5
54016,5.980376,6.1453295,3
54017,-1.916262,15.048343,4
54018,10.894423,5.4810677,6
54019,-3.8452916,1.6609951,1
54020,6.0553727,5.984839,3
54021,-1.7697394,9.904073,9
54022,-4.4971623,9.606163,7
54023,-4.060256,1.0255042,1
54024,5.957778,7.7253284,5
54025,4.4811106,-0.9412557,2
54026,2.1946766,12.601692,9
54027,-4.0153584,1.7293981,1
54028,5.816445,5.022232,3
54029,6.757478,4.337138,3
54030,0.9386125,7.5064616,8
54031,-0.72487843,10.054265,9
54032,10.492342,4.241028,6
54033,4.5812306,-0.89332855,2
54034,0.8319877,7.4321957,8
54035,-4.378905,8.694739,7
54036,-1.5966071,11.652786,9
54037,-4.3555884,8.62748,7
54038,2.1505723,12.409167,9
54039,-1.9442226,10.02029,9
54040,0.9429264,7.149973,8
54041,-1.9915642,14.608652,4
54042,0.13124484,14.681483,4
54043,4.5843077,-0.3918385,2
54044,5.746265,7.494811,5
54045,3.4121766,5.562956,5
54046,-0.030663071,14.4045925,4
54047,-0.5664229,5.1964574,8
54048,1.2043419,11.685464,9
54049,11.307067,2.664556,6
54050,-1.701564,10.77889,9
54051,3.6144702,4.900468,5
54052,4.4043655,-1.8579735,2
54053,3.94238,5.290601,5
54054,0.41642347,7.107733,8
54055,-1.1102481,9.767039,9
54056,2.4066694,7.0762706,8
54057,-1.1660573,9.819718,9
54058,2.1764953,-0.6486114,2
54059,-4.044271,2.5006933,1
54060,5.417482,5.68646,3
54061,-4.089351,2.515558,1
54062,6.6324654,5.815387,3
54063,3.0659885,5.0762196,5
54064,1.327342,12.120445,9
54065,-4.640183,8.840043,7
54066,-5.43384,12.115274,7
54067,10.54046,2.1547036,6
54068,11.619408,4.8448105,6
54069,-1.7872258,10.215206,9
54070,-0.20229913,-4.5413704,1
54071,-2.9028692,0.50633246,1
54072,-4.4975986,10.818023,7
54073,5.926341,4.8883476,3
54074,6.8756742,5.0183024,3
54075,4.7319393,-1.2132872,2
54076,-1.1196611,11.411361,9
54077,6.982175,4.345389,3
54078,3.2247097,-1.6759398,2
54079,-4.14557,2.1023498,1
54080,14.191489,7.3273945,0
54081,-0.19060732,10.63758,9
54082,1.961025,7.8000846,8
54083,16.792059,7.1771703,0
54084,5.1676645,5.529509,3
54085,-1.3124341,9.865293,9
54086,9.982634,3.4960845,6
54087,-4.03884,1.9007081,1
54088,5.600137,5.316291,3
54089,16.591566,7.4039865,0
54090,2.8120053,-1.1571667,2
54091,2.591288,4.3548765,5
54092,3.3993483,6.7691884,5
54093,-0.22415835,5.475283,8
54094,-3.3302383,-0.8826603,1
54095,3.7413263,-1.9096824,2
54096,-3.3379843,10.329428,7
54097,-0.9668258,9.951738,7
54098,0.38385776,11.956985,9
54099,-3.6964123,8.286819,7
54100,-3.161139,10.217586,7
54101,14.3812475,7.1799245,0
54102,14.248034,7.277128,0
54103,-2.4269013,-0.69656116,1
54104,15.281657,5.748584,0
54105,4.089192,-1.5240136,2
54106,-3.8874779,11.49195,7
54107,6.70495,4.9960356,3
54108,15.673138,8.834366,0
54109,-1.1910694,13.558834,4
54110,3.535467,-1.7094357,2
54111,4.379081,7.0778165,5
54112,-2.0853677,14.483532,4
54113,10.429344,4.9663377,6
54114,-4.798673,10.490184,7
54115,-4.8730297,10.467421,7
54116,0.77881473,13.98748,4
54117,1.322716,7.3037477,8
54118,-3.5921328,11.314686,7
54119,0.60084844,12.550884,9
54120,1.3712329,6.780151,8
54121,15.157001,8.428211,0
54122,4.635285,6.3593287,5
54123,-2.2781117,-1.1855834,1
54124,11.21415,4.4988294,6
54125,4.3971143,-1.5534728,2
54126,5.2556033,5.2611423,3
54127,6.7551937,5.0173697,3
54128,3.115824,-1.2910525,2
54129,-1.1312885,14.179353,4
54130,-0.32756656,13.005913,4
54131,4.2798886,6.1513495,5
54132,0.52686936,6.4522514,8
54133,10.595966,4.7924967,6
54134,3.2687953,0.57998085,2
54135,-4.364301,9.475116,7
54136,2.2039769,7.4034934,8
54137,1.0481061,6.6306424,8
54138,0.66397893,11.709873,9
54139,1.0782317,12.312115,9
54140,6.906398,5.625044,3
54141,14.537203,7.278381,0
54142,3.7558672,7.231012,5
54143,-3.0932581,-1.9022388,1
54144,-0.49711576,12.045302,9
54145,4.5454793,-1.4909374,2
54146,1.1696179,12.65348,9
54147,6.52716,5.255158,3
54148,-4.0755353,10.493619,7
54149,0.6929133,14.906945,4
54150,10.312398,4.6779256,6
54151,4.2148786,7.263996,5
54152,-4.046505,9.465242,7
54153,10.652196,4.4976454,6
54154,0.3630237,12.6278305,9
54155,-5.027502,10.174835,7
54156,-0.33366787,14.236122,4
54157,1.1326311,7.139606,8
54158,0.30385822,14.344483,4
54159,3.6622784,6.0651727,5
54160,1.8643061,-0.5404892,2
54161,4.127699,-1.331278,2
54162,6.0311556,7.660907,8
54163,-0.08049279,6.2900352,8
54164,-1.2236005,-4.030472,1
54165,-3.159319,-1.3683767,1
54166,1.5587635,12.066252,9
54167,-3.78444,10.314405,7
54168,3.0524805,-1.5537657,2
54169,3.963525,-1.3602092,2
54170,-0.24070148,12.245676,9
54171,-0.14741677,14.442942,4
54172,10.054551,3.1994016,6
54173,-3.0058296,-1.1275119,1
54174,5.4175415,5.2377133,3
54175,0.7742646,14.277234,4
54176,-5.236808,10.092477,7
54177,-3.312945,-0.9635635,1
54178,0.16550626,7.2835903,8
54179,-1.4720892,13.944915,4
54180,2.1995769,7.276325,8
54181,-0.86567533,11.084458,9
54182,-0.9130853,-3.9070585,1
54183,10.637451,3.545328,6
54184,4.082433,6.576411,5
54185,1.089943,6.9228344,8
54186,-3.1934927,9.648765,7
54187,-1.630525,13.824026,4
54188,10.590189,2.3965814,6
54189,4.045364,6.5666347,5
54190,0.98019654,7.611084,8
54191,6.5362916,3.8581157,3
54192,0.9901205,6.6730256,8
54193,-3.860004,8.869185,7
54194,-5.3043213,10.199815,7
54195,5.95663,5.315791,8
54196,10.940654,5.712597,6
54197,1.0215248,14.721785,4
54198,1.6854126,7.12732,8
54199,5.356831,4.9332395,3
54200,10.1856985,4.2304106,6
54201,6.857819,6.263025,3
54202,3.2892463,6.7578883,5
54203,4.4939375,6.7105336,5
54204,11.420574,6.0505023,6
54205,10.223426,4.2483206,6
54206,11.435098,6.0217304,6
54207,-3.5312874,9.296155,7
54208,6.4854927,5.3789425,3
54209,15.188839,6.330112,0
54210,-0.8222583,-3.6917343,1
54211,10.426388,4.54301,6
54212,-5.400243,12.103511,7
54213,-3.155942,-1.6091486,1
54214,15.380651,8.656152,0
54215,10.057591,3.4202933,6
54216,0.8434395,6.547285,8
54217,0.5390144,6.319306,8
54218,-3.7036495,11.123147,7
54219,-4.041512,9.71387,7
54220,2.4534483,-0.8181049,2
54221,16.238317,6.762661,0
54222,0.21957971,11.2783165,9
54223,-3.2782893,-1.4028966,1
54224,10.90589,5.6161695,6
54225,4.1919184,7.2427154,5
54226,-0.5145812,5.0940084,8
54227,10.085838,3.3943067,6
54228,6.877825,5.1147065,3
54229,15.655123,6.4936357,0
54230,5.093298,7.4685965,5
54231,0.43970042,6.6500816,8
54232,15.979108,6.6209135,0
54233,4.5073676,7.1737537,5
54234,-0.8113081,14.456999,4
54235,14.737932,8.186793,0
54236,-2.8698149,-2.1035447,1
54237,10.164403,4.179782,6
54238,3.0070064,-0.28126696,2
54239,-2.359554,-3.127838,1
54240,1.9994658,-0.14044932,2
54241,5.275443,7.037005,5
54242,6.7282476,5.792277,3
54243,0.6537955,6.4206057,8
54244,-0.01533934,12.075856,9
54245,-0.85061896,13.493204,4
54246,3.4267075,6.4723845,5
54247,3.0465312,-0.85737425,2
54248,5.1344895,5.697279,3
54249,6.5284743,5.3432736,3
54250,5.974723,5.0884147,3
54251,-0.269874,11.677943,9
54252,10.182875,4.7083125,6
54253,-3.501166,8.605766,7
54254,-2.505807,-2.8933704,1
54255,10.761565,3.8534632,6
54256,-4.4112525,11.376479,7
54257,-0.5655086,11.577491,9
54258,5.240532,4.092182,3
54259,-3.2935863,-0.9994528,1
54260,4.6485124,7.394567,5
54261,-1.2755507,10.686636,9
54262,2.3300338,0.09537053,2
54263,15.189412,6.5282598,0
54264,-1.7476954,-3.147866,4
54265,10.75514,4.515886,6
54266,0.5435241,11.084756,9
54267,-3.9375048,9.682887,7
54268,1.403019,7.2461452,8
54269,-1.957869,-1.1039706,1
54270,6.728592,5.5503154,3
54271,3.2002363,-1.317223,2
54272,14.961955,7.343653,0
54273,6.8591967,5.7634683,3
54274,-3.9367747,11.463137,7
54275,-0.016811613,11.836241,9
54276,-1.8669034,13.456937,4
54277,3.0932007,-1.3608305,2
54278,-5.309317,12.177016,7
54279,-0.2741981,13.886481,4
54280,0.72749907,6.4138412,8
54281,3.7959557,6.5275817,5
54282,4.1783814,6.1468945,5
54283,4.5619254,6.6404853,5
54284,14.478764,5.946755,0
54285,5.5662165,4.1923213,3
54286,2.2009814,-1.0437316,2
54287,-4.2466607,9.965183,7
54288,11.666341,6.540129,6
54289,4.5622654,6.765538,5
54290,15.661387,8.702092,0
54291,5.8351793,5.201513,3
54292,4.131179,-1.3380368,2
54293,-3.716883,0.64699984,1
54294,-1.1993814,14.210777,4
54295,-0.35975558,5.8786416,8
54296,0.95987785,6.9227233,3
54297,4.350669,-1.5034561,2
54298,10.71773,5.474479,6
54299,3.4823768,-0.35361096,2
54300,0.062545136,12.280463,9
54301,6.773979,5.1184163,3
54302,4.314672,6.7922983,5
54303,14.521432,6.875807,0
54304,6.12288,5.6112375,3
54305,4.090562,-1.834313,2
54306,3.2697928,-1.5239317,2
54307,-0.84241784,11.032198,9
54308,0.8579223,6.1999116,8
54309,-0.18391563,14.82903,4
54310,-2.5844843,-3.346644,1
54311,-1.6520046,10.471851,9
54312,1.3579609,12.72354,9
54313,15.2916155,6.3813787,0
54314,1.6358157,-0.7044654,2
54315,3.4663112,-1.6085488,2
54316,11.433002,6.2425733,6
54317,-4.66111,11.029791,7
54318,2.1591215,0.10299854,2
54319,-0.72016335,13.94483,4
54320,15.018772,6.5565557,0
54321,-1.228386,11.412148,9
54322,5.501057,4.860617,3
54323,-0.20425695,12.132867,9
54324,-1.8739443,14.1271,4
54325,3.8845737,-1.2920545,2
54326,4.2836328,-1.2015659,2
54327,0.43862894,6.9185705,8
54328,14.852091,6.633488,0
54329,-3.2910435,-0.4344011,1
54330,3.0661685,-1.478267,2
54331,4.744511,6.7090926,5
54332,10.371112,4.234472,6
54333,10.633114,4.7455077,6
54334,-1.0723817,10.775565,9
54335,-1.2751656,11.748602,9
54336,1.2355494,6.657838,8
54337,0.663085,6.1404834,8
54338,3.9368641,-1.781831,2
54339,5.620256,5.6424575,3
54340,-1.3344662,-2.240588,1
54341,0.7109953,6.5088105,8
54342,-1.8844119,-2.7362518,1
54343,5.6703863,4.8693247,3
54344,0.5339433,6.835243,8
54345,10.414869,3.532763,6
54346,0.8631678,6.4466085,8
54347,-1.362291,14.929274,4
54348,10.5304,5.025404,6
54349,15.881048,6.227238,0
54350,1.487577,-0.3732769,2
54351,14.733413,6.995999,0
54352,-0.049315505,5.854573,8
54353,-0.7960919,-3.4867053,1
54354,15.198563,8.465221,0
54355,2.517825,0.1300579,2
54356,14.481991,7.886087,0
54357,5.9315305,5.5441036,3
54358,-0.5395301,14.255643,4
54359,1.0370972,13.626005,4
54360,11.390571,6.3238506,6
54361,5.0449886,7.6413355,5
54362,0.59720683,6.966785,8
54363,10.798999,5.381116,6
54364,-4.6979346,10.071458,7
54365,-5.1009083,10.707913,7
54366,5.2399116,6.236936,5
54367,0.514533,6.580413,8
54368,15.677355,8.019688,0
54369,-1.0165417,10.498052,9
54370,11.022238,5.1871953,6
54371,14.353738,7.2074647,0
54372,-3.8136625,11.444765,7
54373,-1.7500613,-3.9685779,1
54374,-1.074828,15.130387,4
54375,2.2419946,-0.080722034,2
54376,1.0792042,13.79591,4
54377,5.5801587,6.3142695,3
54378,-3.1201088,-1.8469324,7
54379,1.0328132,14.085271,4
54380,-2.6338508,-1.4804695,1
54381,4.9743814,6.9540553,5
54382,1.5043517,12.131111,9
54383,10.915282,5.5472097,6
54384,-2.300561,-3.3749719,1
54385,-4.3412337,10.361126,7
54386,-0.6795032,12.275708,9
54387,0.8483018,5.991264,8
54388,-0.4803338,-4.199674,1
54389,-0.88172185,10.943787,9
54390,11.297414,4.1165905,6
54391,15.634479,8.20223,0
54392,14.774324,6.3313494,0
54393,-1.6496676,-3.471254,1
54394,4.1506805,5.736234,8
54395,3.1663945,0.529336,2
54396,-4.313872,10.671528,7
54397,6.2738304,5.5744653,3
54398,4.991505,4.5548487,3
54399,0.2659642,13.918857,4
54400,4.818459,7.0591063,5
54401,5.1048574,6.874871,5
54402,5.187245,4.7659984,3
54403,11.662595,6.2499204,6
54404,14.319031,7.236193,0
54405,-5.017428,11.522135,7
54406,5.6351976,5.63534,3
54407,0.653178,5.799644,8
54408,3.1954489,-1.8466381,2
54409,10.777166,5.3202558,6
54410,-1.2762368,14.333622,4
54411,15.104038,5.955805,0
54412,-0.8778319,13.8745775,4
54413,5.7713394,4.8637786,3
54414,15.051513,7.5267553,0
54415,1.249397,14.147524,4
54416,-1.4395335,-4.242958,1
54417,-1.0353495,-3.103675,1
54418,-1.7655622,-1.7735507,1
54419,0.969205,14.131921,4
54420,10.39648,4.5350676,6
54421,14.450574,7.4783125,0
54422,0.82866466,14.41477,4
54423,0.632581,6.8086843,8
54424,3.1567886,-1.6324854,2
54425,11.285406,6.116788,6
54426,-4.4412966,11.444874,7
54427,0.50292426,13.309018,4
54428,-2.082782,-1.7123857,1
54429,5.071417,7.0834556,5
54430,4.9944525,5.424736,3
54431,1.1255018,14.162806,4
54432,3.0784411,-1.2159314,2
54433,14.258855,5.9781456,0
54434,-2.0376434,-1.1426159,1
54435,-4.128069,9.694169,7
54436,6.2888255,6.5850735,3
54437,0.899284,5.99212,8
54438,-3.3317916,-1.5674881,1
54439,-4.0859327,11.135463,7
54440,4.0799584,-1.7181753,2
54441,-4.5697436,11.293984,7
54442,3.4755309,5.5905867,5
54443,-0.6036096,10.719774,9
54444,5.920566,5.863774,3
54445,14.803428,6.584701,0
54446,4.8511696,7.3760095,5
54447,-0.9634871,13.676929,4
54448,1.6271316,-0.51413214,2
54449,0.49264166,12.070573,9
54450,0.32531065,6.216475,8
54451,-0.4520451,11.936944,9
54452,-0.15185776,12.719312,4
54453,-4.5130496,10.024631,7
54454,2.2846363,-0.61521834,2
54455,0.78485847,13.723607,4
54456,4.0459523,-1.3691819,2
54457,2.1476142,0.023278201,2
54458,9.987556,2.437033,1
54459,15.080827,7.721768,0
54460,5.997208,4.9262166,3
54461,5.461461,7.123925,5
54462,11.056627,3.2599096,6
54463,0.47656032,6.4462914,8
54464,14.9863,7.9288726,0
54465,5.186042,7.0760694,5
54466,1.7380116,14.449165,4
54467,0.04001807,11.851378,9
54468,-1.675729,-3.9707818,1
54469,1.4284035,6.4959626,8
54470,3.5352497,6.0997295,5
54471,1.1346298,6.0758853,8
54472,-5.3132577,11.856564,7
54473,1.2433914,14.229159,4
54474,15.688889,8.576395,0
54475,14.639477,6.2604165,0
54476,6.7164893,5.169409,3
54477,-4.396625,11.953136,7
54478,-4.0536666,11.02488,7
54479,-0.80811083,-3.3541198,1
54480,3.74555,-1.8431662,2
54481,7.1549535,5.245321,3
54482,-3.5364096,10.963766,7
54483,5.171221,7.054276,5
54484,4.257775,-0.8861088,2
54485,-2.5311964,-2.5849125,1
54486,15.629202,8.08664,0
54487,6.231794,6.3305974,3
54488,0.5814132,7.4158435,8
54489,-1.9984713,-1.8427397,1
54490,10.83761,4.1805973,6
54491,5.248962,7.2405114,5
54492,9.883637,3.5423975,8
54493,5.5857677,4.5821576,3
54494,-4.4975724,10.991195,7
54495,0.5357613,6.1379676,8
54496,10.548765,3.6584046,6
54497,-4.479393,9.962198,7
54498,0.65252334,7.5703845,8
54499,5.8927765,5.2836556,3
54500,4.3831673,6.8806133,5
54501,-2.4904623,-0.3338683,1
54502,14.237159,7.191692,0
54503,11.207272,5.126658,6
54504,-0.89017767,11.084975,9
54505,0.12285817,5.605489,8
54506,3.2213597,0.27064547,1
54507,4.963774,7.6331325,5
54508,-1.9166487,11.145905,9
54509,1.4790459,11.942264,9
54510,2.8303008,5.8984704,5
54511,1.9519743,-0.8139212,2
54512,14.945899,6.872006,0
54513,2.0980053,-0.30035222,2
54514,14.158458,6.423469,0
54515,14.542974,7.4871674,0
54516,5.757494,5.0358887,3
54517,0.23641494,11.312994,9
54518,10.9177065,4.899661,6
54519,2.2200887,-0.15005805,2
54520,5.345956,7.3597503,9
54521,-1.8210944,13.5559,4
54522,-4.639443,10.976496,7
54523,11.138747,5.381021,6
54524,5.9895887,5.021124,3
54525,4.290598,7.097008,5
54526,6.935866,6.2154818,3
54527,2.2156482,-0.18903397,2
54528,6.4687824,5.9226418,5
54529,-4.7913814,11.505488,7
54530,5.07474,4.3298717,3
54531,6.5536237,5.553192,3
54532,-3.146494,10.17513,7
54533,-1.5620013,-2.3376245,1
54534,5.300259,5.8054075,3
54535,6.718267,5.037194,3
54536,-5.105371,11.628725,7
54537,10.9493,5.329422,6
54538,0.34090745,11.482885,9
54539,11.374248,6.143825,6
54540,-4.627565,11.822532,7
54541,2.3372936,0.038676627,2
54542,-3.9506876,11.56073,7
54543,-1.4954067,-2.4342535,1
54544,-3.5410018,-1.1626446,1
54545,2.3029206,-0.4121157,2
54546,0.25328705,12.330278,9
54547,11.639161,6.1704316,6
54548,-1.0434664,11.416292,9
54549,14.803605,7.4448524,0
54550,2.3686693,6.965593,8
54551,0.5563125,5.8485146,2
54552,-0.6334056,-4.418849,1
54553,2.202567,-0.38796562,2
54554,-0.018157603,5.030816,8
54555,-4.9698887,10.744889,7
54556,3.1578422,0.62925816,2
54557,-2.9370956,0.17363016,1
54558,-3.1814115,9.839565,7
54559,5.6451454,4.9038596,3
54560,5.876592,5.7156205,3
54561,-5.1295595,10.303971,7
54562,4.986445,7.742301,5
54563,-0.9254305,14.55022,4
54564,0.24982017,6.5364013,8
54565,-4.89534,10.247589,7
54566,4.5016747,7.0671406,5
54567,-1.272278,14.013194,4
54568,6.7041945,5.809943,3
54569,1.1234545,6.5821824,8
54570,11.38561,4.923285,6
54571,0.75156134,11.493863,9
54572,11.070356,4.941984,6
54573,2.182324,-0.032737896,2
54574,10.988505,2.606252,2
54575,0.07497853,11.317281,9
54576,-2.4431891,-2.2551253,1
54577,5.58438,7.2800803,5
54578,1.2991568,12.5156765,9
54579,-1.704624,-2.2373006,1
54580,-0.86492467,-3.6555817,1
54581,5.299752,6.77644,5
54582,-0.17035566,13.957238,4
54583,10.860434,5.2172575,6
54584,1.6498021,12.1829405,9
54585,0.06567322,6.394695,8
54586,-2.8325152,10.110253,9
54587,6.5020833,4.344899,3
54588,0.29773346,14.320834,4
54589,5.108105,7.014595,5
54590,0.44335473,6.55555,8
54591,11.486481,4.8699274,6
54592,1.7175798,12.5904875,9
54593,0.43115112,5.8288383,8
54594,1.2957726,6.6755996,8
54595,15.3391075,7.2403455,0
54596,1.5446572,7.3832626,8
54597,15.525992,8.123684,0
54598,5.058516,6.9433618,5
54599,0.18947144,12.225215,9
54600,14.962043,8.606246,0
54601,0.107678436,11.677991,9
54602,10.207484,2.6214356,6
54603,6.5847125,5.4456606,3
54604,4.17513,7.415186,5
54605,-1.0835377,-3.3404536,1
54606,-5.3840938,10.235494,7
54607,-2.377178,-3.377294,1
54608,14.123631,7.701782,0
54609,14.479155,7.1057725,0
54610,10.758442,3.7386034,6
54611,-2.5771635,-2.5113328,1
54612,1.131536,7.650083,8
54613,3.6682582,-1.1130707,2
54614,-2.1733832,-3.5642035,1
54615,5.805831,5.483491,3
54616,4.898107,4.663296,3
54617,0.035198163,13.940598,4
54618,11.892508,5.046756,6
54619,3.194649,6.5195804,5
54620,14.737712,7.698379,0
54621,10.7022705,3.2925045,6
54622,5.950352,5.271216,3
54623,-3.4030144,11.111285,7
54624,5.732182,7.6028466,8
54625,0.10671614,6.8938384,8
54626,1.7978142,7.0152283,8
54627,-0.48959816,12.038509,9
54628,-0.8922693,12.251983,4
54629,14.635968,7.7264853,0
54630,10.730694,4.8379807,6
54631,-2.8166697,-2.2530384,1
54632,-4.294915,9.649675,7
54633,3.3116474,-1.117509,2
54634,-0.27527297,12.931084,4
54635,5.8050337,5.5494432,3
54636,0.3438683,6.8978434,8
54637,-0.1448909,14.112646,4
54638,-4.011253,11.468035,7
54639,3.1755924,5.408326,5
54640,4.3161054,7.395983,5
54641,10.367415,3.0946784,6
54642,14.503803,8.429076,0
54643,-3.9115307,10.233238,7
54644,-4.804184,10.107358,7
54645,0.9696634,6.15249,8
54646,11.897193,6.1234055,6
54647,-1.7853628,11.247783,9
54648,6.800541,6.08611,3
54649,15.085777,7.068269,0
54650,-1.0696174,13.3345995,4
54651,-2.4594808,-2.401098,1
54652,11.007213,4.3973203,6
54653,3.2064948,-0.9528122,2
54654,2.988509,5.377787,8
54655,5.646484,5.402718,3
54656,0.44780388,7.143203,8
54657,-0.6172766,14.381827,4
54658,6.4078574,4.841094,3
54659,3.938354,6.322477,5
54660,6.035584,5.4887323,3
54661,10.472318,3.935041,6
54662,11.742459,5.2461133,6
54663,-4.614815,10.499518,7
54664,-2.4527855,-1.5714593,1
54665,-0.19209345,6.88377,8
54666,-0.19295195,13.675452,9
54667,-0.07922799,11.23416,9
54668,0.9418259,13.622517,4
54669,-4.166813,11.310725,7
54670,3.432089,6.571864,5
54671,3.9521928,6.157928,5
54672,0.49699524,14.347552,4
54673,2.911399,5.186046,5
54674,1.4041479,-0.48548648,2
54675,-3.859643,-0.6551722,1
54676,2.9700336,0.42134562,2
54677,0.43166524,11.684728,9
54678,-3.4034078,11.130523,7
54679,-0.541029,11.368255,9
54680,3.7944515,-1.7318897,2
54681,-4.1408687,10.746891,7
54682,3.07787,-1.828213,2
54683,-2.6211731,-0.45095715,1
54684,1.746867,7.1438127,8
54685,14.851047,6.0386577,0
54686,1.7199601,12.733785,4
54687,-1.1955582,10.601577,9
54688,-5.4257755,11.124934,7
54689,15.94404,6.5478683,0
54690,14.168518,8.052778,0
54691,-4.6221275,10.482619,7
54692,-3.417884,-1.4665322,1
54693,-2.4500067,-0.40850767,1
54694,5.533663,4.510973,3
54695,-4.362508,9.895291,7
54696,-4.9590034,10.979859,7
54697,5.6687865,5.1360064,3
54698,1.3078288,12.134185,9
54699,10.544444,4.6575675,6
54700,6.633448,4.825772,3
54701,-2.1914027,9.674135,8
54702,1.337943,12.6643915,9
54703,15.343621,6.0147104,0
54704,5.634274,4.7923965,3
54705,0.07845394,6.429173,8
54706,6.249792,6.412265,3
54707,5.464143,6.563025,3
54708,-3.876523,0.80806935,1
54709,3.1016335,-0.65498126,2
54710,0.47238126,14.678895,4
54711,15.347883,5.800871,0
54712,0.63836247,6.6567326,8
54713,0.05345813,11.723539,9
54714,3.3363698,-1.2802746,2
54715,15.354747,6.8703356,0
54716,-3.3674994,-1.4389466,1
54717,10.43778,4.3504577,6
54718,-0.8747364,12.942273,4
54719,-1.9777613,-2.3254483,1
54720,-3.9560483,0.285644,1
54721,-4.835685,10.915591,7
54722,6.071845,4.2366,3
54723,2.5087724,4.7018948,5
54724,5.724041,4.8181477,3
54725,0.47887573,6.719159,8
54726,0.62582815,6.7044144,8
54727,5.8609667,4.345793,3
54728,15.150804,6.985189,0
54729,0.12790889,14.791904,4
54730,7.0865655,4.8273497,3
54731,-5.024332,9.790019,7
54732,-4.124346,10.542311,7
54733,10.801789,4.3780913,6
54734,-4.854381,10.87339,7
54735,5.947506,4.279474,3
54736,5.298228,5.7191267,3
54737,4.3513165,-1.4390175,2
54738,0.40215924,12.685095,9
54739,5.297044,4.7522883,3
54740,-3.3306642,9.363976,7
54741,0.14428951,6.4659386,8
54742,-1.0476732,12.347654,4
54743,-1.0339624,11.365721,9
54744,3.6740177,6.3922195,5
54745,-0.55061275,13.666036,4
54746,6.99796,5.7888145,3
54747,0.4166408,6.1634207,8
54748,1.3179936,14.57856,4
54749,0.31496707,6.4950876,8
54750,4.0077443,6.757149,5
54751,-4.823159,10.940953,7
54752,-1.7539504,-3.2867508,1
54753,-2.6850986,-0.009442836,1
54754,1.9466707,-0.24483155,2
54755,15.572591,6.161814,0
54756,2.3499734,-1.3151948,2
54757,0.8078482,7.3611608,8
54758,2.1999764,-0.70688665,2
54759,-4.5933056,10.635372,7
54760,-4.3757877,10.476834,7
54761,-4.3982353,10.120404,7
54762,3.9888937,0.78270125,2
54763,-1.7044768,10.115228,9
54764,15.06672,7.7486567,0
54765,3.7594438,-0.8820589,2
54766,1.3441076,12.02486,9
54767,5.5999274,4.3490314,3
54768,2.9176204,-1.2421756,2
54769,-1.4751824,14.675337,4
54770,-0.22472219,14.649879,4
54771,10.484127,3.6377358,6
54772,5.9405627,5.2055335,3
54773,-3.2888253,-0.29988822,1
54774,3.412216,6.685129,5
54775,-3.872168,-0.29636258,1
54776,3.9891613,5.733805,5
54777,-1.0628052,13.51125,4
54778,9.770768,3.749756,4
54779,2.942426,5.0373616,5
54780,6.468976,4.8236294,3
54781,2.8504324,5.0409393,5
54782,6.94015,4.173419,3
54783,14.527257,6.3975654,0
54784,-2.8704967,-0.9495388,1
54785,-0.80950594,14.0898,4
54786,-2.1598492,-3.6106653,1
54787,0.15705292,6.9759207,8
54788,11.49919,6.4282374,6
54789,-3.9387202,10.261834,7
54790,3.7630494,-1.5666301,2
54791,-1.628456,14.547303,4
54792,-3.5182152,10.879888,7
54793,-1.4096315,10.846674,9
54794,1.5505443,-0.48757845,2
54795,2.9758031,-1.3708185,2
54796,3.2453346,-1.3967394,2
54797,5.5159936,5.4054585,3
54798,5.854468,6.6384163,3
54799,10.574427,4.464836,6
54800,14.437338,6.618105,0
54801,-0.9916567,13.152519,4
54802,11.4225025,5.9932575,6
54803,-1.7706637,-1.9085889,1
54804,15.398881,8.214366,0
54805,2.8940547,-0.86845154,2
54806,3.2873309,-1.5139475,2
54807,-0.4855034,14.470282,4
54808,14.663376,8.483411,0
54809,-2.9319932,-1.2967904,1
54810,14.1471615,6.509333,0
54811,3.0038352,5.340149,5
54812,14.802506,6.6158447,0
54813,-0.11873895,14.617473,4
54814,-0.17451039,12.978644,4
54815,3.2266653,-0.9994065,2
54816,-2.5743713,-2.7550826,1
54817,15.396642,6.129577,0
54818,-4.8745947,11.380672,7
54819,-1.322075,14.162053,4
54820,10.736432,3.999458,6
54821,0.0027831045,6.6415954,8
54822,14.639642,8.12397,0
54823,10.832466,4.564868,6
54824,-1.6915061,-3.0573256,1
54825,-3.6766438,0.16659193,1
54826,-1.0453144,13.74457,4
54827,-1.8710009,10.245766,9
54828,5.14375,6.9522667,5
54829,5.411527,4.602903,3
54830,10.985461,3.733053,6
54831,3.4257896,-0.49093285,2
54832,14.896214,8.666745,0
54833,15.080471,6.2776747,0
54834,-3.0216284,-2.2949977,2
54835,15.609557,6.1788406,0
54836,14.304219,5.7599196,0
54837,3.3266609,-0.5248902,2
54838,3.62914,-1.6090943,2
54839,2.974891,5.3575606,5
54840,2.9768898,-1.0792137,2
54841,10.840038,4.4132376,6
54842,0.76231325,6.1603885,8
54843,-1.0853431,10.954656,9
54844,14.473015,6.9105115,0
54845,6.000634,5.5538926,3
54846,0.43353266,6.264526,8
54847,11.099369,4.5002704,6
54848,1.9096403,0.20563588,2
54849,5.7264194,4.066336,3
54850,-0.16681741,12.231552,9
54851,10.48766,3.1068258,6
54852,-1.5657364,15.04355,4
54853,16.06669,7.746519,0
54854,3.737919,-0.511575,2
54855,-3.4719286,1.6780903,1
54856,4.852939,5.624835,3
54857,4.5057635,-0.65337694,2
54858,5.681143,7.6237283,3
54859,5.6803374,3.7698963,3
54860,2.1143053,12.588376,9
54861,-2.0963478,15.189096,4
54862,4.013678,6.70687,5
54863,-4.389261,9.228171,7
54864,-2.8311648,-2.3023586,1
54865,16.750937,6.9827557,0
54866,3.994544,-0.80100566,2
54867,5.84468,3.7731774,3
54868,4.715251,7.685795,5
54869,-1.9033087,14.897967,4
54870,1.3691843,7.349715,8
54871,-4.3240314,9.204229,7
54872,-1.2040809,-3.7839112,1
54873,16.776691,7.7009835,0
54874,-0.26800957,12.383898,9
54875,-4.314372,1.191428,1
54876,-1.6654205,-3.8660588,1
54877,4.421782,-0.42540818,2
54878,-0.45640457,12.368215,4
54879,5.691574,3.3885796,3
54880,3.6825988,7.4460506,5
54881,-2.1426446,15.192341,4
54882,-5.249182,11.890925,7
54883,2.5503287,4.46597,5
54884,0.7401129,7.0148277,8
54885,11.146929,2.3013694,6
54886,-3.130927,-1.8466163,1
54887,-4.848242,8.92667,7
54888,5.4122586,4.6490874,3
54889,-0.5493106,6.0752273,8
54890,-4.5006275,10.025772,7
54891,-3.6694365,9.086856,7
54892,6.800296,6.2030845,3
54893,4.616128,-0.56402576,2
54894,4.3974395,-1.3922821,2
54895,-2.1363697,14.775898,4
54896,-0.5363134,6.9767375,8
54897,-3.817516,2.126015,1
54898,4.896346,5.011957,3
54899,-2.1927836,14.483263,4
54900,15.394277,5.900342,0
54901,-4.1922526,2.3847013,1
54902,4.5510154,6.8108053,5
54903,-1.9622233,14.928004,4
54904,2.6470358,4.477293,5
54905,-1.1629068,9.752623,9
54906,0.7347392,14.836424,4
54907,11.377073,2.7168608,6
54908,2.1899526,0.032733034,2
54909,-3.684093,2.1240423,8
54910,6.902565,5.095623,3
54911,-2.065084,15.051179,4
54912,-3.9049299,10.300083,7
54913,2.667856,4.5954695,5
54914,4.1637764,6.342139,5
54915,5.9751167,3.5277872,3
54916,0.40761253,10.973543,8
54917,-3.1317384,8.6268015,7
54918,-0.32464847,12.794942,4
54919,0.29632926,5.446229,8
54920,1.0008243,6.081902,8
54921,-2.128057,14.563483,4
54922,14.533816,7.9585414,0
54923,11.26261,2.7070131,6
54924,2.6492524,-1.1773568,2
54925,-4.4000072,8.691369,7
54926,-0.040655136,5.858296,8
54927,15.910192,7.7137723,0
54928,2.733784,5.775029,5
54929,11.127232,2.5320265,6
54930,6.452393,5.3890758,3
54931,-4.0015054,2.7194972,1
54932,10.860083,4.6452513,5
54933,11.398432,2.7919443,6
54934,5.858079,7.4827433,5
54935,-0.5828559,5.082753,8
54936,-1.0190277,12.442717,4
54937,-3.4889617,8.537262,7
54938,2.8444593,6.2746134,5
54939,15.86933,6.689191,0
54940,-5.223585,12.11565,7
54941,16.572659,7.5778403,0
54942,14.373674,6.3679795,0
54943,16.581919,6.6855626,0
54944,1.370109,12.458666,9
54945,10.911579,2.5671763,6
54946,-0.5961308,-4.229121,1
54947,-4.0352077,2.6746466,1
54948,11.476908,6.4205556,6
54949,2.7102053,4.5463576,5
54950,-3.1893318,8.760889,8
54951,4.6814594,-0.4508265,2
54952,5.72632,6.0061812,3
54953,6.278771,3.9383183,3
54954,4.387453,5.621874,8
54955,-1.4289688,9.763536,9
54956,1.8928609,-0.10209569,2
54957,-3.6913095,8.394399,7
54958,0.19444557,7.1538053,8
54959,11.022522,2.5954075,6
54960,1.6952634,14.683358,4
54961,-0.67647696,10.127846,9
54962,0.38291025,12.113571,9
54963,-3.4698772,1.4959152,1
54964,-4.247276,11.343568,7
54965,-1.1393751,9.692331,9
54966,1.3235506,11.676317,7
54967,16.777903,7.684395,0
54968,-2.273028,-3.1753204,1
54969,11.545891,2.970903,6
54970,3.9043188,7.3062396,5
54971,-4.0865545,8.6257,7
54972,6.62492,5.0679736,3
54973,4.1960893,-0.32170862,2
54974,-1.8057839,-1.6171547,1
54975,2.5597036,4.444604,5
54976,5.520526,4.6376715,3
54977,5.999368,3.339485,3
54978,3.5571067,-1.4313486,2
54979,-3.8052318,2.1025126,1
54980,15.095533,7.5578156,0
54981,3.6388175,0.52052426,2
54982,14.949867,7.283571,0
54983,5.7575154,3.5892997,3
54984,0.4364481,11.992337,9
54985,16.018642,8.693291,0
54986,1.1189531,5.840721,8
54987,4.792017,-1.056521,2
54988,5.724733,7.5821204,5
54989,-1.0450643,9.905413,9
54990,-0.65850866,5.4965467,8
54991,-2.1704667,15.0280485,4
54992,-0.5893181,13.976085,4
54993,-1.7927442,9.72093,9
54994,11.756724,5.8670197,6
54995,-4.5225043,8.662132,7
54996,4.964626,5.280361,3
54997,16.377518,7.466585,0
54998,-0.362567,13.755799,4
54999,16.29589,7.7660966,0
55000,-3.9552608,1.0121549,1
55001,4.7176447,-0.6641244,2
55002,1.324081,6.9982786,8
55003,-4.4516854,8.588879,7
55004,-0.8932404,14.125116,4
55005,-2.2794461,15.144566,4
55006,14.735987,8.629007,0
55007,-1.134121,9.881112,9
55008,5.938959,6.0770063,3
55009,-1.0723404,9.800468,9
55010,3.3269548,6.5281076,5
55011,3.4411504,0.64385337,2
55012,10.636898,3.7973857,6
55013,-1.1483947,10.127335,9
55014,-3.2895186,-1.2774799,1
55015,-0.7412055,5.2425656,8
55016,11.371145,4.8008094,6
55017,5.9105124,3.630986,3
55018,9.883402,3.1040905,6
55019,11.020085,2.3348465,6
55020,-0.044237133,6.432957,8
55021,-4.4890723,8.557712,7
55022,0.9112839,7.30008,8
55023,16.592888,8.065704,0
55024,1.453212,14.069811,4
55025,-2.171862,15.129659,4
55026,-0.034861617,5.347218,8
55027,16.534597,7.457024,0
55028,5.0564814,7.5247426,3
55029,16.494598,7.521205,0
55030,15.924173,7.7265234,0
55031,-1.5050594,-4.068062,1
55032,4.4071875,-1.5274756,2
55033,2.661765,-1.1239548,2
55034,-4.2498407,9.670079,7
55035,6.0774984,6.4541297,3
55036,-1.7165911,-3.3321457,1
55037,1.0597095,14.218637,4
55038,5.8417907,5.824763,3
55039,11.4868,5.166992,6
55040,2.916342,-1.4585577,2
55041,-5.246174,11.44614,7
55042,5.690718,7.75528,5
55043,0.97532016,7.010954,8
55044,1.5997069,-0.26602927,2
55045,16.30331,8.221563,0
55046,-2.333463,-0.86354667,1
55047,-2.7439442,-1.8127841,1
55048,15.282333,8.529968,0
55049,3.307881,-0.350784,2
55050,5.7047873,5.8657722,3
55051,5.451054,5.426527,3
55052,-3.59119,11.397598,7
55053,0.4236017,14.992403,4
55054,6.09509,5.4937243,3
55055,2.6746414,4.898987,5
55056,14.622144,8.455399,0
55057,11.626884,4.2911744,6
55058,3.8840165,6.861399,5
55059,-5.067637,10.68538,7
55060,5.8866124,6.611452,5
55061,0.18545938,6.200458,8
55062,5.833373,5.493601,3
55063,-1.202007,10.660788,9
55064,1.3898113,11.687236,9
55065,16.391724,7.8023643,0
55066,10.798838,4.4362364,6
55067,-3.0023868,0.736511,1
55068,1.0427326,11.836934,9
55069,2.9153259,-0.5711789,2
55070,3.0519843,-1.776583,2
55071,5.563062,5.081474,3
55072,1.4873096,11.876637,9
55073,-0.7637511,15.096323,4
55074,1.0734214,13.692865,4
55075,2.5909588,4.9293475,5
55076,3.8559918,6.654269,5
55077,11.545523,3.785089,6
55078,-4.542664,12.014632,7
55079,-5.120313,10.080796,7
55080,-2.5676243,-2.6618319,1
55081,-0.06270732,6.2198486,8
55082,-3.2135637,9.385422,7
55083,-2.0764499,-1.0974717,1
55084,-4.465777,11.742475,7
55085,-0.01442319,14.176863,4
55086,-3.8227599,10.189645,7
55087,-1.2171217,14.142409,4
55088,-3.4924173,10.949844,7
55089,3.39893,-1.1831374,2
55090,-3.6649404,8.178166,7
55091,6.5124555,4.9066563,3
55092,-0.52233404,12.036055,9
55093,6.3783593,5.198411,3
55094,-4.027697,10.337389,7
55095,16.428417,7.635276,0
55096,10.623684,4.4316053,6
55097,1.0225077,11.843706,9
55098,-0.06780655,14.58852,4
55099,3.2439487,5.33331,5
55100,3.1539443,-1.2012668,2
55101,-0.3498367,14.770935,4
55102,1.5160632,11.893027,9
55103,6.7694564,4.039617,3
55104,7.089441,4.808688,3
55105,16.334774,7.5847898,0
55106,6.6598225,5.721439,3
55107,0.14149842,6.504605,8
55108,3.7150614,6.707877,5
55109,0.22915722,15.069903,4
55110,14.937634,8.468648,0
55111,10.672005,2.4817228,6
55112,10.714524,4.613358,6
55113,-4.07768,9.752808,7
55114,-1.5262889,10.31655,9
55115,16.385534,7.382316,0
55116,6.987826,5.3828254,3
55117,-4.340504,9.252217,7
55118,0.6619226,7.048447,8
55119,-4.6768703,10.63247,7
55120,0.5498565,12.079386,9
55121,-3.2734103,-1.6293442,1
55122,2.0740268,6.4284396,8
55123,11.225275,3.6193788,6
55124,1.1645759,14.536069,4
55125,-1.0075908,10.9031315,9
55126,-1.8869021,10.5378685,9
55127,-3.8390827,1.4120523,1
55128,5.7703433,7.765263,8
55129,2.8505802,-1.2783436,2
55130,15.669466,6.7902923,0
55131,-0.83666474,10.847086,9
55132,0.25890338,6.9723,8
55133,5.550675,3.9524386,3
55134,10.663156,4.624144,6
55135,11.328308,3.9790392,6
55136,0.13891333,14.240818,4
55137,2.928458,-1.3899583,2
55138,10.991901,3.9286342,6
55139,6.09852,5.253143,3
55140,-4.169632,0.3204474,1
55141,-0.46767223,14.768853,4
55142,-2.8487413,-2.6267207,1
55143,11.704445,4.2561054,6
55144,6.5362263,5.083054,3
55145,1.2084545,6.245277,8
55146,0.50909185,5.9531574,8
55147,-4.4833283,9.075759,7
55148,3.042653,6.683466,5
55149,3.0918055,-0.29780823,2
55150,-1.8228636,-1.3699424,1
55151,5.660745,3.9908338,3
55152,14.519163,7.456106,0
55153,-4.2493563,8.300602,8
55154,10.395616,4.25857,6
55155,-3.2239676,0.6056633,1
55156,1.7862256,6.8794045,8
55157,3.302125,-0.8931536,2
55158,2.316274,-0.008400853,2
55159,0.48205426,11.079884,9
55160,0.1950738,13.899782,4
55161,3.0488,5.181408,5
55162,9.9437685,3.177351,6
55163,0.70516473,5.965497,8
55164,4.9750853,6.779309,5
55165,0.5453178,6.042785,8
55166,10.4038925,4.6629252,6
55167,-4.8759394,9.762898,7
55168,10.792525,4.4760323,6
55169,-3.721008,1.2433282,1
55170,1.4183515,-0.5240251,2
55171,-4.688299,9.94374,7
55172,2.7136166,-1.3526956,2
55173,-2.8981166,0.6748077,1
55174,-3.3989117,10.763136,7
55175,-3.1926167,0.36813933,1
55176,1.975319,-0.47578442,2
55177,16.618006,7.343963,0
55178,0.961563,14.391623,4
55179,5.2862277,4.4238334,3
55180,-3.784601,9.361001,7
55181,-1.6410757,14.856807,4
55182,0.3820136,7.1523185,8
55183,3.7157757,-1.4756243,2
55184,3.45546,7.0246005,5
55185,11.785538,4.488974,6
55186,3.4670777,-0.4219623,2
55187,-1.2610472,15.301742,4
55188,4.516701,-0.10653242,2
55189,-4.7926273,9.195608,7
55190,9.960566,2.3981743,3
55191,-0.8787938,15.258949,4
55192,0.99868774,7.210463,8
55193,3.5338902,-0.9616518,2
55194,3.046156,-1.432313,3
55195,-4.709292,8.952393,7
55196,10.31865,5.034985,6
55197,-1.4951913,14.74993,4
55198,5.45067,5.19747,3
55199,3.1417072,-1.6896046,2
55200,0.6064641,12.268207,9
55201,-0.24816477,11.358228,9
55202,2.3902154,-1.0832857,2
55203,3.3410244,-1.5436059,2
55204,3.8549206,6.788708,5
55205,-4.0552425,10.157171,7
55206,0.60722333,14.701314,4
55207,0.39703918,11.066417,9
55208,4.695034,6.1130443,5
55209,3.8723974,-1.3495882,2
55210,-3.458192,9.643716,7
55211,-0.21137121,5.6301045,8
55212,4.0023623,7.3530307,5
55213,11.664093,3.908797,6
55214,-2.7753422,-0.7558547,1
55215,-3.815374,0.9156916,1
55216,-3.6670332,9.839645,7
55217,16.638996,6.99312,0
55218,1.0286735,6.0731792,8
55219,11.490908,3.8435469,6
55220,3.6033754,-1.8242086,2
55221,0.78355336,5.8133883,8
55222,-2.4915867,-3.5503137,1
55223,3.4855256,6.5308766,5
55224,-1.2916329,11.5353,9
55225,3.1252425,5.2963357,5
55226,11.4632225,5.334339,6
55227,15.76058,7.4001684,0
55228,3.172224,-1.344164,2
55229,3.8665853,6.3541718,5
55230,9.990138,2.5852883,6
55231,5.663932,5.316942,3
55232,-2.2098968,-2.8736002,1
55233,3.1966758,5.280666,5
55234,1.0524138,7.0982924,8
55235,-0.20927988,10.728644,9
55236,-1.9768124,-1.3718348,1
55237,-3.4949334,9.132686,7
55238,-3.1937337,9.1308775,7
55239,-0.9447782,15.223619,4
55240,-0.5621081,12.194883,9
55241,-0.0040160064,5.49963,8
55242,15.5668125,6.561652,0
55243,-1.1031376,10.3144,9
55244,-5.102095,10.383958,7
55245,11.324219,2.8931692,6
55246,14.450172,7.355335,0
55247,-0.2770243,10.699961,9
55248,4.288744,7.4698677,5
55249,6.175589,4.2945533,3
55250,2.3342493,7.4844265,8
55251,15.82918,8.117186,0
55252,10.889749,3.897001,6
55253,16.475996,7.5803423,0
55254,15.255386,8.303204,0
55255,11.904795,4.122565,6
55256,2.168901,7.0785856,8
55257,5.5080466,4.9241996,3
55258,-1.3212215,13.972516,4
55259,16.79473,7.488571,0
55260,3.4237955,4.795315,5
55261,2.915106,5.039997,5
55262,-2.1501095,-1.460249,1
55263,0.7170901,5.819469,8
55264,-3.564334,-0.94142455,8
55265,-0.41893542,10.871031,9
55266,-3.827647,10.840962,7
55267,-3.75744,2.0436628,1
55268,1.8242031,7.3341055,8
55269,0.80920583,5.830117,8
55270,-3.8222744,10.149486,7
55271,-3.587114,0.26817843,1
55272,2.161231,7.1943665,8
55273,11.623928,3.3795643,6
55274,10.528337,2.2638001,6
55275,16.326878,7.667687,0
55276,-4.7781425,11.7371235,7
55277,15.1759,6.504164,0
55278,4.4909267,-1.5731157,0
55279,-3.2965388,-1.4469292,1
55280,0.5018879,14.610524,4
55281,2.9694068,-1.2045623,2
55282,1.6654925,14.182304,4
55283,5.364601,4.2472014,3
55284,1.087357,6.352879,8
55285,-0.5549241,14.886555,4
55286,-0.6142164,-4.4932833,1
55287,3.440371,6.141569,5
55288,14.35364,8.396844,0
55289,11.602402,4.399877,6
55290,14.370321,7.8253036,0
55291,-4.2375937,10.081664,7
55292,6.0653577,6.3829794,3
55293,-0.6648239,6.2242146,8
55294,-0.6737054,12.5261755,4
55295,-0.7256919,11.092718,9
55296,-2.1108665,10.234212,9
55297,14.706901,5.916533,0
55298,3.8557985,6.74167,5
55299,-3.3882592,-0.0935458,1
55300,2.648318,-0.25669274,2
55301,6.365023,4.2649665,3
55302,14.855793,8.84872,0
55303,-1.3350291,14.555075,4
55304,1.8837869,-0.044186722,2
55305,3.4819205,5.9201894,5
55306,-1.7697116,-3.6007993,1
55307,11.415693,5.024967,6
55308,2.0342495,0.14421466,2
55309,-3.8949976,9.648988,7
55310,-1.6354226,-3.1932237,1
55311,-0.9313768,6.3628526,8
55312,5.7864156,3.7997618,3
55313,-0.36571598,10.949221,9
55314,10.082034,4.537992,6
55315,15.600601,6.7246532,0
55316,2.429753,0.21153736,2
55317,-3.5634236,-0.17950596,1
55318,-0.5045215,12.9690075,4
55319,3.093621,-1.1138142,2
55320,-0.071719825,13.342447,4
55321,5.481054,3.9074018,3
55322,5.6028066,6.8417387,5
55323,-1.2177016,14.209443,4
55324,-3.6001797,-0.49954763,1
55325,3.867813,6.428804,5
55326,2.5282338,-0.9238059,2
55327,11.440007,3.6277995,6
55328,-0.23824468,13.9889555,4
55329,-5.3551764,11.324433,7
55330,5.645594,7.7485285,8
55331,-0.31130546,5.6287766,8
55332,0.9258493,14.715389,4
55333,-0.8740471,10.773278,9
55334,6.3455706,5.9313045,3
55335,-2.9811451,-2.4712083,1
55336,6.7941723,5.684293,3
55337,-0.78230536,14.03988,4
55338,-0.7963286,-4.114802,1
55339,-1.1363442,13.824453,4
55340,-1.5973117,-2.9846182,4
55341,6.310856,4.252443,3
55342,3.8899071,6.460927,5
55343,6.289936,4.8762984,3
55344,-4.968554,9.8120575,7
55345,15.146164,6.940407,0
55346,-4.9401755,11.381958,7
55347,-1.0173507,10.541157,9
55348,14.369939,6.7074914,0
55349,3.3338025,6.046924,5
55350,10.03706,4.311856,6
55351,-1.2323834,14.078511,4
55352,3.743694,-1.4352838,2
55353,5.2604313,4.0704484,3
55354,14.978268,7.430564,0
55355,15.426749,6.609839,0
55356,4.095838,7.4209456,5
55357,-0.42195216,5.565372,8
55358,-3.020726,-2.4737105,1
55359,-1.399548,14.132265,4
55360,3.4454117,-1.6382991,2
55361,15.883238,6.664943,0
55362,11.517063,4.8054743,6
55363,-4.185502,8.821682,7
55364,0.95972013,12.38682,9
55365,-4.7187505,9.610514,7
55366,15.25143,6.369222,0
55367,11.050055,3.8612583,6
55368,-3.6007168,0.4347386,8
55369,-0.63323563,10.896249,9
55370,0.34358236,12.001075,9
55371,-2.3518705,-3.5000875,1
55372,10.725324,3.798418,6
55373,3.6396809,-1.270456,2
55374,-4.313428,10.245887,7
55375,0.20740567,11.593418,9
55376,4.849012,7.489859,5
55377,5.2717166,4.02581,3
55378,6.064288,6.0585656,3
55379,10.99471,4.110132,6
55380,-3.7701788,-0.17569129,1
55381,3.7305784,-1.055715,2
55382,10.555996,4.4206796,6
55383,5.4251947,4.1066766,3
55384,-3.3405833,10.173308,7
55385,-1.2257755,14.246409,4
55386,-3.4854102,0.24649948,1
55387,11.109029,3.7714643,6
55388,5.1398816,7.5194373,5
55389,3.6726372,6.130761,5
55390,11.71748,5.8828826,6
55391,4.4155264,-1.0879283,2
55392,1.7550575,6.4171886,8
55393,5.5151653,3.7825208,3
55394,3.9772415,7.1213493,5
55395,-0.06405046,5.270491,8
55396,4.9960485,6.4307446,5
55397,-3.2474627,0.76377213,1
55398,14.680123,6.4633904,0
55399,3.8397505,-0.80512995,2
55400,16.260052,8.112917,0
55401,0.010119392,11.539882,9
55402,15.755626,8.152256,0
55403,3.540135,6.1676197,5
55404,2.6129882,0.24528754,2
55405,0.117476515,6.8877563,8
55406,-0.26852357,12.314346,9
55407,-0.1650701,6.582972,8
55408,14.8188505,8.780021,0
55409,-4.508532,10.598535,7
55410,16.106682,7.295795,0
55411,-1.9972935,-1.144589,1
55412,-3.3530457,-1.6306039,1
55413,-4.3428116,9.788615,7
55414,4.979841,7.168599,5
55415,-2.8734345,0.23272309,1
55416,0.66653854,13.351902,4
55417,-4.090043,-0.047641966,1
55418,-1.2504585,12.002879,4
55419,5.937536,3.8157184,3
55420,10.218374,4.010873,6
55421,-0.99172014,14.998243,4
55422,-4.0579686,11.268693,7
55423,-1.289646,14.399548,4
55424,-0.95711213,12.682945,4
55425,-4.793193,11.233345,7
55426,-3.9019544,11.1835,7
55427,-1.2785155,14.617693,4
55428,5.3948536,7.5232,5
55429,4.132974,-0.8176328,2
55430,0.9709205,6.1506414,8
55431,-3.3769243,8.502605,7
55432,6.8842688,6.089006,3
55433,3.3254154,-1.2072469,2
55434,4.7334943,7.133202,5
55435,-0.63227504,11.5029955,9
55436,1.1536927,7.195292,8
55437,3.5694962,-1.030047,2
55438,1.0356333,13.010219,8
55439,-4.2337174,10.147515,7
55440,5.825681,6.4312477,3
55441,-0.45438024,11.112718,9
55442,4.3372006,6.7908206,5
55443,3.427776,-0.8753328,2
55444,-4.023728,10.519455,7
55445,-0.1627476,6.3706336,8
55446,-3.8813798,8.740984,7
55447,11.700014,4.3671927,6
55448,-3.236262,8.837389,7
55449,-3.3805761,-0.28953615,1
55450,4.3118763,7.8815737,5
55451,0.18160917,6.628757,8
55452,-3.2233288,10.284323,7
55453,4.102847,6.321329,5
55454,0.1363423,12.3363085,9
55455,3.6854732,6.900967,5
55456,9.839572,3.5591938,6
55457,15.476029,7.145581,0
55458,11.297116,6.3708277,6
55459,3.5084317,6.0871334,5
55460,4.316108,6.9192376,5
55461,6.616021,4.6763787,3
55462,0.8149759,6.700678,8
55463,3.2477884,6.2773814,5
55464,1.106133,12.30815,9
55465,-0.3457109,11.463449,9
55466,-3.775567,11.458802,7
55467,-3.474779,10.533226,7
55468,1.6540594,12.068766,9
55469,-0.4761027,14.256826,4
55470,5.3744187,4.8714995,3
55471,-0.15807144,5.974899,8
55472,5.674068,5.810028,3
55473,1.09986,11.63088,9
55474,6.984744,6.1799803,3
55475,10.020473,2.6494203,6
55476,-4.292714,11.470316,7
55477,-0.42852777,11.0926075,9
55478,-2.9795592,-2.553103,1
55479,15.913634,7.5140333,0
55480,-3.3571367,11.186175,7
55481,15.502911,6.674949,0
55482,6.029205,5.181988,3
55483,10.696374,3.496928,6
55484,15.677906,6.139242,0
55485,5.171152,4.328794,3
55486,-3.497307,9.106317,7
55487,15.621084,7.4227557,0
55488,4.8495407,4.6317368,3
55489,3.289183,4.799274,5
55490,0.7869051,14.974794,4
55491,0.13373466,5.6192446,8
55492,-5.1928473,12.31112,7
55493,0.3682891,11.682558,9
55494,-3.9234207,9.191567,7
55495,-2.2007332,-1.0246602,1
55496,2.2891343,12.724687,9
55497,-0.3141275,5.8866878,8
55498,3.218637,6.367495,5
55499,-2.8411324,-0.02649719,1
55500,-0.66911113,-3.7947478,1
55501,16.30713,8.135045,0
55502,-1.7524015,-3.4754179,1
55503,16.198303,8.690931,0
55504,2.1721368,-0.980653,2
55505,-3.3752875,0.46673197,1
55506,3.0599027,5.972676,5
55507,2.818899,-0.22873056,2
55508,4.0672293,-1.4655436,2
55509,5.5512257,4.141077,3
55510,0.710546,11.190018,9
55511,-1.2635007,15.361288,4
55512,10.263812,3.8170137,6
55513,6.7577147,4.1409674,5
55514,-4.971949,11.538232,7
55515,11.542331,3.306156,6
55516,1.4830755,14.046003,4
55517,-5.123509,9.376555,7
55518,-4.8884726,11.817651,7
55519,-0.28288257,6.7903,8
55520,10.011909,2.7832901,6
55521,15.656327,8.148245,0
55522,-0.10916543,12.979655,4
55523,-3.2356246,1.2133654,1
55524,-1.8397623,-3.2345932,1
55525,3.123537,0.28803253,2
55526,1.595066,-0.708102,2
55527,5.4481974,4.1795297,3
55528,2.5358455,-0.6830988,2
55529,-1.2765787,15.254896,4
55530,1.4284973,7.6227098,8
55531,2.876107,5.2003627,5
55532,-0.09813222,13.155297,4
55533,11.284448,3.2933705,6
55534,1.4487103,6.6916842,8
55535,-4.742567,9.915378,7
55536,10.559247,2.8091335,6
55537,0.6361545,6.4073973,8
55538,-0.6313697,14.036368,4
55539,-0.9336472,11.316696,9
55540,1.326116,-0.5567643,2
55541,16.415033,8.358832,0
55542,3.4995282,-1.741116,2
55543,-3.2482336,0.8577428,1
55544,-3.4212236,9.250005,7
55545,3.2321763,0.47497675,2
55546,1.1644682,14.379148,4
55547,6.789914,4.127091,3
55548,5.4956694,5.693969,3
55549,-1.057387,15.331076,4
55550,6.7420216,4.547421,3
55551,11.792707,5.2007494,6
55552,0.5806817,14.0202,4
55553,-5.080655,10.627135,7
55554,4.899087,6.721478,5
55555,0.89004844,6.665441,8
55556,14.986649,8.851908,0
55557,0.32732034,6.8683023,8
55558,10.656979,3.4378276,6
55559,2.7573626,0.29159763,2
55560,-3.5574636,11.340118,7
55561,11.056802,3.982723,6
55562,-3.781972,11.590658,7
55563,-0.9711558,10.627333,9
55564,1.3117298,14.498713,4
55565,11.2450285,3.1682847,6
55566,6.9000516,6.1239266,3
55567,-2.5068266,-0.32722726,1
55568,0.4663351,11.416721,9
55569,0.1456215,11.453737,9
55570,1.0454854,12.027702,9
55571,0.13832553,11.65127,9
55572,5.1686325,7.3275943,5
55573,-0.2143943,11.453732,9
55574,-1.008964,-4.252918,1
55575,-0.076035224,15.017425,4
55576,16.138695,8.349407,0
55577,-0.61434704,15.115561,4
55578,0.81371796,6.1598034,8
55579,5.5488105,4.1258893,3
55580,6.4991984,5.0992813,3
55581,0.09557862,5.9084034,8
55582,14.747827,7.1051292,0
55583,-2.301059,-1.436911,1
55584,11.493287,5.463127,6
55585,-0.45331722,14.867475,4
55586,0.7384821,11.870338,8
55587,-3.1090405,0.60167104,1
55588,14.573291,6.0057135,0
55589,3.0576513,-0.3012374,2
55590,10.624585,3.1089048,6
55591,2.655753,4.4204555,5
55592,5.907722,6.7179494,3
55593,16.1303,7.574979,0
55594,-1.8889832,-3.3197083,1
55595,0.12827897,11.3315735,9
55596,-2.3415797,-2.296272,1
55597,-0.73417616,14.82503,4
55598,-1.5146251,11.63458,4
55599,-0.3416991,11.153035,9
55600,1.3634241,12.42759,9
55601,-3.479225,-0.026262036,1
55602,3.850614,6.1794086,5
55603,-4.9776664,10.570571,7
55604,1.0117539,7.400354,8
55605,-0.95724493,14.880337,4
55606,0.6269428,6.1884656,8
55607,-1.1244795,15.224802,4
55608,-4.4853125,11.720243,7
55609,-3.8226886,1.4399867,1
55610,0.356921,6.3305583,8
55611,0.6515998,6.4258986,8
55612,5.454668,5.1164985,9
55613,-4.955088,10.73224,7
55614,0.524457,5.8984966,8
55615,11.523141,5.850937,6
55616,11.594828,6.589469,6
55617,15.732978,7.919013,0
55618,0.17677884,5.6067486,8
55619,-0.116901495,6.420634,8
55620,-0.18965356,6.182683,8
55621,-3.6196136,0.40006858,1
55622,14.671832,6.573919,0
55623,-0.17070226,6.5150733,8
55624,15.218973,8.368305,0
55625,2.878751,-0.23570357,2
55626,11.637911,6.553104,6
55627,10.945783,4.7593,6
55628,4.9359283,4.8804865,3
55629,2.9264023,0.23176868,2
55630,-0.094909266,13.060322,4
55631,15.904713,7.935611,0
55632,0.48930925,7.116112,8
55633,0.8383218,11.444069,9
55634,-2.4450955,-2.2217515,1
55635,-2.9542575,0.65367204,1
55636,-0.1868637,11.800287,9
55637,2.5663788,-0.38230434,2
55638,10.061164,2.8475318,6
55639,2.5552328,4.334487,5
55640,6.7773967,5.6192365,3
55641,-1.5690037,15.311727,4
55642,2.0300405,12.899759,9
55643,2.7435572,4.464023,5
55644,-2.4414697,-2.8768954,1
55645,11.833522,4.623047,6
55646,14.70679,8.748548,0
55647,-4.3952336,9.316863,7
55648,1.789778,12.167051,9
55649,5.66487,4.0782094,3
55650,0.62455946,6.1983066,8
55651,15.812348,8.781837,0
55652,-0.6199664,10.679044,9
55653,2.7118168,0.2028999,2
55654,0.39012197,14.040049,4
55655,2.3904042,-0.26384744,2
55656,14.84853,6.7565675,0
55657,4.469608,-0.8938276,2
55658,-1.2427282,14.51739,4
55659,-4.8621607,10.899026,7
55660,10.590334,4.2416754,6
55661,2.940549,4.789178,5
55662,2.5248108,0.2430331,2
55663,15.773567,8.597362,0
55664,15.774543,6.4470987,0
55665,6.446153,4.062606,3
55666,14.680236,7.2622943,0
55667,3.2399788,4.903338,5
55668,-4.564348,9.794166,7
55669,4.121345,-0.83104235,2
55670,10.385957,4.3280654,6
55671,-3.1134174,1.2548869,1
55672,5.3461065,6.856808,5
55673,-1.107635,15.203466,4
55674,1.5253531,6.480357,8
55675,-0.7421336,14.869026,4
55676,-0.37828144,13.819388,4
55677,5.7605786,4.058828,3
55678,3.2310715,-0.07211885,2
55679,15.661234,8.308241,0
55680,15.190413,8.938227,0
55681,15.459535,8.582361,0
55682,16.198614,8.586578,0
55683,0.093272954,6.8713803,8
55684,-0.140448,13.62877,4
55685,3.1461499,5.1276617,5
55686,-2.815899,-2.5490968,1
55687,-1.6681572,14.7837305,4
55688,5.8762665,6.4620113,3
55689,-5.250337,10.192491,7
55690,-1.5271634,13.589992,4
55691,-0.22623101,11.558285,9
55692,3.1456573,-1.2079736,2
55693,-4.693689,9.494834,7
55694,5.0320153,4.569233,3
55695,-0.1740256,6.463437,8
55696,2.6150777,7.2393885,8
55697,-0.23733181,6.3508706,8
55698,6.7429748,5.8729777,3
55699,-4.755359,9.911721,7
55700,-3.918733,10.961865,7
55701,-1.4963007,10.714601,9
55702,-0.1363014,10.716337,9
55703,11.410252,3.740155,6
55704,3.5352921,-0.9732295,2
55705,6.6210485,3.9423282,3
55706,0.66062796,5.982106,8
55707,-3.776897,0.56814116,1
55708,2.7458715,5.4208827,5
55709,-4.7069983,10.07681,7
55710,-2.1199012,-3.125644,1
55711,-0.6107976,10.687303,9
55712,5.0543594,7.40831,5
55713,11.46359,3.8385062,6
55714,-1.6858068,-1.6503576,1
55715,5.356584,4.0936565,3
55716,-2.384461,-2.8310888,1
55717,5.447184,4.1851997,3
55718,3.4007251,6.926278,5
55719,-3.144207,1.2891507,1
55720,11.746711,5.145426,6
55721,16.539234,8.24432,0
55722,3.4684608,6.552691,5
55723,3.222821,-0.96495306,2
55724,-4.6553273,11.4885845,7
55725,11.652109,5.524208,6
55726,5.4663606,4.80803,3
55727,16.335407,8.481348,0
55728,4.8050885,6.9970336,5
55729,6.8872876,4.1281395,5
55730,0.420474,12.135676,9
55731,11.69679,4.2123375,6
55732,6.0976167,6.2950454,3
55733,-0.2734701,6.3577943,8
55734,4.780235,7.3449025,5
55735,-5.3290234,10.114729,7
55736,0.7054488,13.970368,4
55737,6.2325335,3.594483,3
55738,11.966148,6.3592844,6
55739,6.9585085,3.8285923,5
55740,-2.5322087,-2.1338167,1
55741,0.017230414,6.029114,8
55742,11.075506,4.577752,6
55743,6.153063,3.4705365,3
55744,-4.332555,10.764988,7
55745,15.316144,8.413808,0
55746,5.640081,5.08656,3
55747,-1.8622497,-2.3619325,1
55748,3.6711135,7.349192,5
55749,2.1629806,-0.49623504,2
55750,-4.373259,9.941613,7
55751,6.68228,4.512415,3
55752,14.524655,6.05,0
55753,-1.059808,14.560535,4
55754,11.42842,6.235796,6
55755,4.397614,6.1819177,5
55756,-4.942994,11.619784,7
55757,11.160961,4.5014424,6
55758,5.3226805,5.043354,3
55759,-4.3274975,9.468511,7
55760,10.746632,2.3938627,6
55761,0.6488907,6.9029756,8
55762,-0.4510015,5.079934,8
55763,-0.65509284,11.219008,9
55764,1.036988,6.680105,8
55765,15.058895,7.910213,0
55766,0.89623696,6.9776516,8
55767,-1.7720501,-2.2500272,1
55768,-1.9961646,-1.326732,1
55769,3.164805,-0.93226445,2
55770,11.095357,4.017617,6
55771,6.5339675,5.666283,3
55772,1.2960262,6.944724,8
55773,-1.1372112,14.478385,4
55774,1.7529775,14.530995,4
55775,4.272005,5.876116,5
55776,0.7390179,13.642369,4
55777,11.06582,3.8872201,6
55778,0.98005027,11.748581,9
55779,-4.4563584,10.170938,7
55780,0.27760532,12.39614,9
55781,0.5495254,7.185444,8
55782,1.8086288,-0.12876916,2
55783,-0.54083705,10.997721,9
55784,-2.7476275,-1.5715306,1
55785,15.533457,8.508653,0
55786,-2.6290634,-3.3965487,1
55787,-2.340435,-2.0342002,1
55788,0.8684917,14.127114,4
55789,2.0903008,-0.4987691,2
55790,-0.6879838,5.5132046,8
55791,6.442764,4.259357,3
55792,5.1934676,4.750813,9
55793,-1.2302297,14.358861,4
55794,5.366868,7.3006964,5
55795,3.2025013,4.709288,5
55796,5.6746216,4.7787604,3
55797,11.528386,4.3885226,6
55798,11.410685,3.366868,6
55799,-4.70368,9.875858,7
55800,5.5230603,7.175248,5
55801,0.68838406,6.9940357,8
55802,-4.0030746,11.513604,7
55803,-0.80623204,11.013758,9
55804,3.704454,0.7616847,5
55805,15.085296,7.7282567,0
55806,15.643592,7.4266095,0
55807,0.62409663,7.30451,8
55808,2.391449,-0.14966552,2
55809,-4.1058564,10.835907,7
55810,0.33294705,13.628756,4
55811,1.2723037,7.364428,8
55812,0.36673263,14.639549,4
55813,-0.46659473,11.376752,9
55814,-1.7298477,14.559642,9
55815,0.0059662713,11.271526,9
55816,3.201852,-1.77607,2
55817,15.414505,8.22395,0
55818,4.741424,6.7716737,5
55819,-2.341932,-0.9766029,1
55820,10.245686,2.921145,6
55821,-1.3764111,13.81518,4
55822,15.148077,7.9874425,0
55823,4.352927,5.9876385,5
55824,10.880156,4.4978065,6
55825,-2.5423105,-0.25983953,1
55826,-3.9888587,10.977228,7
55827,10.955246,3.9118402,6
55828,-0.07371245,13.21151,4
55829,-4.2957187,10.139219,7
55830,14.596889,5.951435,0
55831,6.758428,4.388964,3
55832,-3.6904302,0.37501928,1
55833,3.7732267,-0.1416416,2
55834,-1.9387585,9.227563,9
55835,-0.26244786,11.193158,9
55836,3.0194352,0.14385284,2
55837,15.602521,8.030822,0
55838,3.3083973,6.8601913,5
55839,4.217421,5.8731246,5
55840,15.613194,8.816323,0
55841,11.367647,3.6084523,6
55842,-4.188887,11.673665,7
55843,-4.7443914,9.118669,7
55844,5.695021,3.9228418,3
55845,6.741777,4.191416,3
55846,-2.6497054,-2.012305,1
55847,-0.5379249,10.848182,9
55848,-3.8740392,10.673215,7
55849,-0.96871847,10.920162,9
55850,-2.094664,10.277998,9
55851,6.7348366,4.1740246,3
55852,0.4071573,6.693722,8
55853,0.6548039,6.956961,8
55854,-4.3066263,11.434483,7
55855,-2.8475647,-1.325048,1
55856,-0.13967288,10.756508,9
55857,3.7927225,-0.8366566,2
55858,6.281807,5.0652065,3
55859,-0.7056803,10.694656,9
55860,0.9857135,14.540364,4
55861,10.847409,2.8330226,6
55862,2.642549,-1.0446644,2
55863,-4.5258856,10.002267,7
55864,5.9755416,6.4337373,3
55865,4.507454,6.2120166,5
55866,6.377827,6.167444,3
55867,11.200401,3.7794654,6
55868,0.19514939,5.639154,8
55869,6.8167796,4.384948,3
55870,1.6896533,-1.2255213,1
55871,4.182802,5.9733105,5
55872,-2.055867,14.607403,4
55873,15.124722,7.718099,0
55874,6.664966,4.6982384,3
55875,4.98226,7.016528,5
55876,6.630277,6.297309,3
55877,-1.2400972,14.458148,4
55878,2.8598208,5.2469163,5
55879,15.264627,8.487227,0
55880,1.5026109,7.3835273,8
55881,7.0047975,4.4592037,3
55882,-4.0272145,10.751211,7
55883,-1.8018664,13.8268585,4
55884,1.790004,12.121168,9
55885,-4.4455366,10.109246,7
55886,5.0287957,7.69782,5
55887,-3.8774107,9.530049,7
55888,-3.370377,-1.9372413,1
55889,-1.054457,10.849027,9
55890,14.364203,8.378439,0
55891,-1.7631519,13.759468,4
55892,14.975053,8.32686,0
55893,6.8137035,4.2248254,3
55894,4.9054675,7.328934,5
55895,-3.7510822,9.401376,7
55896,-3.1695,10.919229,7
55897,10.501057,2.9585662,6
55898,-0.13127357,12.968525,4
55899,2.0415485,-0.44436842,2
55900,10.080367,3.5104978,6
55901,-3.3003762,-0.31965584,1
55902,4.287288,7.026397,5
55903,4.1910563,6.096464,5
55904,11.478901,3.0386343,6
55905,5.1384187,7.0211463,5
55906,3.0614388,-1.2074652,2
55907,15.0936,8.390799,0
55908,10.339448,2.8976667,5
55909,4.220861,5.8276577,5
55910,3.9813461,6.748106,5
55911,15.243501,8.550181,0
55912,2.391824,0.2248426,2
55913,10.706823,3.4528973,6
55914,6.291562,6.7360587,3
55915,-4.557262,9.535405,7
55916,-4.5120754,10.872944,7
55917,15.8125515,7.405573,0
55918,-3.4301636,11.185655,7
55919,4.127871,-0.9274579,2
55920,-3.118173,-1.9933044,1
55921,-1.1470481,10.772448,9
55922,15.375407,6.5041385,0
55923,6.6338425,4.4067197,3
55924,0.92919683,14.357804,4
55925,-1.9556806,14.291972,4
55926,5.3088675,5.612399,3
55927,-1.9015278,14.239789,4
55928,-3.8118377,11.326614,7
55929,0.3405462,7.034079,8
55930,0.43911257,14.367109,4
55931,-2.5739338,-0.22665116,1
55932,6.927385,4.97754,3
55933,4.0898843,-0.48280764,2
55934,-3.6851003,11.3700695,7
55935,4.5794454,-0.7658925,2
55936,10.09652,3.5735226,6
55937,6.5482216,4.2937584,3
55938,-0.26457813,11.23501,9
55939,-2.8493664,0.4911028,1
55940,2.1740828,7.08089,8
55941,6.8762856,4.347686,3
55942,10.808826,3.5117483,6
55943,10.763086,3.9296203,6
55944,-1.9673206,14.227826,4
55945,-4.267016,10.367433,7
55946,1.585399,6.575186,8
55947,6.940173,4.2231736,3
55948,-0.8304179,13.625658,4
55949,-1.0882488,10.17916,9
55950,1.9956802,-0.44851765,2
55951,11.412709,3.4351466,6
55952,2.6907916,0.2779176,2
55953,4.286105,5.898144,5
55954,-0.031789433,13.075516,4
55955,-3.467184,0.68857735,1
55956,10.482769,5.086356,6
55957,-0.72793776,10.868868,9
55958,5.1093807,7.613097,5
55959,0.46147662,6.8893414,8
55960,5.568611,5.6870327,3
55961,-2.406635,-0.61101943,1
55962,6.9239254,6.162725,3
55963,-2.3548436,-1.3394711,1
55964,0.45156378,14.26073,4
55965,3.8270345,5.9186497,5
55966,5.8594885,5.933154,3
55967,15.282466,8.558734,0
55968,0.08605459,6.610038,8
55969,4.284201,-0.9530596,2
55970,1.8466198,12.956425,9
55971,-3.7598348,9.682238,7
55972,3.4405274,-0.19371437,2
55973,0.21498497,6.9524035,8
55974,5.355348,5.779911,3
55975,10.733739,4.191038,6
55976,1.4484942,14.214916,4
55977,11.048166,4.068719,6
55978,0.059938367,12.010183,9
55979,0.40084422,6.9155593,8
55980,5.0645113,7.2450385,5
55981,-1.8438712,13.891604,4
55982,3.2560532,-1.4839778,2
55983,-1.2325395,14.4040365,4
55984,11.34515,4.0689178,6
55985,4.3715467,-1.0131137,2
55986,15.099369,7.0007076,0
55987,3.9164662,-1.0067567,2
55988,-3.2475219,-1.276159,1
55989,0.5148714,7.2104826,8
55990,-0.18161526,14.613496,4
55991,15.354097,8.299984,0
55992,0.8193578,12.626482,9
55993,15.628652,7.166267,0
55994,10.334595,4.00201,6
55995,-2.8462095,0.003549059,1
55996,3.332608,-1.5975673,2
55997,4.5076942,-1.3340755,2
55998,6.8161206,6.4467382,3
55999,6.991545,4.952548,3
56000,-3.693454,-0.7408993,1
56001,0.5531193,5.4459877,8
56002,4.779011,7.3734922,5
56003,-0.95170736,10.543657,9
56004,0.7161534,7.4591284,8
56005,16.031628,8.228545,0
56006,5.618736,4.257221,3
56007,-3.6476343,0.15592754,1
56008,5.9032965,5.73511,3
56009,3.7865288,-1.2383103,2
56010,-3.2930138,0.13647857,1
56011,-1.6869422,15.23774,4
56012,6.021264,5.2654805,3
56013,3.2288728,5.3493915,5
56014,6.7591615,4.423232,5
56015,11.82241,3.857536,6
56016,-3.2393465,-0.6497469,1
56017,-4.0200562,8.525113,7
56018,0.7806884,12.450499,9
56019,-0.47851703,6.0389657,8
56020,-0.501969,-4.241203,1
56021,-1.3982579,11.060296,9
56022,11.21037,5.985335,6
56023,15.635741,7.875333,0
56024,3.2467208,6.684067,5
56025,-2.9533777,0.5630363,1
56026,1.1898218,7.326077,8
56027,4.463633,-1.4334717,2
56028,-3.594626,10.636464,7
56029,6.0065494,5.2436748,3
56030,-4.452627,11.736501,7
56031,-1.9448342,15.256413,4
56032,5.317142,7.1747746,5
56033,3.4681318,5.5136805,5
56034,-3.5325062,9.647231,7
56035,11.476303,2.940593,6
56036,5.1871815,7.481276,5
56037,-4.872404,9.109009,7
56038,3.9735885,6.6753383,5
56039,-0.13533294,5.375273,8
56040,3.5469682,-0.029978435,2
56041,-1.9732596,9.969603,9
56042,-3.8799837,10.613318,7
56043,6.734778,5.0383067,3
56044,10.450897,4.4492726,6
56045,4.2056947,7.2311506,5
56046,-2.724451,-2.9571257,1
56047,6.7634554,4.258205,3
56048,-1.023174,-4.3831344,1
56049,4.528013,-1.0357834,2
56050,14.78323,5.8637023,0
56051,-0.55824095,10.718181,9
56052,-4.9442286,11.771316,7
56053,7.0548797,5.5485034,3
56054,1.098125,12.618428,5
56055,4.664974,-1.2578127,2
56056,0.5499039,7.3118997,8
56057,-2.947641,0.5617006,1
56058,-4.7704816,11.69226,7
56059,-2.0799742,14.3839855,4
56060,0.8188221,13.817648,4
56061,3.0268636,5.134471,5
56062,0.46650007,12.46096,9
56063,3.5182712,5.4039826,5
56064,-5.1139946,12.091208,7
56065,4.7305408,-1.2000073,2
56066,-3.2678752,-1.8924109,7
56067,6.3917027,4.646254,3
56068,0.8763372,6.635337,8
56069,3.6690776,-1.2272182,2
56070,1.1842065,6.983788,8
56071,-2.9790664,0.3142977,1
56072,0.91275394,14.036659,4
56073,6.038469,3.9809268,3
56074,-4.6160197,10.499527,7
56075,0.060776062,10.977727,9
56076,-3.1586447,10.015327,7
56077,-4.244662,8.489114,7
56078,1.9081472,12.281833,9
56079,4.3180413,-0.6609008,2
56080,1.1779648,14.164406,4
56081,-2.995813,0.67486095,1
56082,-2.4205894,-2.1528833,8
56083,3.2167828,-1.4364506,2
56084,-1.3829585,14.481917,4
56085,-0.21565945,5.969691,8
56086,-5.3117423,12.0014,7
56087,-1.6529157,10.545117,9
56088,2.1377158,-1.0028386,2
56089,-3.3148446,0.844155,1
56090,-0.90928555,12.148188,9
56091,-0.10102497,5.628209,8
56092,-0.13212405,11.3839035,9
56093,0.004799599,5.6457486,8
56094,0.77141017,13.960916,4
56095,-3.4596689,8.671477,7
56096,-3.5549421,10.898345,7
56097,-0.2956598,6.206618,8
56098,11.48905,6.4397774,6
56099,-3.1177099,0.95301026,1
56100,4.7088413,-1.3210179,2
56101,15.601914,7.5915446,0
56102,1.0483005,11.777444,9
56103,15.490615,6.1371217,0
56104,4.0736256,-1.3232236,2
56105,11.203914,3.5136,6
56106,-1.5068951,12.887157,4
56107,-5.3547244,10.385402,7
56108,5.3268323,7.301578,5
56109,-4.7632084,9.430046,7
56110,-1.4925634,-3.912294,1
56111,-4.988008,9.225233,7
56112,-4.5000405,11.232671,7
56113,3.5541403,5.619549,5
56114,-1.210665,-2.6971223,1
56115,11.377112,2.8742225,6
56116,4.1198163,7.4582243,5
56117,-4.2500854,0.80199856,1
56118,-1.0278169,11.83939,9
56119,4.9742246,7.320397,5
56120,3.7439296,-0.79109526,2
56121,-4.760652,8.80752,7
56122,-0.060100373,14.335157,4
56123,-3.2025795,0.8828662,1
56124,16.545156,7.8639235,0
56125,4.293388,-0.9576903,2
56126,0.17041677,5.5268774,8
56127,2.6533983,4.6291027,5
56128,5.909291,7.1806912,5
56129,16.284437,6.677117,0
56130,10.546698,3.71164,6
56131,-4.163558,8.6717205,7
56132,-4.5276103,10.846186,7
56133,-1.5339452,9.582393,9
56134,5.174214,4.62462,3
56135,-1.0609574,10.199094,9
56136,6.708038,5.292283,3
56137,15.585488,7.2531333,0
56138,-2.3775036,-3.465116,1
56139,6.501055,4.3409185,3
56140,15.620964,7.961537,0
56141,0.11483884,5.7713313,8
56142,-0.43463114,14.139889,4
56143,-1.0719011,15.239902,4
56144,10.354657,4.316005,6
56145,0.064844914,5.5700607,8
56146,-2.0015469,14.396385,4
56147,-1.4654818,15.218294,4
56148,11.1564045,3.9800823,6
56149,-3.3592036,1.4166242,1
56150,-0.084901735,13.53183,4
56151,-0.1217025,5.4915757,8
56152,-2.0334404,10.192343,9
56153,11.444172,3.3817914,6
56154,1.8093581,-0.7002173,2
56155,3.3254817,4.8486567,5
56156,0.7665476,11.003761,9
56157,-1.2386873,10.024093,9
56158,14.639978,7.677437,0
56159,16.166504,6.7475057,0
56160,-3.9304857,9.710436,7
56161,15.557877,6.242745,0
56162,9.980555,2.3937948,6
56163,16.084005,7.512087,0
56164,6.1833363,5.7573357,3
56165,6.7148805,4.1541324,3
56166,-1.3828408,10.670548,9
56167,-4.628984,8.618482,7
56168,1.6236552,-0.7276059,2
56169,-3.8629315,1.6879294,1
56170,2.145243,7.5878468,8
56171,11.515618,3.1876304,6
56172,10.34276,2.3159115,6
56173,-2.1152854,15.205039,4
56174,14.59009,7.8484945,0
56175,4.371118,-1.4828051,2
56176,14.930175,7.4801426,0
56177,11.367994,3.9178338,6
56178,0.43941614,11.585106,9
56179,11.382987,2.8376684,6
56180,1.3728317,6.4812245,8
56181,16.464424,7.5902276,0
56182,10.417953,4.058748,6
56183,-2.1294775,14.35567,4
56184,0.99693644,14.637531,4
56185,3.1896708,5.270727,5
56186,10.059137,2.7182899,6
56187,-1.9858547,15.247266,4
56188,2.5880415,-1.2110317,2
56189,-4.005307,2.5680385,1
56190,-0.19407842,15.1790495,4
56191,6.0548954,3.7351737,3
56192,-2.668071,-3.1153033,1
56193,0.090931974,6.540246,8
56194,1.4583348,7.369791,8
56195,11.050382,3.1394243,6
56196,-5.2003098,10.528795,7
56197,6.988968,4.8858414,3
56198,5.9734516,5.8252926,3
56199,-1.1031367,10.047317,9
56200,5.391384,7.477524,5
56201,-0.910724,10.250031,9
56202,3.5504944,6.781476,5
56203,3.0505419,4.539742,5
56204,4.9988155,4.6631417,3
56205,-1.1247237,9.980707,9
56206,4.665339,7.742845,5
56207,6.3238487,3.5858011,3
56208,-0.7654912,-3.4861848,1
56209,-4.68037,8.548238,7
56210,11.731667,6.5880003,6
56211,10.954362,2.347375,6
56212,2.1444852,12.758892,9
56213,4.308549,-1.4332436,2
56214,2.769972,6.026744,5
56215,3.9369793,-1.0836613,2
56216,0.12324048,11.561353,9
56217,16.406437,7.5556855,0
56218,-3.4778047,11.108171,7
56219,14.67019,8.060274,0
56220,1.6809771,12.090467,7
56221,-2.6429145,-3.227147,1
56222,3.8694746,-0.94013315,2
56223,2.2539685,-1.0704056,2
56224,6.3080397,5.20745,5
56225,6.1669807,6.379758,3
56226,-0.9584804,-4.4526706,1
56227,0.82919455,14.151965,4
56228,6.935569,5.678482,3
56229,2.8492386,6.45449,5
56230,0.90385824,12.092369,9
56231,10.84391,5.7366867,6
56232,10.655629,4.2380247,6
56233,-5.3566937,12.110293,7
56234,5.5117817,6.030242,3
56235,-0.20597465,6.466166,8
56236,15.506263,8.405059,0
56237,-1.0064381,11.737654,9
56238,-0.24014871,11.243311,9
56239,15.044106,8.836856,0
56240,10.700102,4.406797,6
56241,-1.2313932,-2.5623956,1
56242,-1.2228485,10.398104,9
56243,3.1216908,-0.2165596,2
56244,1.522095,14.337467,4
56245,5.490003,5.255594,3
56246,3.8076673,6.879097,5
56247,0.252109,14.149962,4
56248,15.200943,6.7197533,0
56249,5.263621,7.384927,5
56250,-0.2201395,5.63604,8
56251,10.654134,4.606795,6
56252,-2.1093366,-1.2992483,1
56253,-3.9472985,10.356696,7
56254,-0.119907945,7.430517,8
56255,-0.24805202,5.862668,8
56256,15.673894,7.9515758,0
56257,-1.0336585,11.6757,9
56258,1.6466442,14.534826,4
56259,14.849278,8.684832,0
56260,5.0054693,4.5569677,3
56261,-1.5739402,-1.8567188,1
56262,5.5108533,7.538283,5
56263,3.1358771,0.4584874,2
56264,4.1343107,-1.1153985,2
56265,5.326759,5.177604,3
56266,-3.3100572,10.175353,7
56267,0.19261569,14.223476,4
56268,0.12119874,13.325444,4
56269,4.460293,6.730383,5
56270,1.2458477,12.264503,9
56271,-2.15974,10.299244,9
56272,-4.859608,11.830814,7
56273,-1.5670373,-1.7953707,1
56274,-3.5195272,9.787909,7
56275,1.9206079,7.0988894,3
56276,0.039470002,14.691752,4
56277,5.101213,7.0273914,5
56278,-4.1977468,1.9490924,1
56279,-1.6658574,11.107427,9
56280,0.2382339,13.524724,4
56281,-1.0634776,13.875624,4
56282,2.1499677,-0.41667038,2
56283,-1.8236785,-1.6296047,1
56284,0.51362866,6.264196,8
56285,-4.6948824,10.993029,7
56286,1.8977962,7.821703,8
56287,-4.4826083,10.880722,7
56288,5.17729,5.224268,3
56289,2.8163617,0.24981907,2
56290,0.87668365,6.5909133,8
56291,-3.06459,-1.7614906,1
56292,-2.6995714,-3.1500492,9
56293,0.6644251,14.690288,4
56294,-5.0784225,11.329339,7
56295,0.1975682,6.636686,8
56296,1.032448,6.925981,8
56297,5.5039,5.0322714,3
56298,2.5235667,-1.3335141,2
56299,0.11646826,6.7075963,8
56300,2.2616353,12.69849,9
56301,4.2600694,-1.5955105,2
56302,-0.41807634,14.655987,4
56303,-1.635624,11.314604,9
56304,1.5795943,12.585789,9
56305,5.2828045,4.587004,3
56306,3.752236,6.9014864,5
56307,0.72114134,5.8447948,8
56308,-1.7861048,-1.633669,1
56309,4.4789248,6.6200304,5
56310,3.34206,6.229087,5
56311,-1.7631384,13.472613,4
56312,3.4804096,-0.8226778,2
56313,0.41337213,6.862733,8
56314,3.222442,6.164746,5
56315,0.2332162,6.6446595,8
56316,-1.1897827,15.178684,4
56317,-0.16091402,12.131566,9
56318,14.480733,6.6151586,0
56319,-1.1649398,13.659897,4
56320,-1.1224666,12.614852,4
56321,6.603988,5.3559713,3
56322,0.16635951,6.738861,8
56323,-0.8599008,11.300074,9
56324,5.788172,6.331484,3
56325,3.880244,-1.7628075,2
56326,-4.0845885,1.535512,1
56327,3.4643736,5.8388195,5
56328,-3.806668,0.45605704,1
56329,-3.9494183,10.283125,7
56330,-0.8034981,14.101923,4
56331,-1.2677474,14.236897,4
56332,14.691637,8.726415,0
56333,-2.8591025,-1.6097741,1
56334,-0.54555583,12.573442,4
56335,2.5805755,-0.56351084,2
56336,-0.6347274,-4.3780484,1
56337,5.4125247,5.526056,3
56338,-1.7315731,-3.3640983,1
56339,3.5527532,7.004243,5
56340,3.4590716,-1.2684358,2
56341,0.24890989,11.162421,9
56342,10.612901,3.1835248,6
56343,-3.535503,-1.2991204,1
56344,5.0897284,6.8633866,5
56345,10.464575,3.9842293,6
56346,-4.164136,10.118972,7
56347,14.849887,5.861261,0
56348,1.9661131,12.897831,9
56349,-3.430568,-1.8017186,1
56350,1.2840619,14.211977,4
56351,15.023251,6.4438534,0
56352,14.83568,6.0596976,0
56353,14.22931,5.9709373,0
56354,-4.350511,11.039317,7
56355,2.1001482,-0.09709403,2
56356,-4.117797,8.33632,7
56357,0.6403107,6.566919,8
56358,10.22279,3.9533472,6
56359,-3.5372574,10.986937,7
56360,2.596314,4.8059263,5
56361,4.10538,-1.4445087,2
56362,15.6948805,8.856214,0
56363,3.6681328,6.471765,5
56364,-0.32359445,12.95919,4
56365,-2.9949682,-2.3871582,1
56366,4.1210923,7.9145617,5
56367,-3.0098758,-2.2029035,1
56368,3.7503817,6.7118373,5
56369,-0.20224774,6.2191076,8
56370,2.8596485,4.650595,5
56371,4.349051,6.4011602,5
56372,2.4764218,0.2580988,2
56373,10.521536,4.1739173,6
56374,-2.4169347,-3.6814363,1
56375,-1.445339,13.820659,4
56376,-1.1836859,13.830887,4
56377,14.87856,7.1208496,0
56378,-0.205485,5.8004327,8
56379,-1.3973601,13.158296,4
56380,-0.72188413,12.253439,4
56381,-4.8763027,10.954253,7
56382,-4.357731,10.459455,7
56383,6.3298483,4.209657,3
56384,-2.037303,-2.9313402,1
56385,10.716754,4.861432,6
56386,1.0250949,6.2281294,8
56387,-0.32276052,6.305367,8
56388,14.913193,8.075298,0
56389,14.319572,7.236381,0
56390,-4.924192,10.063566,7
56391,5.5009885,5.2839284,3
56392,-3.236863,8.903126,7
56393,-4.5570335,10.963083,7
56394,3.1589243,-1.3547705,2
56395,-0.76078176,13.84878,4
56396,0.9101839,5.973589,8
56397,14.060717,7.0608683,0
56398,5.6792493,5.4822173,3
56399,11.6447525,6.323099,6
56400,-0.27661687,13.442643,4
56401,0.7998456,11.517917,9
56402,-0.2491762,6.2852235,8
56403,2.5273597,-1.0138625,2
56404,14.597033,6.61394,0
56405,10.885457,5.423585,6
56406,0.535928,14.184055,4
56407,4.047681,6.478322,5
56408,0.9949371,11.669034,9
56409,-0.2926009,6.1895432,8
56410,-4.68111,9.047644,7
56411,10.581617,3.4137814,6
56412,0.99101216,7.4229236,8
56413,-0.15913354,12.036167,9
56414,-0.012150221,10.687267,9
56415,15.315544,6.2451053,0
56416,-4.8471355,11.670168,7
56417,-1.0647476,14.185424,4
56418,-4.78942,9.728471,7
56419,14.977847,6.5459204,0
56420,6.725914,6.1103735,3
56421,10.874901,5.0467286,6
56422,-0.4711614,13.713796,4
56423,-2.3676546,-0.9550187,1
56424,14.754168,7.1459703,0
56425,-1.2629699,10.745934,9
56426,-4.142608,10.297189,7
56427,3.3183756,0.5880359,2
56428,0.3071219,6.1192117,8
56429,14.479562,7.161268,0
56430,0.8735354,7.016578,8
56431,0.012659355,11.818776,9
56432,-3.9944072,10.059941,7
56433,4.455453,6.8066235,5
56434,6.10483,6.028367,3
56435,-2.0184016,-1.1172266,1
56436,14.58821,5.9949007,0
56437,5.1971245,5.0983515,3
56438,-3.4599402,10.958645,7
56439,-4.706169,11.201915,7
56440,1.8167332,14.491375,4
56441,10.980705,3.9387581,6
56442,-0.5570121,11.661502,9
56443,-1.3514787,11.729508,9
56444,15.856522,8.886817,0
56445,-1.1834209,14.259468,4
56446,10.754696,3.4896064,6
56447,-0.12530692,5.842603,8
56448,5.850455,5.5353503,3
56449,6.317832,4.827621,3
56450,14.701156,8.28758,0
56451,-5.15711,12.164458,7
56452,-2.8240843,9.282298,4
56453,-3.9429839,9.568349,7
56454,15.958144,7.101053,0
56455,11.120418,4.7013783,6
56456,-3.3812594,-0.45058754,1
56457,0.04477876,11.415687,3
56458,-1.0592288,11.509237,9
56459,14.985873,8.379731,0
56460,14.709755,5.7569838,0
56461,3.878541,7.0393476,5
56462,-4.985618,11.110928,7
56463,11.462387,5.2175055,6
56464,5.191229,4.834185,9
56465,3.251076,-1.2839998,2
56466,-0.5054682,12.107433,9
56467,2.4545789,-0.29579142,2
56468,3.2614834,6.429508,5
56469,14.95109,8.480124,0
56470,-2.1493728,-1.9148122,1
56471,-0.60107404,-4.0107217,1
56472,-3.3165112,11.333089,7
56473,3.0187576,-1.6473962,2
56474,5.38741,6.92145,3
56475,5.8956532,6.3867774,3
56476,5.4478974,7.679081,5
56477,1.8514314,14.52745,4
56478,2.0555935,12.824082,9
56479,4.538789,7.841173,5
56480,5.548498,6.1756845,9
56481,11.225865,6.2609034,6
56482,-3.7409284,10.709906,7
56483,-5.0220814,12.039947,7
56484,1.4665337,14.30993,4
56485,0.1441514,6.725992,8
56486,-0.9413939,11.120372,9
56487,1.2637368,12.726485,9
56488,6.2919946,5.669825,3
56489,15.624154,8.85522,0
56490,-1.7436982,-1.6632172,1
56491,-0.27805686,-4.494534,1
56492,5.078098,5.7714133,3
56493,3.1260324,-1.7630546,2
56494,-2.402238,9.643512,9
56495,6.407227,6.6043396,3
56496,-1.7117221,14.425432,4
56497,1.8489392,14.378105,4
56498,3.0971477,-0.9694761,2
56499,5.9884887,7.5235186,5
56500,-4.9383,11.802336,7
56501,11.108685,5.9301176,6
56502,1.3653241,6.753352,8
56503,-5.389965,12.137122,7
56504,5.364084,5.9721518,3
56505,0.27105173,6.546579,8
56506,-1.7492398,-1.5879308,1
56507,0.9911121,12.759755,9
56508,3.0990024,0.1788099,2
56509,16.199633,8.659544,0
56510,-3.6194923,11.24409,7
56511,-0.7498932,-4.317103,1
56512,16.473099,7.7978745,0
56513,3.6573179,-1.9185393,2
56514,3.9891632,0.77169883,2
56515,5.9615355,5.9618826,3
56516,1.666494,14.596494,4
56517,5.856815,7.537421,5
56518,-3.9427106,11.355113,7
56519,10.859238,5.7210064,6
56520,10.875934,5.5339985,6
56521,-4.970697,11.077275,7
56522,15.523143,8.240688,0
56523,1.2717556,6.1312346,8
56524,5.474261,5.14251,3
56525,1.0269518,6.166256,8
56526,11.137361,6.043855,6
56527,1.2157038,12.736663,9
56528,6.467836,5.14148,3
56529,5.701466,7.663135,5
56530,14.232772,6.0594115,0
56531,-5.2160807,12.207197,7
56532,1.076832,13.6569195,4
56533,15.003149,7.768123,0
56534,-4.606219,10.328784,7
56535,5.7654896,6.1600657,3
56536,0.24074957,6.564595,8
56537,-0.8306852,-3.4485292,1
56538,-2.783015,-3.0892746,1
56539,1.7457299,14.375209,4
56540,1.9793581,-0.4970934,2
56541,-0.7471805,-3.742002,1
56542,-4.987057,10.803578,7
56543,-5.1476817,12.055203,7
56544,0.97521603,6.9222217,8
56545,10.578224,5.312227,6
56546,-5.118841,9.58961,7
56547,5.582389,7.7500224,5
56548,11.79911,4.820244,6
56549,11.314207,5.161234,6
56550,0.9060895,13.948241,4
56551,1.7729305,14.59199,4
56552,11.267878,5.897644,6
56553,3.9169858,-1.8262337,2
56554,4.5117445,7.1146517,5
56555,-5.492007,11.024694,7
56556,14.613901,8.500723,0
56557,0.15351887,5.665654,8
56558,2.1524549,-0.27244708,2
56559,-2.5578308,-3.1359215,1
56560,-0.257875,6.242019,8
56561,6.8754544,6.0175734,3
56562,11.055376,5.9839306,6
56563,1.7986068,14.51717,4
56564,0.3121766,13.479505,4
56565,6.8776655,5.8872347,3
56566,4.113147,6.1669188,5
56567,-5.1236053,11.913119,7
56568,10.498055,4.039309,6
56569,3.0707965,-1.6971819,2
56570,14.269679,7.4448924,0
56571,4.3165655,7.7043004,5
56572,-3.4084773,0.056998257,1
56573,15.761725,6.6899295,0
56574,6.7509127,4.6457696,3
56575,-2.7064428,-2.9769452,1
56576,-2.008476,-3.127424,1
56577,-0.092597395,11.925343,9
56578,5.6580586,6.091897,3
56579,3.5384994,-0.93557405,2
56580,-1.3111554,11.371047,9
56581,5.4212756,5.778856,3
56582,10.079089,3.637512,6
56583,4.3678966,-1.8210747,2
56584,-1.2640386,-3.1914492,1
56585,5.4743404,5.327312,3
56586,9.995807,2.7426403,5
56587,4.4698677,7.3656487,5
56588,-3.7697685,10.0479,7
56589,5.4062943,7.402271,5
56590,1.6688449,-1.0080136,2
56591,-5.2017374,12.27835,7
56592,11.5921755,6.135507,6
56593,0.2794017,5.583385,8
56594,1.4479917,7.5769176,8
56595,0.6423366,14.5243225,4
56596,-0.7983886,12.015438,4
56597,0.99934226,12.481949,9
56598,1.9437835,-0.55882347,2
56599,0.39785245,12.577836,9
56600,0.34228504,5.3722124,8
56601,-5.0872254,12.185092,7
56602,-2.8075438,-3.104073,1
56603,-0.86725485,-3.2099354,1
56604,-4.2059226,11.15575,7
56605,-0.80622077,-3.38108,1
56606,15.063049,8.376892,0
56607,0.4071415,12.391551,9
56608,14.526276,8.602788,0
56609,14.723907,7.4389114,0
56610,-2.585295,-3.1530445,1
56611,-5.0546403,11.046345,7
56612,2.784553,-1.565714,2
56613,-0.058984824,6.150998,8
56614,4.567455,-1.8321656,2
56615,5.8802495,6.5941434,3
56616,5.1248727,5.32244,3
56617,1.0028777,6.7592626,8
56618,0.5432863,12.095337,9
56619,11.3706045,5.936534,6
56620,0.32261223,13.638748,4
56621,7.068166,5.526153,3
56622,1.9227092,12.235737,9
56623,1.3120472,6.2681384,8
56624,5.955766,6.1674004,3
56625,15.152713,7.7813315,0
56626,14.359546,7.714187,0
56627,1.8893933,12.6886635,9
56628,0.95172745,6.2184553,8
56629,11.315157,3.9154696,6
56630,4.17873,7.4686956,5
56631,4.0405827,-1.7561554,2
56632,10.087873,4.491593,6
56633,-1.4399195,-2.2361445,1
56634,1.3265716,12.546005,9
56635,15.146913,7.5977144,0
56636,1.6471367,7.488503,8
56637,-0.94507307,-3.366434,1
56638,-3.5663438,10.918024,7
56639,14.515724,7.475755,0
56640,-4.2641816,11.530869,7
56641,11.579567,6.0452967,6
56642,-0.56190956,13.251321,4
56643,2.9788754,0.28999376,2
56644,-3.6665943,-0.901567,1
56645,6.5312185,6.783428,3
56646,-2.2675946,14.661024,4
56647,1.3038632,6.743031,8
56648,-0.14673828,14.62691,4
56649,1.2671057,12.6548195,9
56650,-3.9784706,10.579165,7
56651,14.865099,8.829649,0
56652,-3.3589537,10.805586,7
56653,-5.137161,12.138167,7
56654,6.1636624,5.9610424,3
56655,2.9492228,0.34326193,2
56656,-1.4234205,-4.2204943,1
56657,6.674132,4.536853,3
56658,4.3265038,6.9043584,5
56659,-0.18761732,13.665833,4
56660,-2.6214314,-0.18649802,1
56661,5.007738,7.668241,5
56662,14.9054575,7.373911,0
56663,5.7939014,7.6474943,5
56664,3.0288746,0.5250691,2
56665,3.9915557,-1.7685652,2
56666,3.159889,5.302429,5
56667,2.134052,6.610966,8
56668,-3.0085835,-2.543934,1
56669,5.9052534,7.239608,5
56670,-5.2483077,11.355589,7
56671,1.2540151,14.412877,4
56672,-0.86533636,-4.404319,8
56673,11.648396,6.4626603,6
56674,15.220832,8.864351,0
56675,10.734183,5.4225106,6
56676,0.34686506,14.580116,4
56677,10.832339,5.623108,6
56678,10.607494,2.7605171,6
56679,-5.031693,12.146277,7
56680,-3.3086596,9.089435,7
56681,1.056996,12.616884,9
56682,1.5983256,-0.66974527,2
56683,-0.67183423,-3.8358111,1
56684,1.385905,11.664751,9
56685,0.93687314,6.7270308,8
56686,14.972386,8.681995,0
56687,4.384588,-1.80807,2
56688,-1.2201769,-2.6530046,1
56689,-1.5169897,-4.002624,1
56690,1.2421938,12.090534,9
56691,3.6610897,-1.6435653,2
56692,10.923205,3.488399,6
56693,10.8595085,5.210741,6
56694,-5.2320137,11.799868,7
56695,5.6289186,7.7380404,5
56696,-2.328608,-3.045352,1
56697,6.812073,4.922567,3
56698,0.77395064,14.836817,4
56699,1.6410626,14.564106,4
56700,0.8268337,13.614716,4
56701,-5.203225,12.2993965,7
56702,0.30957976,11.688849,9
56703,1.2453247,12.689194,9
56704,14.626182,8.516826,0
56705,1.7079041,14.256018,4
56706,10.687589,4.9008527,6
56707,14.794147,7.4237413,0
56708,-1.0250609,11.215513,9
56709,14.94885,8.111477,0
56710,0.48899937,6.633986,8
56711,5.2920337,7.688918,5
56712,3.066075,6.568748,5
56713,0.91032606,12.386484,9
56714,-0.45382068,-4.2611437,1
56715,15.216181,8.198373,0
56716,1.5431099,6.7733045,8
56717,-1.1153203,-3.2782815,1
56718,10.570122,5.1372375,6
56719,2.490465,-1.0972509,2
56720,4.2114105,6.5595045,5
56721,6.072891,5.947309,3
56722,-4.7241907,11.266963,7
56723,0.25001922,13.4131,4
56724,14.609177,6.025982,0
56725,3.1879125,5.2495255,5
56726,1.657706,11.864685,9
56727,10.771871,4.360545,6
56728,-0.66179425,-4.0829973,1
56729,-3.876537,10.454869,7
56730,6.561726,5.0357494,3
56731,1.1661568,6.900445,8
56732,4.9569407,7.7328215,5
56733,0.6923706,12.427172,9
56734,-1.7669405,-3.7726321,1
56735,15.809755,8.658203,0
56736,10.300008,4.0385237,6
56737,-1.0657251,-3.3579414,1
56738,5.812404,5.5415444,3
56739,2.09787,-0.97128385,2
56740,-0.4225943,14.203138,4
56741,6.1693954,6.3741097,3
56742,1.776986,12.6505375,9
56743,0.7712406,13.935754,4
56744,-1.2382773,-2.5247123,1
56745,4.5061307,6.8517246,5
56746,11.023131,6.00512,6
56747,11.205705,4.411446,6
56748,3.2553358,6.699816,5
56749,-3.5757165,9.896337,7
56750,-3.2784994,0.033366896,1
56751,0.567865,5.9339185,8
56752,1.6398816,-0.381669,2
56753,0.516414,12.462678,9
56754,6.149084,6.5315804,3
56755,15.194597,8.487636,0
56756,-3.5946448,9.203717,7
56757,-1.5653331,-2.82489,1
56758,0.025953677,13.842618,4
56759,2.32716,-0.1825841,2
56760,1.2098447,12.574396,9
56761,6.0695643,6.2504344,3
56762,4.614386,-0.9760402,2
56763,1.2256634,14.258126,4
56764,-1.2355913,-2.50603,1
56765,3.7223966,5.9616165,5
56766,16.100496,8.592024,0
56767,11.040266,3.8004508,6
56768,-1.3683515,-4.3092275,1
56769,-4.55993,10.707711,7
56770,1.30204,14.130776,4
56771,0.9193969,6.5825753,8
56772,-1.0183818,-4.3774967,1
56773,-1.1529925,11.907903,9
56774,0.058037832,12.373799,9
56775,14.283947,6.04312,0
56776,6.163349,6.376346,3
56777,14.854916,5.9359813,0
56778,15.39847,7.904098,0
56779,-1.7465092,-2.01753,1
56780,-4.577614,10.006227,7
56781,15.265067,6.9311876,0
56782,2.7244065,4.686825,5
56783,-1.9073739,-1.9663018,1
56784,-1.0956477,13.629289,4
56785,4.0057216,-1.5854417,2
56786,3.4653215,5.61918,5
56787,-4.375664,10.295602,7
56788,1.8015364,12.341561,9
56789,3.9837246,6.249833,5
56790,10.42224,2.942091,6
56791,6.249765,6.3507648,3
56792,1.1190693,11.585562,9
56793,0.37310988,14.1034565,4
56794,-4.8121576,9.533147,7
56795,2.1494017,-0.8078132,2
56796,10.838891,5.0453024,6
56797,0.27099967,13.835026,4
56798,-3.541001,9.937888,7
56799,-0.11693155,13.923873,4
56800,6.0256977,5.2595453,9
56801,14.939681,7.6093373,0
56802,-0.061930336,13.297855,4
56803,15.164464,8.520447,0
56804,6.026929,7.6617837,5
56805,10.887062,4.3884983,6
56806,-4.624605,11.929739,7
56807,0.3452015,12.139827,9
56808,-0.27413848,13.096846,4
56809,10.971278,5.138656,6
56810,-4.17703,1.9124191,1
56811,11.311395,5.555711,6
56812,5.3549104,6.9856052,5
56813,2.3785493,4.370212,5
56814,-3.8108442,11.524366,7
56815,-5.232176,10.247067,7
56816,-4.924553,10.815644,7
56817,6.1359696,6.1950874,3
56818,-0.35926774,12.865352,4
56819,1.9809964,-0.017257646,2
56820,5.6146026,5.1140532,3
56821,4.703046,-1.2743025,2
56822,-3.7218974,10.230322,7
56823,6.622261,6.646045,3
56824,-3.5732384,8.334044,2
56825,1.214872,14.61261,4
56826,0.35347265,13.643512,4
56827,-0.2671843,13.435095,4
56828,-5.0608764,12.241278,7
56829,1.8694108,12.235213,9
56830,11.205317,2.7350855,6
56831,-1.7637783,-2.9079347,1
56832,-5.180583,12.086583,7
56833,1.1934017,14.814582,4
56834,-2.9497936,-2.755283,1
56835,14.395269,6.9775667,0
56836,-1.5451443,-3.2192962,1
56837,-4.335228,11.19473,7
56838,5.960131,6.615511,5
56839,2.0862594,12.252891,9
56840,10.433822,3.4244108,6
56841,-4.807563,9.746439,7
56842,1.792527,7.748538,8
56843,3.2317698,4.849092,5
56844,-3.4165626,11.028286,7
56845,11.410679,4.9073606,6
56846,-4.083248,9.807808,7
56847,3.1214,0.49900886,2
56848,2.6838853,-1.3572297,2
56849,6.678915,5.1949067,3
56850,-5.0908914,10.592834,7
56851,-1.7172021,-3.010342,1
56852,5.474239,7.458507,5
56853,-0.057469312,13.867688,4
56854,11.219818,5.4988303,6
56855,-0.41720188,13.241817,4
56856,0.72581583,14.90359,4
56857,14.43531,6.427438,0
56858,1.2132621,7.0082183,8
56859,0.2137287,12.238246,9
56860,4.109475,6.8611054,5
56861,1.0402709,11.961869,9
56862,10.590514,5.4102826,6
56863,10.752894,4.144723,6
56864,2.8005257,-0.81744903,2
56865,-1.7710968,-2.1795874,1
56866,1.9834777,7.7620096,8
56867,1.0521059,6.1382265,8
56868,14.670499,8.656569,0
56869,6.6818295,6.710024,3
56870,-0.6282624,-3.7874146,1
56871,6.828315,5.3831053,3
56872,1.3613497,6.7482085,8
56873,-4.7247324,10.742031,7
56874,2.2608287,4.74127,8
56875,6.748599,5.612067,3
56876,3.971232,-0.18101464,2
56877,1.228567,12.271929,9
56878,10.114514,2.5112062,6
56879,0.9124749,6.0705605,8
56880,-4.772065,10.297648,7
56881,-0.2646754,5.8772535,8
56882,-3.7605712,-0.11923332,1
56883,-0.093101464,11.944556,9
56884,1.888097,12.68757,9
56885,10.64169,4.5072465,6
56886,0.5237159,13.626225,4
56887,1.1070257,6.158394,8
56888,-3.8548594,11.401569,7
56889,0.24542385,6.7741694,8
56890,5.2597046,6.968164,5
56891,0.09058256,6.834353,8
56892,-4.889294,10.217682,7
56893,-0.42096007,13.68918,4
56894,1.4841608,6.9202538,8
56895,-3.6673563,10.279751,7
56896,1.6242107,12.25625,9
56897,-4.019709,10.419657,7
56898,2.9896507,5.1899204,5
56899,10.655324,4.2945147,6
56900,-5.1261377,12.224438,7
56901,2.5918105,-0.56236434,2
56902,-3.040743,-1.6535,1
56903,-1.8442845,-1.8771768,1
56904,10.965329,3.602698,6
56905,0.44837716,12.090544,9
56906,0.39585903,11.994164,9
56907,1.106789,6.6640863,8
56908,14.340876,8.234231,0
56909,-4.4650483,10.495888,7
56910,-3.400529,-0.81186545,1
56911,1.0607059,6.8958917,8
56912,-3.1316936,-2.1567118,1
56913,-0.36882958,6.553672,8
56914,-0.7904942,11.135045,0
56915,-3.6063406,8.839154,7
56916,9.994002,3.2120264,6
56917,2.1933525,0.2835843,2
56918,10.036203,3.896663,6
56919,4.465105,-1.0795773,2
56920,-3.4222643,11.133763,7
56921,6.6867485,5.487249,3
56922,3.1908422,-1.8744549,2
56923,0.41955966,12.475851,9
56924,-3.5384293,10.447573,7
56925,6.594724,4.9065385,3
56926,3.0491714,-0.46502334,2
56927,6.9931865,5.4144244,3
56928,3.6350808,7.034517,5
56929,15.258486,8.715004,0
56930,1.2001479,12.237201,9
56931,-4.247577,10.553594,7
56932,-3.6332936,11.184384,7
56933,1.2682949,12.040802,9
56934,6.28404,4.9005585,3
56935,3.4638364,5.191432,5
56936,11.284433,5.9221997,6
56937,10.56264,4.001939,6
56938,5.394195,7.396905,5
56939,2.3623059,4.3367925,5
56940,14.259816,5.984556,0
56941,14.315573,7.3227673,0
56942,16.328825,6.8940597,0
56943,10.205276,4.552916,6
56944,-0.41470212,11.697878,9
56945,-2.120147,-3.3132782,1
56946,0.44792366,13.904226,4
56947,3.5532742,5.463518,5
56948,1.0061861,12.136222,9
56949,15.303467,7.9872746,0
56950,15.074267,8.88388,0
56951,0.58741736,14.211989,4
56952,0.8200276,7.350203,8
56953,-1.9046748,-3.0124073,1
56954,14.745202,7.190179,0
56955,-1.3965063,-3.5507488,1
56956,1.3027397,7.17162,8
56957,2.4498248,-0.3974448,2
56958,1.2361532,14.098829,4
56959,1.495955,6.450749,8
56960,-0.78576016,-3.599992,1
56961,2.0794532,-0.31278214,2
56962,10.001008,4.037838,5
56963,10.798116,4.380918,6
56964,10.483829,4.7817416,6
56965,-1.7928878,-2.8188057,1
56966,5.744007,4.9138393,3
56967,3.4338398,6.8407393,5
56968,15.487214,8.058832,0
56969,15.605418,7.2673182,0
56970,1.0635343,14.042015,4
56971,-3.6605546,-0.36248443,1
56972,10.721547,4.777532,6
56973,3.6591966,-0.8811125,2
56974,6.1593685,4.852381,3
56975,6.539356,4.117703,3
56976,0.3628562,6.6275043,8
56977,-1.59361,14.484459,4
56978,0.8931291,7.221338,8
56979,2.8453503,5.5698986,5
56980,-3.0139005,-2.5352314,1
56981,11.01445,2.9198046,6
56982,4.5678,7.1642604,5
56983,-4.8884444,9.766555,7
56984,15.622567,8.234547,0
56985,-0.345643,5.8713536,8
56986,-2.0956862,-1.2102286,1
56987,-0.9636329,10.312274,9
56988,10.085796,2.4578354,6
56989,16.083532,7.654028,0
56990,2.5649385,5.258262,5
56991,-2.8788245,0.510135,1
56992,-3.9406772,8.17026,7
56993,4.1582656,-0.84550256,2
56994,6.312029,5.85978,3
56995,5.9430995,6.451779,3
56996,-1.4427766,11.6367855,9
56997,-1.5531714,14.863271,4
56998,2.897486,-0.6503144,2
56999,5.303229,6.3590956,5
57000,15.200351,8.575414,0
57001,-0.14377113,5.3138905,8
57002,1.1162971,14.06086,4
57003,16.714302,7.0737586,0
57004,4.1794667,7.9455376,3
57005,-4.316283,2.1005669,1
57006,-0.14420724,11.344244,9
57007,4.6532803,-1.0495435,2
57008,-0.20165117,11.723799,9
57009,7.0182714,4.9350333,3
57010,10.698788,3.5152383,6
57011,-1.168556,15.058866,4
57012,10.341969,2.37087,6
57013,3.1136575,5.175148,5
57014,-0.914613,-3.1513278,1
57015,10.803449,2.2780278,6
57016,5.1690354,5.8946476,3
57017,-4.434132,8.86536,7
57018,0.2867266,10.760654,9
57019,0.40818876,5.5404716,8
57020,15.026926,8.686189,0
57021,-3.452158,-0.5526854,8
57022,-2.913079,-2.8242629,1
57023,10.608843,3.8070517,6
57024,0.10649257,11.329562,9
57025,2.918319,5.265121,5
57026,-0.51177245,13.714081,4
57027,16.01641,7.263328,0
57028,5.617406,7.48395,5
57029,11.221759,4.0751014,6
57030,0.2624162,5.6039953,8
57031,0.38461995,6.5969067,8
57032,-4.455671,11.238135,7
57033,-0.8360931,11.122882,9
57034,14.463756,6.5465293,0
57035,-1.5737268,14.68134,4
57036,10.182805,2.6228216,6
57037,-3.3865066,0.32692116,1
57038,0.65339345,6.8067226,8
57039,-1.6918329,10.359078,9
57040,5.216737,4.354902,3
57041,-0.16201004,10.575254,0
57042,0.19582447,6.1951046,8
57043,-1.9411412,14.096632,4
57044,-4.4746475,12.097987,7
57045,-0.21990368,5.6090364,8
57046,-1.9753417,-1.2622133,1
57047,-1.0576279,10.974772,9
57048,-5.2627726,12.034677,7
57049,-3.8853905,0.51568276,1
57050,1.0278573,11.991663,9
57051,-1.8713492,14.202822,4
57052,0.69564635,12.054195,9
57053,15.660506,5.831378,0
57054,1.4239856,7.629899,8
57055,2.463932,4.9104614,5
57056,6.929097,6.003214,3
57057,-3.4776392,-1.5317671,1
57058,-3.4024196,0.2518544,1
57059,-1.918799,14.435755,4
57060,0.1958357,5.7886233,8
57061,16.255522,6.6961336,0
57062,1.8954142,7.1748934,8
57063,-3.9079657,9.8445015,7
57064,14.408962,7.6876583,0
57065,11.301293,3.3699331,6
57066,-5.0778027,12.227678,7
57067,15.991335,6.64215,0
57068,14.6136875,7.7895117,0
57069,-3.7884915,0.80263746,1
57070,1.2877395,7.3078084,8
57071,-4.264193,9.620588,7
57072,0.37125605,11.907637,9
57073,16.009125,7.2535686,0
57074,-5.0040894,9.620492,7
57075,11.401033,3.0173228,6
57076,-3.3097281,-1.7536743,4
57077,-0.12302128,5.3505163,8
57078,-3.310934,8.324053,7
57079,-1.3745477,10.629049,9
57080,0.011583905,5.5346665,8
57081,2.6004627,4.8047557,5
57082,-1.3821741,11.996759,4
57083,-4.4643283,8.836854,7
57084,0.91088367,6.5890656,8
57085,-1.955507,9.792269,9
57086,2.824072,-1.1012605,2
57087,-0.84475356,5.408392,8
57088,4.944704,6.484813,5
57089,11.300881,3.2100608,6
57090,0.15953052,7.333153,8
57091,15.766481,6.0303674,0
57092,15.784331,7.397582,0
57093,-0.567259,5.251704,8
57094,-3.8517957,-0.6442913,1
57095,-3.087602,0.53086984,1
57096,2.9992757,-1.1714557,2
57097,-5.1094522,10.079829,7
57098,-4.0361323,10.423457,7
57099,-3.9540792,9.006715,7
57100,1.5278443,12.345583,9
57101,-3.550163,1.5037916,1
57102,-0.5958428,14.04434,4
57103,6.64324,4.0240693,3
57104,2.651395,-1.0451478,2
57105,4.3942738,-1.5613728,2
57106,3.7442944,6.409106,5
57107,6.529451,3.9537132,3
57108,1.0909492,7.0793576,8
57109,-3.8756583,0.6728758,1
57110,-5.2251635,10.316949,7
57111,-1.7921201,14.30823,4
57112,4.011605,0.63345337,2
57113,4.5277824,-1.4073018,2
57114,0.15018462,13.166228,4
57115,15.77661,6.3891034,0
57116,0.3642416,6.960457,8
57117,16.180897,6.9821706,0
57118,0.7025597,7.118587,8
57119,-4.7834096,10.134753,7
57120,15.805723,7.680983,0
57121,-0.70871097,5.4597,8
57122,10.786777,4.8165236,6
57123,-1.0375968,14.894879,4
57124,4.552974,7.085813,5
57125,11.274554,2.7195203,6
57126,-1.232576,15.073903,4
57127,-0.547567,14.686486,4
57128,3.1218631,6.5437255,5
57129,-0.2159406,11.10615,9
57130,2.4326043,-0.72752345,2
57131,5.7867255,5.1531944,3
57132,2.9118364,5.468481,5
57133,-0.007103726,5.3265686,8
57134,-4.3427124,12.008807,7
57135,-1.7507426,14.208842,4
57136,2.9273827,5.718399,5
57137,-4.2848644,9.740515,7
57138,10.42533,3.9288917,6
57139,4.5767107,-1.4597232,2
57140,10.194679,4.4058805,6
57141,6.069201,4.903562,3
57142,1.9633689,-0.7756993,2
57143,11.10011,4.012192,6
57144,-0.017743891,13.128145,4
57145,-1.3227756,10.77805,9
57146,-1.5546595,13.328274,4
57147,11.267274,3.7765374,6
57148,2.1117892,12.599713,9
57149,6.250926,4.726436,3
57150,-3.3274372,10.9985285,7
57151,4.669924,-1.37242,2
57152,-1.0424229,11.089095,9
57153,4.38189,-1.4684943,2
57154,14.820659,8.810191,0
57155,-1.8860865,14.6216545,4
57156,4.23404,6.9258847,5
57157,10.941333,2.6410732,6
57158,11.230862,5.7501054,6
57159,1.1169046,11.42543,9
57160,-3.6147854,-1.269646,1
57161,16.505276,6.8054037,0
57162,14.962357,7.4681516,0
57163,4.463815,-1.1823791,2
57164,1.2567624,7.186954,8
57165,2.6530058,4.9514346,5
57166,6.3695683,6.6423664,3
57167,2.8766475,4.939027,5
57168,3.7570693,5.7855363,5
57169,-3.2664535,1.2490119,1
57170,-1.7243631,-1.8198113,1
57171,6.542202,3.8850822,3
57172,6.082991,6.3160505,3
57173,6.4913206,4.0381722,3
57174,0.9696911,6.90495,8
57175,-0.7082498,10.840796,9
57176,14.864159,8.135703,0
57177,-4.490596,10.783232,7
57178,-4.1584916,8.400841,7
57179,-0.5080862,5.8829927,8
57180,3.5017214,7.247493,5
57181,-4.382551,9.54209,7
57182,4.287946,7.2667155,5
57183,4.5622163,-1.4225155,2
57184,0.952294,14.710266,4
57185,4.3393903,-1.4694782,2
57186,14.5856,8.753439,0
57187,-1.4071634,10.5275345,9
57188,-3.1288307,9.494888,7
57189,-0.85366523,5.6921096,8
57190,-1.0149829,-4.315382,1
57191,4.913093,-0.9803325,2
57192,-1.004315,-3.7263653,1
57193,-2.6715426,-0.05036648,1
57194,5.4145446,4.3218656,3
57195,6.892415,4.310748,3
57196,-3.5553563,10.742286,7
57197,-3.465617,1.4383886,1
57198,11.380781,6.0744233,6
57199,6.5429006,3.8778539,3
57200,0.65680426,6.37174,8
57201,16.005335,6.702418,0
57202,14.095534,6.5455894,0
57203,-3.755878,0.8530514,1
57204,-4.420363,10.256289,7
57205,4.574841,-0.73537236,2
57206,-0.93057954,10.949921,9
57207,5.6646404,3.9725337,3
57208,-0.029493127,13.152797,4
57209,-0.9394824,14.715023,4
57210,2.454887,7.2760878,8
57211,3.8008611,5.115087,5
57212,0.7180273,6.1705823,8
57213,11.771287,4.748356,6
57214,14.82872,6.7019806,0
57215,-5.2748294,9.986389,7
57216,1.0653288,7.377836,8
57217,0.4655086,5.894317,8
57218,11.762684,5.8261995,6
57219,-0.4417253,10.652928,9
57220,-3.1575902,-0.7977057,1
57221,15.717218,6.67448,0
57222,-1.0222313,-3.1171358,1
57223,-3.6194725,0.4838275,1
57224,-0.0972219,12.95807,4
57225,4.6155133,-1.1508113,2
57226,11.280705,6.2470813,6
57227,6.014401,4.4836,3
57228,-0.3370422,12.662648,4
57229,-1.665606,14.862646,4
57230,-4.6625543,11.072545,7
57231,3.229928,4.7252088,5
57232,5.7456994,7.184854,5
57233,11.791548,4.297482,6
57234,3.3636792,5.770115,5
57235,-5.275049,9.948983,7
57236,2.121906,12.408197,9
57237,-0.0953962,5.7711844,8
57238,-0.22360002,5.951974,8
57239,-1.7101833,9.74514,9
57240,5.180697,7.643972,5
57241,16.46403,7.470739,0
57242,5.8314075,7.4839873,5
57243,-3.9507606,1.192384,1
57244,1.2170229,6.382687,8
57245,4.6003895,-0.47359243,2
57246,-0.4748066,10.787286,9
57247,6.8555107,4.48314,3
57248,5.017512,7.2796164,5
57249,-0.467648,15.1374035,4
57250,-3.2658713,-0.71799296,1
57251,3.0643966,4.6894646,5
57252,14.605625,8.705414,0
57253,11.676229,3.7364836,6
57254,11.391664,4.0680137,6
57255,-5.2769876,9.984158,7
57256,5.0796514,6.9665966,5
57257,-0.6677053,5.4929023,8
57258,-1.9342387,10.670918,9
57259,-0.93726766,10.127344,9
57260,10.506497,4.4541693,6
57261,15.382247,5.740981,0
57262,5.6713324,5.7562647,2
57263,0.29070994,5.8396177,8
57264,5.867412,6.0722485,3
57265,5.69382,4.0906363,3
57266,-2.897042,-0.4937359,1
57267,-1.4743779,10.198164,9
57268,-0.98376817,-4.3590364,1
57269,3.8882139,5.2401457,5
57270,1.4140736,-0.735559,2
57271,3.6276617,5.384657,5
57272,-2.4452972,-3.3858306,1
57273,4.8295846,-0.8646049,2
57274,-0.8665106,11.88485,9
57275,11.827882,4.634965,6
57276,1.3363435,6.6663756,8
57277,-0.6228228,6.272781,8
57278,5.858241,4.435076,3
57279,-1.4006286,14.655399,4
57280,2.9804316,12.197112,7
57281,-1.0786482,10.142268,9
57282,-4.1687803,10.549059,7
57283,-4.037423,2.0253997,1
57284,3.421548,-1.3741457,2
57285,-5.2104197,9.749407,7
57286,-3.2022083,10.042847,7
57287,-3.019658,0.75364447,1
57288,14.623052,5.957791,0
57289,4.6110816,-0.83723485,2
57290,1.1794876,14.337983,9
57291,6.136767,3.537259,3
57292,-4.106051,9.879826,7
57293,3.5602312,5.3689694,5
57294,-0.96451426,10.814885,9
57295,0.36396885,10.825411,9
57296,16.198317,8.650651,0
57297,11.703347,3.9629233,6
57298,14.6457615,7.1658874,0
57299,-1.1916894,10.421099,9
57300,6.1097617,6.0481753,3
57301,-3.6857827,0.17068833,1
57302,4.863073,6.800254,5
57303,-3.7517126,0.7144489,1
57304,0.52102566,6.585283,8
57305,-3.8917418,0.44906002,1
57306,5.76278,5.296504,3
57307,4.455126,-1.1902131,2
57308,6.9306064,5.541821,3
57309,-1.1589963,10.508298,9
57310,-2.4938796,-3.6185858,1
57311,3.1101058,4.8228183,5
57312,5.862395,6.2605276,3
57313,11.757733,4.133566,6
57314,10.262892,4.542157,6
57315,-0.48869777,6.2511263,8
57316,-0.8895727,5.8320904,8
57317,-2.8181605,0.13695045,1
57318,0.97581685,6.1788263,8
57319,4.1698236,-0.35181892,2
57320,3.369877,6.285979,5
57321,16.368427,6.871109,0
57322,-1.485062,-3.9178526,1
57323,-5.3111925,10.160949,7
57324,2.5633516,7.178455,8
57325,-4.733328,9.989443,7
57326,14.357049,7.0403366,0
57327,3.0655665,4.8705664,5
57328,0.16629842,14.479059,4
57329,-0.5438707,6.032712,8
57330,4.88112,7.365846,5
57331,4.7235274,-0.67089033,2
57332,0.86601275,5.8145547,8
57333,-0.6095555,10.434007,9
57334,-3.1223652,10.590717,7
57335,2.894803,5.0799046,8
57336,4.824405,5.3875833,3
57337,-4.648697,10.03224,7
57338,1.6810122,-0.054392178,2
57339,-3.3060844,-0.9137044,1
57340,-0.5555559,-4.00147,1
57341,6.590651,3.7202914,3
57342,3.5236135,-1.7585803,2
57343,-1.2210757,14.287999,4
57344,-4.079725,11.222306,7
57345,4.131376,6.022444,5
57346,10.1703615,3.4497893,6
57347,10.977477,2.715719,6
57348,0.54897213,6.321737,8
57349,15.317685,7.780461,0
57350,-4.658961,12.041977,7
57351,6.356278,3.7390652,3
57352,1.1940235,6.6166162,8
57353,11.813278,4.5408416,6
57354,0.62014824,14.234973,4
57355,-0.5277335,6.2376823,8
57356,16.041327,7.544888,0
57357,-5.2695827,9.962626,7
57358,3.8898816,-1.7188116,2
57359,16.504812,6.8478966,0
57360,10.496528,4.3544354,6
57361,-1.0524168,15.193315,4
57362,-2.7169135,-3.3218744,1
57363,4.5537853,-0.67679244,2
57364,14.317606,7.6867647,0
57365,-4.8944645,9.7010765,7
57366,2.0186641,-0.29590642,2
57367,-4.052667,9.921094,7
57368,0.72513777,13.475978,4
57369,3.4684815,5.1324134,5
57370,0.53103185,13.96432,4
57371,-1.4809563,14.223435,4
57372,-4.291728,9.347048,7
57373,6.063792,3.777831,3
57374,-0.7918808,11.806031,9
57375,-0.8413419,14.631391,4
57376,-3.3096504,11.174534,7
57377,4.8136635,-0.862067,2
57378,-2.973226,-2.4980426,1
57379,-0.61148125,6.279445,8
57380,0.8627697,14.036901,7
57381,-3.8182735,0.77993476,1
57382,0.0712468,14.909441,4
57383,3.8097653,5.106561,5
57384,14.491674,8.7518835,0
57385,-3.5837147,1.2364732,1
57386,-5.140569,12.140543,7
57387,3.7855797,-0.02952721,2
57388,3.5576916,-0.3119672,2
57389,-1.4612204,15.05941,4
57390,15.6432905,7.8981886,0
57391,5.8596163,3.496259,3
57392,5.7084646,7.561944,8
57393,16.165953,7.310404,0
57394,2.5502672,0.18476987,2
57395,16.365097,7.664125,0
57396,6.194517,5.27453,3
57397,16.144657,7.7853413,0
57398,2.1532488,-0.16034603,2
57399,6.4303913,3.895542,3
57400,-3.4710872,-0.22325383,1
57401,6.7505937,4.723544,3
57402,6.861321,5.104861,3
57403,4.055921,5.827474,5
57404,2.3831947,6.9175086,8
57405,-3.292087,9.376379,7
57406,0.32542375,11.471299,9
57407,15.077194,5.878242,0
57408,14.772118,8.792082,0
57409,11.815893,4.640586,6
57410,-2.2557952,-3.708554,1
57411,0.027165053,5.8806663,8
57412,-0.79496694,-4.104887,1
57413,11.430903,3.444162,6
57414,-4.293685,11.277688,7
57415,6.213805,3.5785136,3
57416,3.2863796,-0.26519653,2
57417,-1.5632749,15.2156,4
57418,-3.864907,-0.42788902,1
57419,11.641739,3.8730557,6
57420,14.357837,7.3337746,0
57421,-1.7699203,9.601326,9
57422,1.2738744,14.378748,4
57423,-1.5768112,9.653503,9
57424,5.5576224,6.106112,3
57425,-0.263552,5.611427,8
57426,5.315734,4.988538,3
57427,4.7558484,-0.6190137,2
57428,-1.7383494,11.247498,9
57429,-4.8127303,9.000226,7
57430,-1.3334713,-3.7671669,1
57431,-4.9768567,9.197484,7
57432,-0.81965095,11.63883,9
57433,-4.029503,1.9118242,1
57434,2.1834326,7.6431007,8
57435,16.101635,6.270179,0
57436,-1.2475126,-3.4344034,1
57437,-4.2311645,1.6902215,1
57438,10.391137,4.486104,6
57439,4.533498,-0.7127641,2
57440,-2.2778819,-1.4589247,1
57441,5.6690083,3.6211767,3
57442,2.1588688,0.28321305,2
57443,-1.7245505,14.55758,4
57444,0.97488075,11.602034,9
57445,-4.9552064,9.231555,7
57446,3.1642654,0.24280955,2
57447,-0.30567,5.3660626,8
57448,2.1000636,-0.058610022,2
57449,-1.5954089,10.797467,9
57450,1.336995,7.7748656,8
57451,16.576122,6.709026,0
57452,-1.0011194,12.00432,9
57453,-3.9978936,1.8743889,1
57454,-2.3507535,-3.681037,1
57455,4.808732,-0.80789787,2
57456,10.10966,3.1833987,6
57457,5.894784,4.1018972,3
57458,-3.2832112,9.156895,7
57459,-1.8780662,14.151402,4
57460,-2.2108502,-3.8501575,1
57461,3.183563,4.6563325,5
57462,2.8765175,5.610281,5
57463,11.60339,2.8850589,6
57464,-1.8333466,-3.4267187,1
57465,-4.7228084,9.015761,7
57466,-0.033227146,13.647784,4
57467,-0.22508404,5.3181477,8
57468,5.0816474,5.4555006,3
57469,-1.0348997,10.356348,9
57470,5.337227,7.4137487,5
57471,16.625628,6.827057,0
57472,5.8065434,6.5463347,3
57473,-3.8560367,1.7310894,1
57474,6.124572,6.5879245,3
57475,4.6443315,-0.678271,2
57476,-2.0299625,9.888209,9
57477,5.625969,3.3688037,3
57478,2.1592808,-0.54252094,2
57479,-4.483812,9.051626,7
57480,3.8488872,6.5486155,5
57481,-0.16040786,5.4470634,8
57482,0.18930088,14.559738,4
57483,-0.47516903,10.404652,9
57484,1.0833299,7.4703574,8
57485,-4.2184615,9.669749,7
57486,14.714121,5.966362,0
57487,-0.31816682,10.285778,9
57488,6.1018567,5.760438,3
57489,4.0659003,6.3170147,5
57490,11.695299,4.3856564,6
57491,15.903755,6.1380596,0
57492,5.714519,5.0122776,3
57493,-0.2181231,6.13358,8
57494,14.199422,7.2926216,0
57495,6.069839,3.9616644,3
57496,2.114874,-0.316939,2
57497,2.6875892,4.854864,5
57498,11.225893,3.3594773,6
57499,-0.96474946,15.100911,4
57500,3.5842326,-1.8471869,2
57501,-0.0716652,5.4266706,8
57502,-3.5112045,9.569735,7
57503,3.4843206,0.6436851,2
57504,-4.0111804,9.770002,7
57505,-4.125221,2.5057888,1
57506,4.682654,-1.452687,2
57507,16.645588,6.600138,0
57508,10.820791,4.7468452,6
57509,4.7410183,-0.71201503,2
57510,4.652793,6.5401163,5
57511,2.852541,4.761589,5
57512,-3.2145014,10.204121,7
57513,-0.22271761,5.731206,8
57514,11.703303,6.499304,6
57515,0.08949567,5.650271,8
57516,-0.44038773,-4.3979363,1
57517,-3.8133497,0.92027044,1
57518,11.488724,3.8892882,6
57519,11.41497,3.061572,6
57520,3.1764631,-1.2320644,2
57521,-3.8824632,1.7215306,1
57522,6.67299,6.3140697,3
57523,6.2109675,3.500815,3
57524,-1.0442477,13.174869,4
57525,16.598223,6.893046,0
57526,-4.559851,11.592543,7
57527,6.1891193,3.519196,3
57528,3.9660082,6.4730563,5
57529,11.033612,2.4937282,6
57530,1.394295,14.063684,4
57531,-1.1247593,10.006966,9
57532,3.861191,7.795835,8
57533,5.6726036,3.710216,3
57534,-5.377092,11.037808,7
57535,-4.668803,8.714618,7
57536,14.843938,7.213354,0
57537,-1.7513485,14.435361,4
57538,0.5302559,14.466948,4
57539,-0.8759025,10.260594,9
57540,-4.0401473,8.478262,7
57541,-4.0304756,8.663147,7
57542,14.89528,8.648245,0
57543,16.32743,6.685358,0
57544,-0.84698504,13.999166,4
57545,-0.68446,10.220348,9
57546,-4.2805614,11.328139,7
57547,-4.752227,9.27174,7
57548,1.0631949,14.333467,4
57549,-4.7478056,9.607718,7
57550,-4.175324,11.2273445,7
57551,-1.2797873,9.976699,9
57552,-1.3503566,-4.0359235,1
57553,3.1997962,4.9675617,5
57554,11.808811,5.087462,6
57555,-4.7604256,9.30638,7
57556,-4.8820643,11.09581,7
57557,11.580593,2.8632479,6
57558,14.984431,8.197302,0
57559,-1.1170435,14.567069,4
57560,-4.6838474,11.408615,7
57561,-0.23488224,5.1959043,8
57562,1.9410585,6.7438293,8
57563,-0.4377478,10.23683,9
57564,-1.2433989,12.177835,7
57565,11.4196415,3.0174482,6
57566,4.0540814,7.3488874,5
57567,-0.5941215,10.2486,9
57568,5.913667,5.3737054,3
57569,-1.8032603,14.372785,4
57570,-5.3050094,9.52321,7
57571,-3.5086691,1.5375451,1
57572,-3.3425438,9.177748,7
57573,4.665999,-0.7506603,2
57574,3.1323144,-1.2923893,2
57575,15.981912,5.893991,0
57576,-4.6224594,11.96699,7
57577,11.405963,2.8037481,6
57578,10.65328,3.228698,6
57579,-3.4480464,1.3232969,1
57580,0.9157881,7.4845557,8
57581,-4.679407,8.941595,7
57582,-0.29512584,14.267965,4
57583,4.4142413,-0.81584483,2
57584,6.111124,5.6786695,3
57585,-1.9922283,14.338908,4
57586,14.6687,6.870143,0
57587,11.73939,4.049963,6
57588,1.9354595,-0.5236094,2
57589,-1.8085613,14.303568,4
57590,1.5613309,12.124164,9
57591,11.10036,2.4933763,6
57592,2.0001972,-0.81150806,2
57593,3.820487,5.3021784,5
57594,5.550396,4.2112494,3
57595,16.760357,7.0906467,0
57596,1.0999186,7.324272,8
57597,4.3552327,-0.3026888,2
57598,6.0458217,6.4021177,3
57599,-4.228232,0.7860385,1
57600,-3.5476184,10.1857605,7
57601,16.634565,6.6116586,0
57602,0.08889515,5.694172,8
57603,-3.807985,0.714751,1
57604,3.3997903,-0.7891984,2
57605,4.8043737,-0.93362206,2
57606,2.491774,-0.35109022,2
57607,-3.088539,-0.11419322,1
57608,1.7543856,0.169929,3
57609,-4.749109,9.45683,7
57610,3.4317455,6.562855,5
57611,-0.78809136,5.604966,8
57612,5.1264434,4.638276,3
57613,-3.8784537,0.61021525,1
57614,-2.512893,-3.452281,1
57615,4.723952,-0.831943,2
57616,0.5179219,6.639699,8
57617,-0.20004174,5.2906766,8
57618,0.7839346,6.3255877,8
57619,4.798484,-0.72746253,2
57620,3.2987583,-1.339344,2
57621,-4.4712787,9.321703,7
57622,10.147033,4.134518,6
57623,-1.2908896,9.829972,9
57624,-0.24001463,5.6463146,2
57625,6.3032446,3.8943808,3
57626,2.6353557,-0.22000839,2
57627,-0.546056,10.23956,9
57628,-4.361291,10.74438,2
57629,15.600502,7.528788,0
57630,0.235742,12.91338,4
57631,-2.280115,-0.73082453,1
57632,4.7796817,-1.3797431,2
57633,3.6587617,-0.03301131,2
57634,15.884575,8.790213,0
57635,6.833893,6.0157924,3
57636,-0.5102267,11.631431,9
57637,-0.5821305,13.887142,4
57638,1.736571,12.293009,9
57639,3.3150299,5.3744497,5
57640,1.8274308,7.5598373,8
57641,10.371075,4.354927,6
57642,14.458302,6.329898,0
57643,-4.006209,9.768877,7
57644,-2.918724,-2.4559176,1
57645,14.7522335,7.2402635,0
57646,-4.3317957,11.257371,7
57647,-3.9363008,0.7627826,1
57648,2.2021472,7.5717864,8
57649,3.7534308,-0.09084402,2
57650,15.204515,8.435115,0
57651,5.4936376,4.510955,3
57652,-3.1997497,10.042701,7
57653,-4.6840105,9.586141,7
57654,1.7464294,-0.87961,2
57655,-0.20971887,5.8018494,8
57656,10.271333,3.851329,6
57657,-1.9114878,9.783608,9
57658,4.322253,-1.2162292,2
57659,16.256437,6.668219,0
57660,4.911115,5.380117,3
57661,-3.9821389,1.199329,1
57662,10.279719,2.6959543,5
57663,-4.494112,9.575656,7
57664,-0.003785163,5.9703965,8
57665,0.057732314,5.86862,8
57666,0.843562,5.8480954,8
57667,-2.3384447,9.659478,9
57668,0.8568463,6.3454885,8
57669,3.3706713,-1.3274441,2
57670,2.080704,12.584614,9
57671,4.68057,6.802413,5
57672,3.0259964,12.236517,7
57673,-3.8372195,1.3241967,1
57674,-1.1991768,11.069718,9
57675,11.3705015,4.1817007,6
57676,-4.478829,10.918703,7
57677,-0.6361877,13.835378,4
57678,0.33951104,6.515154,8
57679,5.535494,4.257509,3
57680,5.644972,5.261651,3
57681,-0.45928514,11.350243,9
57682,15.193585,8.110941,0
57683,5.073744,6.304385,9
57684,-3.4100783,-0.5353119,1
57685,15.802658,7.6286206,0
57686,14.739976,5.736781,0
57687,-2.1485698,14.383051,4
57688,-0.68096906,10.859544,9
57689,5.8523912,4.9376297,3
57690,-0.4348834,15.071061,4
57691,10.920424,4.6584907,6
57692,-4.3864384,12.077501,7
57693,15.273928,7.2939835,0
57694,3.2829385,-1.3790786,2
57695,14.841614,5.960937,0
57696,0.685957,6.851936,8
57697,1.1155823,6.4313264,8
57698,6.559067,5.6418853,3
57699,-0.2211193,10.608813,9
57700,14.641848,6.984021,0
57701,-3.2891192,8.841585,8
57702,-3.841048,11.627273,7
57703,-4.9217343,9.620194,7
57704,-1.3552107,15.281847,4
57705,15.331209,6.739538,0
57706,1.7356601,14.48979,4
57707,16.26971,7.30544,0
57708,0.9290287,13.708047,4
57709,-1.7157485,13.924311,4
57710,3.371355,6.6313963,5
57711,-3.1653867,-0.010325141,1
57712,-0.07356443,14.466262,4
57713,-1.8091604,13.426546,4
57714,-1.4495392,-2.9029684,1
57715,-3.683989,0.64944476,1
57716,3.4139602,-1.1382807,2
57717,6.9465528,5.076064,3
57718,-3.0334024,-1.1350279,7
57719,11.182722,4.582898,6
57720,14.9539795,6.8145027,0
57721,-0.9609069,13.823683,4
57722,-1.1335776,-2.8863692,1
57723,-5.067923,10.824613,7
57724,-0.92865896,13.484955,4
57725,-4.802648,11.201734,7
57726,3.0479991,0.19819099,2
57727,15.724756,7.8020635,0
57728,5.765326,7.577652,9
57729,-2.335152,10.604208,9
57730,14.405126,6.018052,0
57731,0.30925804,6.0931425,8
57732,0.33315817,11.951441,9
57733,-0.40103468,14.728892,4
57734,6.099162,4.526555,3
57735,5.7422113,5.3200555,3
57736,1.5482883,7.721446,8
57737,-0.25711462,5.830721,8
57738,-1.1664993,-3.8693445,1
57739,5.6400733,4.6727076,3
57740,-0.85537934,-3.13219,1
57741,0.6247215,5.8517914,8
57742,9.877509,3.472868,6
57743,3.5448651,5.0798364,5
57744,-0.11507194,11.217645,9
57745,0.56607765,5.9159894,8
57746,15.143639,7.269399,0
57747,-2.0896792,14.493189,4
57748,-3.144179,9.17737,7
57749,-4.0026503,1.5385716,1
57750,5.4083357,5.068074,3
57751,-4.0357633,8.323794,7
57752,2.6634197,-1.034091,2
57753,-2.071992,9.689951,9
57754,11.43488,3.2124724,6
57755,-3.1577456,9.811962,2
57756,11.21125,5.193281,6
57757,16.55487,7.757287,0
57758,10.656957,4.164149,6
57759,-0.6274003,10.811315,9
57760,16.106148,7.3580637,0
57761,-3.7156477,-0.5928292,1
57762,6.2191825,5.191185,3
57763,-5.3456817,11.317318,7
57764,10.690873,5.13982,6
57765,5.548215,4.356573,3
57766,5.955737,4.8417664,3
57767,0.34651992,6.0106587,8
57768,5.8447633,6.886454,5
57769,14.998214,8.3516865,0
57770,10.454481,2.2876053,6
57771,5.7050896,4.0408034,3
57772,-0.14232674,6.497727,8
57773,-0.22090726,5.553577,8
57774,-3.689799,11.023259,7
57775,-3.8696795,0.6492956,1
57776,1.5802577,12.62156,9
57777,11.261062,4.1470885,6
57778,-2.861898,-0.30960608,1
57779,-0.9750893,15.00234,4
57780,-1.3874456,-4.033281,1
57781,5.9598165,3.87023,3
57782,-0.57602835,11.581051,9
57783,10.917035,4.613678,6
57784,15.26165,8.417587,0
57785,-2.6405313,-0.12023042,1
57786,-0.48942512,10.805168,9
57787,3.241332,5.3159413,5
57788,6.2588944,6.2953596,3
57789,2.6958861,4.623859,5
57790,2.675638,-1.1133943,2
57791,11.221919,4.5480905,6
57792,-3.9649422,11.25768,7
57793,5.685777,6.997423,5
57794,0.12290932,12.190503,9
57795,14.349817,7.6794696,0
57796,-0.50651324,12.042395,9
57797,-2.573252,-3.4688632,1
57798,15.100437,8.71095,0
57799,3.216823,-1.4305667,2
57800,0.7821299,7.17916,8
57801,6.7531543,6.262949,3
57802,11.616733,4.4636583,6
57803,0.74519414,13.814029,4
57804,5.85824,5.1539392,3
57805,5.5539966,7.4959974,5
57806,6.677465,5.716407,3
57807,11.03826,6.024498,6
57808,-3.9676197,10.872966,2
57809,-4.423603,11.610554,7
57810,14.895137,6.3538346,0
57811,14.320695,7.64302,0
57812,4.8471594,7.5556865,5
57813,-0.8625748,-3.308804,1
57814,4.8658204,7.4734964,5
57815,3.728031,-1.5295076,2
57816,-2.5185862,-2.756888,1
57817,7.1563177,5.6283727,3
57818,4.6060634,7.003103,5
57819,0.82469404,13.747388,4
57820,6.939818,5.7251678,3
57821,5.5416684,7.4808707,5
57822,14.616578,5.584989,0
57823,10.867575,5.2761974,6
57824,4.976159,7.5934677,5
57825,-3.715925,11.309705,7
57826,1.0144802,7.611989,8
57827,14.649739,8.629422,0
57828,-4.778759,10.625357,7
57829,-0.79187477,-3.457959,1
57830,-2.7500277,-2.1788385,1
57831,3.0590086,-1.7993398,2
57832,0.90566397,6.4134445,8
57833,6.0206475,6.356385,3
57834,-1.340908,-3.933332,1
57835,0.8265748,13.6405525,4
57836,-3.3268018,9.750997,7
57837,5.99658,7.809189,5
57838,2.3323905,-0.92539084,2
57839,-4.704776,12.096865,7
57840,0.39475647,13.645586,4
57841,0.46367446,13.779662,4
57842,10.00123,2.8060844,6
57843,14.177478,7.225652,0
57844,-1.3949097,15.047912,4
57845,0.006889576,13.558057,4
57846,10.571159,3.6558378,6
57847,14.299374,7.7737613,0
57848,3.9725494,7.443247,5
57849,-2.1549976,-3.8011477,1
57850,10.323759,2.4977875,6
57851,-3.9983299,11.672569,7
57852,4.562687,6.9775715,5
57853,3.742336,7.209603,5
57854,1.4717427,12.580689,9
57855,-2.9443445,-2.775283,1
57856,5.376645,5.0472903,3
57857,-0.4682526,12.86782,4
57858,-4.000144,9.434508,7
57859,4.2897825,-1.6035516,2
57860,10.043484,3.1338074,6
57861,0.051432334,13.303811,4
57862,-0.10742876,12.108839,4
57863,6.629533,6.1035585,3
57864,6.0555806,6.428943,3
57865,-0.8051061,-3.2829664,1
57866,-4.728923,9.901899,7
57867,-4.7676244,11.877164,7
57868,5.8573995,5.5955005,3
57869,0.20335124,7.044002,8
57870,0.18160363,7.0825562,8
57871,4.235069,-1.5259712,2
57872,7.0170007,5.561543,3
57873,-0.38784876,14.031658,4
57874,-4.4205246,11.206244,9
57875,-0.07045702,13.4878435,4
57876,4.796874,-1.2512395,2
57877,6.032217,6.040405,3
57878,2.1397438,-0.006712886,2
57879,5.591007,5.6758137,3
57880,1.8596016,12.692825,9
57881,11.042423,6.004368,6
57882,14.271594,6.914425,0
57883,10.3904295,4.9162893,6
57884,-3.964628,11.004633,7
57885,-4.956118,12.089623,7
57886,7.0332804,4.9335284,3
57887,14.255312,7.7323065,0
57888,-1.4485681,-2.9278047,1
57889,2.9738133,-1.2704437,2
57890,2.3146768,0.025167938,2
57891,10.854755,5.4615498,6
57892,-1.1536107,13.764778,4
57893,6.884187,5.975401,3
57894,-4.0158176,10.262026,2
57895,1.8326596,12.132071,9
57896,-0.24601956,11.428138,9
57897,5.6787777,5.697838,3
57898,5.4947257,7.0117693,8
57899,2.0529764,-0.9673204,2
57900,5.5754724,7.2753334,5
57901,2.216083,7.222271,8
57902,5.0427065,7.033139,5
57903,-1.5370334,-4.217919,1
57904,4.1534476,-1.6924145,2
57905,-4.324251,12.153207,7
57906,-3.476555,-0.0043140403,1
57907,14.773248,8.608401,0
57908,1.6174126,-0.68615663,2
57909,6.7224827,6.031262,3
57910,2.077396,0.013672468,2
57911,3.543082,-1.5133163,2
57912,14.531484,8.424457,0
57913,1.3488733,12.030124,9
57914,5.7664447,6.311025,3
57915,-0.7312205,13.5403805,4
57916,14.358623,6.488205,0
57917,14.711038,8.368742,0
57918,0.89577335,6.1372824,8
57919,6.960674,5.5159035,3
57920,5.3746448,4.9899435,3
57921,-3.7588034,11.319751,7
57922,0.064514935,7.3876166,8
57923,-5.170873,12.344535,7
57924,15.497549,8.662569,0
57925,-4.920385,12.375138,7
57926,3.8759441,7.191281,5
57927,-5.124445,12.351535,7
57928,2.89682,-0.64980364,2
57929,-2.2102594,-3.722245,1
57930,2.0561671,-0.6185179,2
57931,-1.1522833,-2.7790718,1
57932,6.0324526,5.291338,3
57933,3.0452971,-1.5221604,2
57934,-0.62261426,14.449871,4
57935,10.362193,5.033381,6
57936,3.5993989,-1.7798121,2
57937,0.18163116,13.784893,4
57938,1.4126301,11.711556,4
57939,4.0815363,-1.8191829,2
57940,0.04769852,13.91484,4
57941,5.7507715,5.098773,3
57942,5.051719,6.5446324,5
57943,11.329742,6.4493265,6
57944,3.2757735,6.518607,5
57945,11.306125,6.4888883,6
57946,-1.1635638,14.35671,4
57947,5.000329,7.7531557,5
57948,-0.73875344,-3.7992609,1
57949,-4.1880918,11.808971,7
57950,0.2848969,13.766816,4
57951,5.2474294,7.3714585,5
57952,5.6064367,5.5954366,3
57953,4.4292784,-1.8683566,2
57954,10.034396,2.5011165,6
57955,0.8012714,7.159336,8
57956,3.3875322,-0.6569674,2
57957,-1.4424514,-2.0383427,1
57958,-3.43238,9.0674715,7
57959,11.279635,6.0402513,6
57960,-2.5443318,-2.6250548,1
57961,-1.6206441,-4.1324887,1
57962,15.61745,6.790482,0
57963,14.87354,8.697199,0
57964,3.001877,-1.3597901,2
57965,0.79331946,14.111833,4
57966,1.6444156,-0.56914884,2
57967,6.0005116,6.1562395,3
57968,-2.6014307,-3.3838005,1
57969,-0.63891923,-3.77697,1
57970,-3.5576215,10.158197,7
57971,11.199267,6.074457,6
57972,1.8157548,14.478843,4
57973,-1.6494541,-4.0635414,1
57974,6.4078627,5.18686,3
57975,1.276248,12.014084,9
57976,-3.2534735,9.295653,2
57977,16.468678,8.290074,0
57978,-3.6992712,10.59248,7
57979,-3.8085847,-0.26534617,1
57980,-5.360035,10.962292,7
57981,2.6786118,-0.23732606,2
57982,5.3765965,6.4433975,5
57983,6.0735273,5.81202,3
57984,0.4618267,6.7799764,8
57985,1.5302289,14.839709,4
57986,-1.336399,11.403595,9
57987,5.5994434,7.3945174,5
57988,-0.16367286,6.5499296,8
57989,11.027889,5.429288,6
57990,5.718523,4.2126975,3
57991,-4.8373876,11.636493,7
57992,3.3449538,-1.5967124,2
57993,0.71728307,6.8738527,8
57994,11.385914,5.6083393,6
57995,16.626377,7.717431,0
57996,-4.133317,9.611328,7
57997,-3.8967426,-0.25231913,1
57998,-0.54688567,-4.0008097,1
57999,2.8900392,-0.6629309,2
58000,1.7176173,-0.51948833,2
58001,6.0511985,6.262603,3
58002,16.357664,8.056704,0
58003,-1.0409362,13.330697,4
58004,0.9561982,12.168764,9
58005,3.2339585,5.070452,5
58006,-1.6009685,11.512032,9
58007,10.062424,3.3921518,6
58008,-1.8315549,-3.9279957,1
58009,-4.8732476,9.993166,7
58010,11.300215,5.3102336,6
58011,0.6119494,6.8064866,8
58012,14.892272,8.248085,0
58013,-1.7653748,10.918627,9
58014,14.9780035,5.7191844,0
58015,15.6725445,6.687172,0
58016,10.733107,5.078688,6
58017,-4.2898564,0.7577915,1
58018,1.6953557,14.477966,4
58019,3.2040582,-0.18321551,2
58020,0.9163208,6.462737,8
58021,7.045192,4.996537,3
58022,-1.3417318,-3.2863922,1
58023,-1.1152191,13.882618,4
58024,0.08120662,5.902871,8
58025,4.431781,7.200617,5
58026,1.7604412,-0.07441982,2
58027,10.957461,5.4439473,6
58028,0.9683226,6.745281,8
58029,-4.3117657,10.425882,7
58030,4.6868396,-1.4257114,2
58031,0.46383607,6.7109804,8
58032,2.381389,-1.1695248,2
58033,-3.6996186,0.2751063,1
58034,-1.0465592,11.719111,9
58035,15.8141165,7.2903333,0
58036,14.142161,6.168568,0
58037,-1.0805691,13.898128,4
58038,14.848605,8.38539,0
58039,3.7691038,5.9398227,5
58040,4.8935223,7.2965374,5
58041,11.063238,4.802813,6
58042,-4.0146813,9.216144,7
58043,10.655234,4.2985845,6
58044,1.8689538,-0.498862,2
58045,5.8184905,5.2049046,3
58046,-0.8840494,6.2676716,8
58047,-1.1565036,13.682909,4
58048,6.1351166,6.532687,3
58049,-1.4346555,13.737293,4
58050,4.9900575,7.756522,6
58051,-3.6996803,-0.6483196,1
58052,-1.2534155,-3.860921,1
58053,14.461842,7.9040375,0
58054,0.40629822,12.196136,9
58055,10.090885,3.9415143,6
58056,-2.64823,-3.3520422,1
58057,-0.63941425,14.232061,4
58058,0.7326317,6.9397497,8
58059,-1.334055,10.815906,9
58060,2.9562416,-1.2951621,2
58061,-3.6837735,9.067006,7
58062,15.609457,8.065192,0
58063,2.9091492,-0.6270823,2
58064,1.5134997,7.6679635,3
58065,6.007699,6.3497825,3
58066,0.46947587,13.9357605,4
58067,5.7036524,5.3441963,3
58068,2.2832465,-0.82988316,2
58069,-1.762959,10.193716,9
58070,2.2918642,7.2647376,8
58071,4.0508494,-1.2022774,2
58072,-1.491157,-2.8805852,1
58073,14.407973,7.7691154,0
58074,14.6843815,6.234422,0
58075,-1.9045893,9.907411,9
58076,2.0836842,12.462357,9
58077,5.828698,4.730615,3
58078,-4.469703,10.166666,7
58079,5.392397,4.5386763,3
58080,6.3518996,4.7080107,3
58081,-1.6446586,10.3769655,9
58082,-2.2288866,-1.0407294,1
58083,-3.7406845,1.655396,1
58084,5.679239,4.800457,3
58085,4.8240747,6.258993,5
58086,4.8272033,5.3220954,3
58087,3.9309196,-1.3103849,2
58088,-0.7857132,11.13623,9
58089,6.0272317,5.204941,3
58090,-3.9525046,10.236648,7
58091,-3.4948688,-1.1696295,1
58092,-3.3445075,10.98462,7
58093,10.016949,3.1460614,6
58094,-4.6014447,12.018026,7
58095,-3.9154956,8.456589,7
58096,0.5408223,11.89129,9
58097,6.3395615,4.8268547,3
58098,2.2510974,-1.1494906,2
58099,-3.915394,8.6945715,7
58100,0.009296681,5.171413,8
58101,-4.1814885,1.0731705,4
58102,14.941644,6.524565,0
58103,2.6646051,-1.1308988,2
58104,3.52262,-0.2259421,2
58105,-3.4946404,-1.1615928,4
58106,-4.0197477,8.651205,7
58107,-0.21250698,5.471998,8
58108,14.507402,6.407812,0
58109,-4.1819477,9.536029,7
58110,15.461203,6.808739,0
58111,10.137304,2.7370088,6
58112,-1.5131032,9.826259,9
58113,6.9796014,4.905115,3
58114,4.1912565,-0.1841117,2
58115,10.133316,3.4957151,6
58116,14.1540575,7.1111803,0
58117,5.0549073,6.770419,5
58118,-4.218475,9.816574,7
58119,2.6308172,5.5890217,5
58120,-4.338147,1.5365305,1
58121,15.3803425,8.2402935,0
58122,0.7405907,6.7589703,8
58123,-3.9590075,-0.1785417,1
58124,11.190525,5.1703434,6
58125,-4.5330667,9.815035,7
58126,3.1684742,-0.233149,2
58127,-1.5147449,10.631766,9
58128,-4.2245893,8.470738,7
58129,-2.371423,9.102961,9
58130,2.5502143,5.2156973,5
58131,-0.13593113,5.778611,8
58132,-1.7474942,10.249001,9
58133,10.5087595,2.749637,6
58134,3.72584,5.297172,5
58135,3.2481856,0.27727807,2
58136,10.418728,2.707348,6
58137,3.1308389,0.23243903,2
58138,0.5094401,5.8613997,8
58139,-3.9231348,1.7488589,1
58140,-4.9717555,8.993899,7
58141,3.227196,5.2695284,5
58142,4.396393,7.4779525,5
58143,-4.1110697,8.806169,7
58144,6.6302576,4.7358904,3
58145,2.6533444,5.5258403,5
58146,16.084799,7.665517,0
58147,-3.4407299,0.34793776,1
58148,-4.1361237,2.2960978,1
58149,5.8491697,4.7974567,3
58150,0.28176534,5.6196756,8
58151,-1.5490571,14.568782,4
58152,-2.0525293,9.714427,9
58153,-1.9676169,14.353786,4
58154,2.5261824,5.3865075,5
58155,-4.1578374,1.9156164,1
58156,-0.1893669,5.5660424,8
58157,10.194077,2.8634849,6
58158,0.38559875,5.453531,8
58159,-2.5095284,9.048981,9
58160,16.271145,8.198826,0
58161,-1.4257039,-3.8886468,1
58162,3.7960212,-1.5196253,2
58163,6.362258,6.4752584,3
58164,-0.23466946,13.259046,4
58165,4.6216125,7.1229734,5
58166,11.729933,6.211773,6
58167,-3.445625,10.996497,7
58168,0.16017522,6.9775524,8
58169,0.95825374,12.15236,9
58170,15.4102745,8.026584,0
58171,-1.7542329,-1.8229399,1
58172,3.7558005,-1.5226263,2
58173,6.2653265,6.4004745,3
58174,0.514252,14.383724,4
58175,4.419791,7.1742473,5
58176,11.41737,4.459209,6
58177,-4.263247,11.119676,7
58178,-0.38028502,6.071964,8
58179,1.4687035,12.306387,9
58180,15.509663,8.312211,0
58181,-1.5928051,-2.0685594,1
58182,4.382539,-1.4442569,2
58183,6.2613177,6.3478456,3
58184,0.3183908,14.571821,4
58185,-4.41335,10.425708,7
58186,-0.8878981,5.593564,8
58187,-1.7189556,11.182845,9
58188,-4.2206383,11.690099,7
58189,-1.9394761,-2.4611037,1
58190,5.508655,7.346682,5
58191,11.666083,5.2586856,6
58192,4.495572,-1.3509007,2
58193,4.8396072,7.491662,5
58194,0.2300258,14.112666,4
58195,-0.10613064,6.1630163,8
58196,-1.9324372,-1.5124081,1
58197,-4.9999814,11.416705,7
58198,-2.4341497,-2.3749645,1
58199,0.58225584,7.308171,8
58200,6.792696,5.1861134,3
58201,-0.37948546,5.974319,8
58202,-4.433419,10.393594,7
58203,-2.3202374,-0.72824067,1
58204,-5.1050997,10.621895,7
58205,-4.8457513,11.228852,7
58206,15.812907,8.107291,0
58207,-2.0416396,-1.7067584,1
58208,-1.0920085,13.938234,4
58209,-0.40484267,14.245599,4
58210,-0.055363327,14.633661,4
58211,-0.7157352,14.101765,4
58212,0.57986265,14.852463,4
58213,0.25909927,11.339164,9
58214,-4.1992836,9.448354,7
58215,4.7175093,-0.8264769,2
58216,11.84173,5.7453876,6
58217,3.490271,5.341362,5
58218,0.2305668,14.086403,4
58219,6.325062,6.5267916,3
58220,0.888187,7.0313735,8
58221,-4.9546866,11.574832,7
58222,1.0301516,11.703733,9
58223,14.927457,6.5464687,0
58224,11.392804,5.688885,6
58225,-1.1726382,14.581644,4
58226,11.880328,5.7582974,6
58227,7.0001025,4.699615,3
58228,-4.3035836,10.184286,7
58229,15.79085,7.7166004,0
58230,-4.027544,0.5113577,1
58231,0.31487718,15.070971,4
58232,-0.36014062,5.299133,8
58233,-0.1897759,5.3880444,8
58234,-1.1928811,-2.6365972,1
58235,4.3141036,-1.7796657,2
58236,0.9784401,11.938265,9
58237,6.8905826,6.4402194,3
58238,-3.344538,-2.0486073,1
58239,1.0494277,7.599858,8
58240,0.78100634,14.693582,4
58241,4.633496,-1.5056268,2
58242,1.4540007,12.2596245,9
58243,1.2290385,11.741442,9
58244,4.544453,-1.4806846,2
58245,0.8564418,11.599411,9
58246,11.749375,5.8246193,6
58247,14.95111,8.288546,0
58248,4.833011,7.339992,5
58249,7.1309285,5.9010844,3
58250,6.379462,6.4903936,3
58251,11.311651,4.968821,6
58252,6.0753856,5.6994357,3
58253,-1.6152173,-2.050405,1
58254,4.5178976,-1.4184573,2
58255,4.91407,7.1994843,5
58256,15.126844,8.497685,0
58257,5.726961,5.4519696,3
58258,0.5052032,14.523006,7
58259,11.544453,6.1782556,6
58260,-1.5532217,-2.3973744,1
58261,5.6550674,7.4436936,5
58262,4.949183,7.468469,5
58263,1.3178897,11.613753,9
58264,-0.43975222,11.572639,9
58265,15.403535,6.704935,0
58266,-4.0560937,0.4422966,1
58267,4.4099936,-0.92177886,2
58268,6.6974697,5.1207995,3
58269,-1.7222888,14.7067175,4
58270,2.7937317,5.3040667,5
58271,11.246692,2.8353205,6
58272,-4.6123247,9.2174635,7
58273,0.6858552,5.544831,8
58274,-1.0834277,10.82005,9
58275,16.304476,7.5137553,0
58276,-4.315667,1.2966979,1
58277,4.632619,-0.65417063,2
58278,5.47061,4.2103224,3
58279,-1.7757092,15.29247,4
58280,2.75778,5.648657,5
58281,11.250744,2.694907,6
58282,-4.7830114,8.671262,7
58283,-0.44542432,5.761175,8
58284,-1.4721558,10.993453,9
58285,15.921014,6.16739,0
58286,-4.3187933,1.3224006,1
58287,4.4367213,-1.1326009,2
58288,5.53771,4.526396,3
58289,-1.7510375,15.332525,4
58290,2.953917,5.0434194,5
58291,11.12379,2.668926,6
58292,-5.146565,9.327914,7
58293,-0.48354203,5.9772754,8
58294,-1.2720699,10.040351,9
58295,11.146952,3.143465,6
58296,0.18103105,5.914194,8
58297,4.61759,-0.83080167,2
58298,5.3017645,4.6532474,3
58299,-3.7129018,8.839503,7
58300,-1.7382249,15.333132,4
58301,11.074633,2.674458,6
58302,-0.054314714,5.210045,8
58303,10.801102,2.4405687,6
58304,11.556882,3.5863745,6
58305,-0.24424043,5.630674,8
58306,15.840037,6.137165,0
58307,-3.858227,1.9956992,1
58308,-4.6220374,8.69537,7
58309,-4.256707,2.1445103,1
58310,-4.3918676,8.341415,7
58311,5.797971,4.2815394,3
58312,4.7133474,6.5639186,5
58313,15.362582,5.9682255,0
58314,3.5019588,-0.50335217,2
58315,2.9999194,-0.38741222,2
58316,15.493947,5.6665654,0
58317,3.7132568,-0.2516135,2
58318,3.0452924,5.1814632,5
58319,-1.8552761,14.913556,4
58320,-4.102385,1.8801965,1
58321,3.2103813,5.7524486,5
58322,-3.8731966,2.382652,1
58323,4.241959,-0.66548914,2
58324,5.2687654,4.3482223,3
58325,-1.8650858,15.197294,4
58326,-0.60364044,5.194632,8
58327,5.54679,4.267021,3
58328,6.046971,3.5125277,3
58329,10.850498,2.4436269,6
58330,3.0928557,5.503957,5
58331,-2.0146961,9.733648,9
58332,-2.013796,9.463828,9
58333,5.9468904,3.8697982,3
58334,-0.525154,6.0116477,8
58335,-4.316449,1.5799001,1
58336,5.591685,4.233066,3
58337,-4.4079413,8.4823675,7
58338,-1.9124855,9.67537,9
58339,6.0002522,3.99468,3
58340,-1.9499539,15.203636,4
58341,-4.4016004,2.2264364,1
58342,-4.171273,8.427806,7
58343,5.834468,4.001626,3
58344,-2.0290139,9.516554,9
58345,10.704563,2.364626,6
58346,-4.85955,9.368264,7
58347,-1.3431413,14.927984,4
58348,-1.5043542,10.415799,9
58349,-4.0486617,8.51353,7
58350,16.193045,6.9380403,0
58351,-1.4491664,10.23335,9
58352,11.072468,3.2103515,6
58353,16.16654,6.5973754,0
58354,10.828175,2.4402778,6
58355,-4.0096064,1.6287721,1
58356,16.292822,7.1786485,0
58357,3.4329824,6.737254,5
58358,-0.28201655,5.7303624,8
58359,4.6681013,6.7009144,5
58360,16.417627,7.10018,0
58361,-3.8934474,1.7575442,1
58362,16.055546,7.84912,0
58363,-0.7868724,10.266293,9
58364,-1.8866688,14.210228,4
58365,2.8270583,4.6305847,5
58366,-1.7850543,9.436981,9
58367,-4.0216255,8.376596,7
58368,-4.0579195,1.7408756,1
58369,-1.5426028,9.626197,9
58370,10.954845,2.4566603,6
58371,-0.57585305,5.486061,8
58372,-1.9892924,9.909167,9
58373,3.7531435,-0.25977135,2
58374,-0.47150147,5.5910754,8
58375,2.6849537,5.102392,5
58376,14.427207,8.035004,0
58377,-2.4576075,-2.1868417,1
58378,2.0603385,-0.091806404,2
58379,4.8174458,5.2157784,3
58380,-0.034360882,14.654237,4
58381,2.860137,6.132307,5
58382,11.611527,5.6448183,6
58383,-5.4255586,10.203379,7
58384,1.3747164,6.067128,8
58385,0.2439593,11.625703,9
58386,15.180447,7.784233,0
58387,-2.555831,-1.8649501,1
58388,2.4067383,-0.27851492,2
58389,5.5079856,5.181662,3
58390,-0.58924997,13.894753,4
58391,2.6534936,5.497026,5
58392,11.737967,6.104873,6
58393,-5.1765313,9.380054,7
58394,2.212574,6.972797,8
58395,2.0023794,12.354133,9
58396,14.505053,7.065865,0
58397,-3.7274177,0.31612793,1
58398,2.2396977,0.038587824,2
58399,5.8667088,4.449912,3
58400,-1.2833732,15.235743,4
58401,1.6845163,12.074646,9
58402,14.199074,7.0532913,0
58403,3.0649753,6.433712,5
58404,11.114655,5.266926,6
58405,0.54338014,6.6664257,8
58406,5.308618,4.747571,3
58407,-0.098386995,11.41501,9
58408,14.349639,7.5432835,0
58409,1.8532702,-0.29007417,2
58410,5.3957715,4.8157763,3
58411,5.4649067,5.0749598,3
58412,5.77736,5.447322,3
58413,5.3988676,5.1740694,9
58414,2.8000834,5.917393,5
58415,11.307751,5.080252,6
58416,-0.7280275,14.914341,4
58417,-0.5341334,15.066869,4
58418,1.9914584,-0.17494911,2
58419,2.7878878,5.3863683,5
58420,-0.97553116,15.259315,4
58421,5.205652,4.716273,3
58422,2.1057794,12.641098,9
58423,11.0145445,5.2557497,6
58424,1.5969406,6.5594277,8
58425,-4.5017385,9.525683,7
58426,1.390417,12.190285,9
58427,-2.1059387,-1.5446444,1
58428,2.5984843,5.3798084,5
58429,2.5939205,0.056309722,2
58430,11.531956,6.0738153,6
58431,6.459069,4.8122125,3
58432,0.024123725,13.950684,4
58433,-0.5902649,14.038604,4
58434,-2.6917417,-2.5504284,1
58435,11.716261,6.4815607,6
58436,-1.0636498,14.294781,4
58437,0.24266289,11.104592,9
58438,10.898044,5.1101627,6
58439,3.5713482,6.8445945,5
58440,-3.1303194,0.89440167,1
58441,1.8011808,-0.15203187,2
58442,11.555051,5.380152,6
58443,10.984454,3.7667372,6
58444,-4.610819,9.250241,7
58445,4.014624,7.4541316,8
58446,0.6250068,6.6525455,8
58447,-2.1089053,-2.3474994,1
58448,1.9409575,6.8625946,8
58449,5.5615945,5.4494996,3
58450,-4.5649967,8.967385,7
58451,-3.2104456,-1.117245,1
58452,2.0622902,-0.058751173,2
58453,-4.8188233,9.534479,7
58454,15.398273,8.317731,0
58455,-4.7348485,9.725446,7
58456,2.661486,4.905306,5
58457,15.149619,7.581326,0
58458,15.065595,7.558453,0
58459,-2.7347853,0.22029626,1
58460,2.8503237,5.4152956,5
58461,16.216845,7.752893,0
58462,15.280594,7.8043756,0
58463,-0.17092077,14.810988,4
58464,1.5806476,6.2356806,8
58465,6.289045,4.4372735,3
58466,-2.579732,-1.0788156,1
58467,1.6737734,6.357454,8
58468,1.9748145,-0.1415303,2
58469,-0.43424588,10.003182,9
58470,-0.5667898,9.755379,9
58471,2.418209,5.081861,5
58472,2.3479862,0.030848915,2
58473,11.650244,5.846279,6
58474,-0.8889364,15.041795,4
58475,2.1524749,6.9273515,8
58476,2.092958,0.20172666,2
58477,2.9062407,6.1732073,5
58478,-0.16942109,14.618314,4
58479,-2.984209,-0.86561906,1
58480,-4.8254986,9.572007,7
58481,-2.9985623,-1.515208,1
58482,-1.6210619,14.693977,4
58483,6.464898,4.724039,3
58484,1.7824541,12.513611,9
58485,-4.546392,11.027228,7
58486,-3.218994,0.0870044,1
58487,2.32424,0.08945761,2
58488,11.426265,5.881908,6
58489,15.583607,7.604623,0
58490,-5.2298303,9.9936695,7
58491,6.261377,4.3984146,3
58492,14.973662,7.208904,0
58493,-2.1202717,-1.4517092,1
58494,3.629783,-1.7433953,2
58495,7.028891,5.7058625,3
58496,-0.019700082,14.617611,4
58497,-5.347986,10.89302,7
58498,0.36021763,6.6124983,8
58499,-0.61890346,10.433504,9
58500,15.020884,6.850177,0
58501,-1.5656723,-1.8117471,1
58502,4.0367575,-1.3597807,2
58503,7.077079,5.445091,3
58504,-0.7109205,13.900895,4
58505,3.5358706,5.33933,5
58506,10.708916,2.824269,6
58507,-4.535439,10.018993,7
58508,0.4892246,6.338222,8
58509,-0.21619269,11.313561,9
58510,15.894549,7.585891,0
58511,-2.745948,-0.06610619,1
58512,4.125499,-0.890187,2
58513,7.091073,5.359277,3
58514,-0.75521773,14.048637,4
58515,3.6038642,5.7740827,5
58516,10.60936,3.3449085,6
58517,-5.0051875,10.4508915,7
58518,-0.5858422,6.8586636,8
58519,-0.32218957,10.2886,9
58520,-4.9082804,11.461058,7
58521,14.480103,7.0224743,0
58522,10.945727,4.035859,6
58523,14.7941,7.0073614,0
58524,-3.989693,9.0650835,7
58525,7.023401,4.9364786,3
58526,-4.744578,10.66362,7
58527,6.70754,4.9525104,3
58528,-4.8900423,10.624063,7
58529,0.05623044,11.285126,9
58530,-4.021292,8.440036,7
58531,-0.58064663,14.844708,4
58532,14.526567,7.554596,0
58533,4.7333245,-1.1838402,2
58534,10.968581,3.513838,6
58535,3.9279552,6.608632,5
58536,10.856368,3.5521324,6
58537,5.1092663,6.887455,5
58538,3.8979564,-1.5811177,2
58539,0.8282263,12.082908,9
58540,3.3097947,5.7704897,5
58541,7.0989714,5.555932,3
58542,-0.17715445,10.735631,9
58543,-0.7661027,5.9263716,8
58544,7.036928,5.1970954,3
58545,-1.0048159,15.03683,4
58546,15.089128,6.7348495,0
58547,2.7279382,4.721506,5
58548,-1.2704402,14.234858,4
58549,10.440116,2.986644,6
58550,5.635812,3.8990693,3
58551,-1.6390433,13.260312,4
58552,0.4100183,6.8015313,8
58553,14.779345,6.2765822,0
58554,10.033444,2.7286081,6
58555,0.11752677,14.454303,4
58556,0.02477615,6.8614736,8
58557,-2.0146964,-1.247148,1
58558,6.860591,5.375123,3
58559,-0.064249314,14.546647,4
58560,14.249113,7.5876307,0
58561,-2.3729718,-0.6578844,1
58562,-0.66052854,10.498795,9
58563,4.6947145,-1.155201,2
58564,6.678571,5.8263993,3
58565,-5.001416,11.319659,7
58566,0.2228919,11.193551,9
58567,-3.4236052,-0.004575193,1
58568,3.7526143,-1.1382587,2
58569,3.9836571,5.3239665,5
58570,-2.397878,-3.28119,1
58571,-4.9615846,11.04967,7
58572,3.677526,-1.310554,2
58573,-0.41310313,6.2226925,8
58574,-5.112651,11.6592045,7
58575,15.0107155,6.7356343,0
58576,-2.0952108,-1.1378796,1
58577,1.9295924,12.1103325,9
58578,11.304608,4.34898,6
58579,-0.32914847,14.619408,4
58580,-3.670934,-0.27944815,1
58581,4.7240853,-1.3704227,2
58582,6.8828115,4.7543864,3
58583,-5.1782384,10.378209,7
58584,14.831033,5.5697002,0
58585,4.449881,-0.6552937,2
58586,-2.5473652,-0.48008975,1
58587,6.7448215,6.63496,3
58588,-3.2772846,-1.7600291,1
58589,-3.7409468,10.5072,7
58590,3.7990766,-1.1212534,2
58591,-3.072528,0.31387436,1
58592,10.696737,4.390786,6
58593,0.83073914,7.1103363,8
58594,14.805189,7.0646744,0
58595,-0.09511037,7.2656,8
58596,0.7221033,11.099022,9
58597,-2.5447664,-0.53821033,1
58598,10.843319,3.9486053,6
58599,14.607081,5.5099177,0
58600,-3.0348084,-1.9221177,1
58601,2.045,-0.6344755,2
58602,5.347142,4.8376894,3
58603,-0.4858098,13.995831,4
58604,3.9812467,6.7354865,5
58605,10.2939625,3.8567703,6
58606,-4.091377,10.407487,7
58607,-0.015789151,6.3962293,8
58608,-1.2403615,11.09055,9
58609,15.023938,5.8715835,0
58610,-3.0027106,-1.871381,1
58611,2.2316358,-0.6643359,2
58612,5.704891,4.7285247,3
58613,-1.4599918,14.189709,4
58614,-3.6261811,9.572022,7
58615,-0.46624196,6.2859507,8
58616,-1.1434451,11.316786,9
58617,15.30798,5.934208,0
58618,-3.8312871,-0.3843075,1
58619,2.143318,-0.7742104,2
58620,5.8122177,4.778686,3
58621,-1.0020316,14.50304,4
58622,3.4131467,6.4926524,5
58623,10.383766,2.9584687,6
58624,-4.869999,10.195578,7
58625,-0.49584666,6.024468,8
58626,10.451002,2.9470515,6
58627,-1.2329663,13.5628,4
58628,2.82062,-0.62066764,2
58629,10.169885,3.6194556,6
58630,-1.6186002,13.755811,4
58631,-3.9104977,10.117274,7
58632,4.1915655,6.872151,5
58633,3.9854307,6.6126842,5
58634,-1.0320402,13.8663845,4
58635,-3.8256836,10.305778,7
58636,0.36148426,6.554742,8
58637,-0.3358885,11.184207,9
58638,2.105441,-0.5694509,2
58639,-1.2966727,11.076629,9
58640,5.496355,5.3902726,3
58641,-0.4107254,11.203304,9
58642,6.0774755,6.29752,3
58643,0.32842347,6.6784472,8
58644,2.7991836,0.1368956,2
58645,14.800626,6.0335107,0
58646,3.8465488,6.821288,5
58647,15.135575,5.8940907,0
58648,-3.0035996,-2.5258095,7
58649,14.619813,5.48891,0
58650,-1.1691508,13.6564455,4
58651,2.5420594,-0.7502261,2
58652,10.395528,4.0217404,6
58653,4.9740157,4.9410405,5
58654,5.035403,4.8206534,3
58655,4.1470513,6.9404907,5
58656,5.676902,5.112183,3
58657,-0.1778542,6.1495237,8
58658,15.313328,6.222365,0
58659,15.02191,5.8103538,0
58660,4.9728127,5.175635,3
58661,-1.4399506,13.441842,4
58662,-3.5612774,-1.4168279,1
58663,3.5372992,6.6295695,5
58664,5.6342325,4.804563,3
58665,15.034009,5.980097,0
58666,0.3471454,6.175585,8
58667,5.6998196,5.264914,3
58668,15.05207,6.359927,0
58669,10.604002,3.5198805,6
58670,2.5284421,-0.7403229,2
58671,-4.5061526,10.910393,7
58672,-3.496226,-1.0384803,1
58673,-2.0883734,-1.293316,1
58674,-0.06112375,6.189888,8
58675,-2.764676,-0.46393028,1
58676,-4.56356,11.024166,7
58677,-2.6889038,-0.5555731,1
58678,5.6364594,4.743948,3
58679,-0.045095466,5.7677073,8
58680,-1.1515319,11.334078,9
58681,-3.5066068,10.428908,7
58682,10.130094,3.782266,6
58683,-4.2218766,10.576879,7
58684,-1.2198591,13.66302,4
58685,-3.802413,-0.53612596,1
58686,10.706041,4.1004477,6
58687,-3.8979552,9.6805315,7
58688,4.277212,6.75849,5
58689,-3.316372,-0.86939484,1
58690,-4.384897,10.895352,7
58691,-2.3478243,-0.7518768,1
58692,-0.98662275,10.701361,9
58693,-0.17123881,6.1665587,8
58694,14.668373,5.93683,0
58695,10.106141,3.255045,6
58696,-0.45014578,11.132695,9
58697,-1.493063,13.315306,4
58698,-1.2798133,10.90868,9
58699,-1.0138474,10.989184,9
58700,5.4329247,4.34058,3
58701,-4.3110847,10.775341,7
58702,-2.9602783,-0.08778181,1
58703,-0.921322,10.732663,9
58704,3.03954,-0.011264207,2
58705,2.6239483,-0.7516324,2
58706,3.8389583,7.144629,5
58707,5.467502,4.67319,3
58708,-4.197535,9.864042,7
58709,0.5996731,6.0636907,8
58710,3.8087184,-1.368543,2
58711,5.878281,5.575372,3
58712,-0.4893806,14.123199,4
58713,3.7156448,6.505208,5
58714,11.1717615,4.8338113,6
58715,-4.4413047,10.843939,7
58716,0.3033265,6.1132436,8
58717,-1.7039832,10.508936,9
58718,14.871797,7.9878273,0
58719,-2.483677,-0.4511785,1
58720,4.0969367,-1.5877059,2
58721,5.6231093,5.6765957,3
58722,-1.2847904,13.86106,4
58723,4.0660095,7.398866,5
58724,11.302983,4.985688,6
58725,-4.2585998,9.879299,7
58726,15.559312,7.33388,0
58727,-3.9680548,0.29065093,1
58728,3.852749,-0.83315074,2
58729,5.621048,4.8472137,3
58730,-0.9406654,14.577908,4
58731,3.7250676,7.067412,5
58732,11.638353,4.860112,6
58733,-4.13304,9.349132,7
58734,-0.06662165,5.1272984,8
58735,-1.5962265,9.549215,9
58736,0.4651674,6.3767858,8
58737,-3.2789254,-1.626388,1
58738,14.563274,6.5260863,0
58739,5.14819,7.3572345,5
58740,4.9231043,7.386588,5
58741,-3.4358354,-1.163975,1
58742,-1.6823792,10.629847,9
58743,14.952091,8.045664,0
58744,-1.498089,14.57239,4
58745,-4.0414968,1.0382664,1
58746,-0.057213802,10.711707,9
58747,5.638646,4.0854073,3
58748,0.15039122,5.425585,8
58749,-0.7608194,15.060764,4
58750,-5.0387692,9.026851,7
58751,-5.3984003,10.759917,7
58752,-0.17083408,5.3505445,8
58753,4.0891333,5.9510016,5
58754,15.355152,7.2319617,0
58755,10.651619,3.434371,6
58756,4.8438487,6.6495533,5
58757,4.018979,6.061845,5
58758,5.6431713,4.2774177,3
58759,6.6371717,4.283516,3
58760,5.7922025,5.305647,3
58761,-0.8058503,10.438093,9
58762,0.16607207,5.9452887,8
58763,-2.6022346,-0.23846601,1
58764,-1.6059384,14.039673,4
58765,15.069185,6.758095,0
58766,11.415614,4.1317005,6
58767,-4.1634474,1.3333042,1
58768,15.165928,6.3539457,0
58769,15.438274,8.226116,0
58770,11.139611,2.9240727,6
58771,4.8068094,-1.1431315,2
58772,-4.1112885,1.6194444,1
58773,-4.115687,1.4159937,1
58774,5.781223,3.9255722,3
58775,4.074919,-0.024884228,2
58776,0.004237765,5.2426343,8
58777,-0.14292905,5.184356,8
58778,-4.129339,8.7972555,7
58779,-0.04696524,5.775582,8
58780,-1.4593896,14.341686,4
58781,11.518471,5.234252,6
58782,15.499793,8.004702,0
58783,3.9868207,-0.3135891,2
58784,15.166754,7.3548627,0
58785,5.60478,4.381114,3
58786,11.38504,4.066592,6
58787,-0.6483348,4.9988317,8
58788,-4.492093,9.187047,7
58789,-3.3403847,0.75288135,1
58790,3.0368285,5.3218102,5
58791,-0.27012944,10.379564,9
58792,-1.1230497,9.81583,9
58793,5.438797,3.839877,3
58794,4.47515,-1.2453235,2
58795,-0.7580763,14.989401,4
58796,-0.8997376,10.874799,9
58797,-1.257162,14.491106,4
58798,11.707011,4.366862,6
58799,3.7069502,5.4083195,5
58800,6.6067395,3.8940907,3
58801,4.0431676,-0.85703033,2
58802,6.959547,5.099054,5
58803,4.606131,6.680586,5
58804,-1.6983715,9.5387945,9
58805,-2.0348072,14.5513,4
58806,-4.2048864,1.9464848,1
58807,11.005365,3.6723552,6
58808,3.2919736,5.962504,5
58809,15.387067,8.938401,0
58810,-2.1420925,-2.9028234,1
58811,3.4188383,-0.04532551,2
58812,5.445774,6.0493402,3
58813,0.39462164,14.842084,4
58814,5.214369,7.525811,5
58815,10.504292,4.5285406,6
58816,-5.141342,11.846033,7
58817,1.2145932,7.0442615,8
58818,0.5526668,11.75071,9
58819,15.2199335,8.836441,0
58820,-2.1446166,-2.4997768,1
58821,3.3501637,0.0686672,2
58822,5.3582797,5.6962767,3
58823,0.3086151,14.1823,4
58824,4.7468305,7.3182774,5
58825,10.663006,4.019089,6
58826,-5.3348103,11.909014,7
58827,0.50058615,6.7382045,8
58828,0.37029362,11.783001,9
58829,14.9602585,8.656787,0
58830,-2.509531,-2.4083498,1
58831,3.3982205,-0.13193122,2
58832,-0.5758185,9.719797,3
58833,0.5074511,14.880872,4
58834,4.4450912,7.2583117,5
58835,10.83469,3.60125,6
58836,-5.319977,11.88965,7
58837,1.7338667,6.928705,8
58838,-0.24247643,11.734568,9
58839,11.012822,5.260809,6
58840,0.11060465,14.034391,4
58841,3.794561,-0.88581866,2
58842,10.566188,4.16821,6
58843,0.49621066,14.450628,4
58844,-5.176985,11.768793,7
58845,5.7904644,7.476759,5
58846,5.607865,7.5644875,5
58847,-0.1424531,14.227888,4
58848,-5.193334,11.857178,7
58849,1.4641141,7.363641,8
58850,-0.016438497,11.771722,9
58851,3.4433815,-0.30490446,2
58852,-0.030761288,11.904206,9
58853,6.7585025,5.734391,3
58854,0.3809348,11.7426,9
58855,5.6733184,6.255902,3
58856,1.5112417,7.436584,8
58857,3.6776266,-0.16595043,2
58858,14.831795,8.483324,0
58859,0.4355763,12.5054035,9
58860,1.4604,7.3829274,8
58861,15.301854,8.738937,0
58862,5.352774,7.639238,5
58863,10.240955,4.2572703,6
58864,14.714649,8.192377,0
58865,-1.2068225,-2.7404356,1
58866,14.88381,8.0182,0
58867,0.75643146,14.938408,4
58868,3.56498,-0.29936382,2
58869,10.959377,4.983884,6
58870,3.8725624,5.6967483,5
58871,-0.15871274,11.88558,5
58872,5.436087,7.6286654,5
58873,-0.5119523,14.214351,4
58874,5.2355175,7.430783,3
58875,0.30103296,14.118299,4
58876,-2.3128436,-3.1176217,1
58877,5.2708435,7.699743,5
58878,6.72166,5.435721,3
58879,15.161269,8.844508,0
58880,1.394454,7.3956213,8
58881,6.7945805,5.9751687,3
58882,15.406539,8.645758,0
58883,10.644043,4.263945,6
58884,3.4138,-0.99490446,2
58885,-5.1406937,11.864369,7
58886,-2.9019372,-1.7729337,1
58887,-2.8597271,-1.5122128,1
58888,1.273568,7.4556575,8
58889,-2.764948,-1.3385899,1
58890,-4.3131413,10.760283,7
58891,-2.9862318,-1.0933734,1
58892,1.9927889,7.2955346,3
58893,1.4542032,6.618202,8
58894,5.354728,7.505152,5
58895,1.4261603,14.592181,4
58896,3.300613,-1.1404223,2
58897,14.797284,8.750181,0
58898,0.6136894,12.252231,9
58899,-5.189146,11.770537,7
58900,11.058269,5.5027733,6
58901,-4.787312,10.834004,7
58902,0.4172932,14.850959,4
58903,-3.282373,-0.4711782,1
58904,10.348522,3.9430346,6
58905,1.4215258,6.8407416,8
58906,0.11271477,14.138809,4
58907,-5.235664,11.7577,7
58908,5.098602,7.2154255,5
58909,-3.0620284,-1.9638315,1
58910,4.169467,-0.80517876,2
58911,10.543014,4.0710425,6
58912,-4.4797277,10.769944,7
58913,-3.0104892,-0.8501186,1
58914,0.5506992,12.473818,9
58915,1.6580346,7.3828883,8
58916,14.817924,8.656985,0
58917,10.634339,4.8394713,6
58918,1.2490587,12.166273,9
58919,-0.35184205,14.062625,4
58920,-0.77741086,11.816282,9
58921,0.28035435,12.316717,9
58922,10.8415575,5.1105347,6
58923,3.797337,-1.0993211,2
58924,6.764566,5.8903003,3
58925,-5.1848664,11.714764,7
58926,-2.251536,-1.7543834,1
58927,-0.43474823,11.507916,9
58928,3.444976,-1.0930955,2
58929,4.116924,-0.8812314,2
58930,5.569118,7.3093863,5
58931,6.732532,5.9900427,3
58932,-4.5443954,11.315081,7
58933,1.5652049,6.8192067,8
58934,15.682581,7.746095,0
58935,-2.8263457,-1.1291509,1
58936,3.564151,-1.18772,2
58937,6.4277725,4.068663,3
58938,-0.6874283,14.37913,4
58939,3.6944602,5.764362,5
58940,11.488799,4.8601713,6
58941,-4.871535,11.089029,7
58942,-0.1552762,5.902281,8
58943,15.528063,7.787563,0
58944,-2.3444314,-1.4010746,1
58945,3.6476033,-0.92622674,2
58946,5.6742964,5.1137843,3
58947,-0.35249773,14.545622,4
58948,4.8664455,6.6974053,5
58949,11.5215435,4.721453,6
58950,-4.991614,10.640173,7
58951,-0.29692292,5.3231864,8
58952,16.24199,7.3010406,0
58953,-3.1343942,0.32006782,1
58954,4.2932944,-1.3411425,2
58955,6.785676,4.740309,3
58956,-0.7586742,14.895614,4
58957,3.526586,5.4673324,5
58958,11.219148,3.92062,6
58959,-4.8418403,10.54782,7
58960,0.05875792,5.6231365,8
58961,-2.2823746,10.164496,9
58962,4.6420197,-0.6492196,2
58963,-2.4701924,-0.8790148,1
58964,3.6850133,-0.97603834,2
58965,-2.9124308,-1.2566979,1
58966,6.5912843,4.3417687,3
58967,-0.5955446,10.340832,9
58968,-0.53287375,10.885179,9
58969,-0.30987674,5.4821277,8
58970,3.721378,5.258153,5
58971,5.6167183,4.062183,3
58972,-4.9480667,9.958447,7
58973,14.822362,7.73725,0
58974,-4.866636,10.401586,7
58975,-4.1639614,10.325873,7
58976,3.4270084,5.246113,5
58977,-5.4226265,10.507765,7
58978,0.1582034,10.6508875,9
58979,-0.6943763,10.810505,9
58980,-1.7432855,13.828063,4
58981,-4.2120085,9.769681,7
58982,14.999331,6.8268285,0
58983,6.5180197,4.0437684,3
58984,-1.8524965,13.948969,4
58985,-2.445661,-0.5234517,1
58986,-1.1137022,14.247347,4
58987,-0.99515516,14.237417,4
58988,-4.6777043,9.726155,7
58989,3.2348242,4.839765,5
58990,0.03685189,5.283394,8
58991,-3.3728333,0.40471482,1
58992,-1.184217,14.199156,4
58993,-0.66823727,5.5400457,8
58994,-1.8077459,14.419446,4
58995,-2.5402665,-0.23892382,1
58996,-0.17048238,5.484715,8
58997,11.651266,4.9387536,6
58998,10.860934,4.581119,6
58999,-1.1807952,14.385205,4
59000,10.555178,4.301677,6
59001,5.493638,4.115744,3
59002,4.542881,6.119574,5
59003,-4.8969674,9.907846,7
59004,4.559539,-1.3305582,2
59005,3.7109663,5.294494,5
59006,-0.8342147,10.731706,9
59007,4.5497284,-1.0912127,2
59008,11.808129,5.687839,6
59009,2.6915863,-0.34971404,2
59010,-3.1812596,1.0685154,1
59011,4.249054,-0.8207528,2
59012,15.087945,7.8236814,0
59013,-0.48703557,5.6156154,8
59014,6.1744585,3.8260882,3
59015,0.48658735,5.5538807,8
59016,5.6394,4.055292,3
59017,15.820586,8.079807,0
59018,-0.7231568,5.794566,8
59019,-4.7423286,9.299878,7
59020,-1.8747808,14.486037,4
59021,-1.7963451,9.957737,9
59022,3.5488107,5.3315215,5
59023,15.87002,7.4323726,0
59024,-0.3544208,10.969915,9
59025,-4.3504486,10.294709,7
59026,-1.2469994,13.3605385,4
59027,-0.7834855,10.839348,9
59028,-3.0198972,-1.8258442,1
59029,11.764089,5.5794044,6
59030,3.2660432,-1.1986755,2
59031,-4.525455,10.812697,7
59032,11.688652,5.552999,6
59033,-2.5942864,-0.21072969,1
59034,-0.10357574,5.7871337,8
59035,11.644399,5.1209807,6
59036,-2.6921897,-1.9998522,1
59037,15.605561,8.111813,0
59038,5.7131147,4.754082,3
59039,11.786537,5.5042973,6
59040,3.7526238,-1.6577098,2
59041,-1.7327088,-1.9669673,1
59042,-0.54219216,13.790854,4
59043,15.237065,7.3279886,0
59044,-3.7047153,-0.65491575,1
59045,3.8417258,-1.0683463,2
59046,6.3432994,4.968601,3
59047,-1.0259923,13.641202,4
59048,-5.0357814,9.970046,7
59049,-0.57700586,5.831645,8
59050,-1.4675195,10.384164,9
59051,15.743635,7.802941,0
59052,-3.1262264,0.9841739,1
59053,3.9896631,-0.8758365,2
59054,5.882219,4.8457794,3
59055,-0.7691265,15.04935,4
59056,-3.568387,9.314562,7
59057,-0.8034531,5.8426003,8
59058,-1.4346551,10.659896,9
59059,15.838897,7.115085,0
59060,-3.8025148,1.1298599,1
59061,4.391726,-1.2081727,2
59062,5.874527,4.158215,3
59063,-0.6045429,14.734806,4
59064,3.01304,4.6841397,5
59065,11.635174,4.1689525,6
59066,-4.1925416,9.773926,7
59067,-0.26560864,6.5040374,8
59068,-4.168867,9.766711,7
59069,-0.9590268,12.697157,4
59070,5.9596205,4.553378,3
59071,-4.08262,0.798898,1
59072,-0.3517645,5.7984757,8
59073,11.430473,4.5662985,6
59074,-3.0938716,0.08669076,1
59075,-2.252484,9.926338,9
59076,3.8894305,-1.249401,2
59077,-1.1707368,14.844837,4
59078,16.133451,7.4796185,0
59079,-0.9667597,10.145371,9
59080,-0.631487,10.144511,9
59081,5.9688644,4.4393177,3
59082,-4.300801,9.458342,7
59083,-3.8666618,10.414718,7
59084,-1.5202835,10.910684,9
59085,-3.4796805,-0.47356263,1
59086,-0.71491814,5.9244637,8
59087,-0.8471203,13.191815,4
59088,-4.548248,9.3841915,7
59089,3.0488138,4.6394267,5
59090,-0.45788905,5.5938807,8
59091,2.9577665,5.1684294,5
59092,6.1765103,5.363273,3
59093,4.404762,-1.345209,2
59094,3.9043093,-0.9956926,2
59095,15.74298,8.024141,0
59096,3.1878786,5.090916,5
59097,0.0976084,5.987884,8
59098,11.145025,3.6378233,6
59099,15.378884,7.232636,0
59100,5.9365783,5.104033,3
59101,-0.51906455,6.448784,8
59102,-3.8507986,0.6202852,1
59103,15.795139,7.1833797,0
59104,5.8489923,4.8252797,3
59105,15.260988,7.4660144,0
59106,-0.8519336,13.04748,4
59107,-3.7043397,9.611567,7
59108,-0.9617865,14.454213,4
59109,-0.55925727,10.22765,9
59110,4.2247243,-1.6159514,2
59111,-1.0117445,10.521215,9
59112,-3.8152626,1.1670176,1
59113,3.3595545,0.1718294,2
59114,-3.2784863,0.7620689,1
59115,-3.898059,9.343299,7
59116,-3.8678064,1.055046,1
59117,11.24146,4.088145,6
59118,-4.2099233,10.056043,7
59119,5.9408145,4.620896,3
59120,6.1614695,4.8966084,3
59121,11.267548,4.716067,6
59122,3.3789716,-1.1544284,2
59123,-0.4546336,6.019014,8
59124,-4.228508,8.751038,7
59125,11.783709,4.559787,6
59126,-0.54403144,13.123666,4
59127,-1.104187,10.997585,9
59128,-0.79328364,6.039875,8
59129,-0.17820358,6.219533,8
59130,2.807338,-0.7781789,2
59131,-0.8047528,10.924608,9
59132,11.027685,3.560841,6
59133,3.3281953,4.914623,5
59134,3.2649887,5.81089,5
59135,-0.38223717,10.243734,9
59136,3.6466196,5.6678066,5
59137,5.8038297,4.8223877,3
59138,-4.7827315,9.694333,7
59139,-1.5869658,13.869166,4
59140,-4.745223,10.058829,7
59141,10.909425,2.9615297,6
59142,15.798354,8.067907,0
59143,16.202944,7.2796264,0
59144,-0.8402437,12.959278,4
59145,11.484064,4.33239,6
59146,11.591726,3.8126028,6
59147,-1.5013127,9.84072,9
59148,15.623786,7.951371,0
59149,-4.116923,0.3045732,1
59150,-3.8419259,0.68915796,1
59151,5.9173346,4.751392,3
59152,4.3201036,-1.4860368,2
59153,-3.6633146,1.4567161,1
59154,16.187016,7.7512164,0
59155,14.82588,7.2649784,0
59156,-2.226021,-0.7993524,1
59157,4.1457214,-1.364458,2
59158,6.788142,4.928095,3
59159,-1.2973219,14.278706,4
59160,4.300691,5.5874195,5
59161,11.193272,5.84864,6
59162,-4.847769,10.599946,7
59163,-0.37179214,5.4664283,8
59164,-1.7596309,9.9062805,9
59165,14.764821,7.7877226,0
59166,-3.3813527,0.43515706,1
59167,4.1629243,-1.2445786,2
59168,6.369641,3.7628539,3
59169,-1.561854,14.734587,4
59170,3.905882,5.29459,5
59171,11.436073,5.178954,6
59172,-4.8864946,10.89246,7
59173,-0.25820714,5.1848254,8
59174,-1.3769481,10.658485,9
59175,14.872974,6.6884294,0
59176,-3.528074,0.11615337,1
59177,4.341405,-1.2255145,2
59178,6.419848,5.220361,3
59179,-1.8081057,14.4831085,4
59180,3.890346,5.236474,5
59181,11.309911,6.0048637,6
59182,-4.4249296,9.745431,7
59183,-0.20166004,5.2998085,8
59184,-1.5447261,10.618781,9
59185,-1.7375313,14.522892,4
59186,3.7237482,-1.1647801,2
59187,15.456625,7.0000205,0
59188,4.3780336,-1.0744252,2
59189,-3.6656902,0.7851799,1
59190,4.4372807,6.067947,5
59191,-1.3633268,10.493771,9
59192,11.172923,4.551706,6
59193,4.569612,6.2055717,5
59194,-1.2495079,10.744653,9
59195,6.349985,3.744033,3
59196,4.601307,6.034022,5
59197,14.561937,6.1414895,0
59198,-4.2692204,9.162225,7
59199,-3.6429462,1.4050747,1
59200,-3.246114,0.75986874,1
59201,4.5829473,6.1642385,5
59202,6.155055,3.4424057,3
59203,15.015377,6.4988136,0
59204,-3.8580792,9.043743,7
59205,-1.8831712,10.151778,9
59206,11.210555,4.7192802,6
59207,-3.2990832,-0.08398855,1
59208,11.256679,5.2392626,6
59209,-3.6673625,9.864017,7
59210,-1.2097589,14.5727005,4
59211,-1.2504835,10.879438,9
59212,4.2958264,6.629125,5
59213,-4.2077136,9.758053,7
59214,-1.8986918,10.214753,9
59215,-0.057346135,5.7387114,8
59216,3.78646,5.2302585,5
59217,10.909738,5.213719,6
59218,4.5558047,-1.2694186,2
59219,-1.6362427,15.191814,4
59220,-0.6741695,5.808399,8
59221,-0.5324908,10.476106,9
59222,4.14169,-1.3031663,2
59223,3.9868379,-1.2705836,2
59224,-0.5861158,5.4855523,8
59225,15.065891,7.189383,0
59226,11.097138,5.8031535,6
59227,-1.0738708,14.786433,4
59228,6.6949377,4.133721,3
59229,6.134403,3.4794676,3
59230,-3.2363784,1.1464953,1
59231,4.325296,-1.2392117,2
59232,-1.4955149,15.122898,4
59233,-3.67917,1.6995746,1
59234,3.618776,5.3680625,5
59235,-0.14641108,5.2015376,8
59236,-0.8421907,10.277294,9
59237,11.501171,5.5891433,6
59238,-1.4295791,10.147453,9
59239,6.489092,3.8258092,3
59240,-1.7745036,14.874562,4
59241,15.262627,6.604229,0
59242,6.630941,4.371372,3
59243,-1.2579417,11.435483,9
59244,14.575099,6.610491,0
59245,3.6805122,-1.1940795,2
59246,-4.954031,10.732252,7
59247,-3.171133,0.6418159,1
59248,-3.321742,1.1384714,1
59249,14.651714,6.9354367,0
59250,-4.747919,9.87975,7
59251,11.49201,5.6876945,6
59252,4.6362023,-1.3592163,2
59253,4.0529523,-1.3663673,2
59254,-3.8868823,9.782307,7
59255,11.677401,5.036225,6
59256,14.761717,7.1230392,0
59257,11.7375345,6.280249,6
59258,-1.826326,10.218808,9
59259,-1.8676174,14.976012,4
59260,-0.72258323,5.241241,8
59261,-1.5098637,15.128765,4
59262,5.825623,4.2989783,3
59263,6.6165786,4.0486503,3
59264,-4.624256,10.247141,7
59265,-0.7208251,5.74304,8
59266,-3.304874,1.0279166,1
59267,15.333418,6.9312477,0
59268,-1.6866075,14.48272,4
59269,4.2648306,5.897238,5
59270,0.3056465,5.5080476,8
59271,6.938448,4.346575,3
59272,15.329356,6.2728567,0
59273,11.48423,5.798138,6
59274,-0.23905124,5.58408,8
59275,6.732965,4.2917476,3
59276,-4.194714,10.204864,7
59277,0.06523009,5.245059,8
59278,5.137218,6.866916,5
59279,-3.8912828,9.784885,7
59280,-0.73108375,5.1095586,8
59281,2.8607748,-0.6940474,2
59282,5.9505525,4.5220017,3
59283,-1.7685417,13.738838,4
59284,10.9960785,2.5217707,6
59285,-4.2948956,8.409678,7
59286,4.227979,6.042411,8
59287,-1.3069117,9.521208,9
59288,16.045776,7.236328,0
59289,-3.93535,2.2916827,1
59290,2.7334404,-0.72358507,2
59291,3.5206952,5.559404,5
59292,11.003879,2.5745883,6
59293,-4.007248,8.40919,7
59294,4.3457217,6.062896,8
59295,-1.5982323,9.602625,9
59296,16.70388,7.128378,0
59297,-3.9019983,1.8429983,1
59298,3.152079,-0.76457316,2
59299,5.38062,4.415866,3
59300,-1.8355653,13.840556,4
59301,4.02893,6.5065684,5
59302,11.060169,2.4618638,6
59303,4.40673,5.9603066,8
59304,-4.3452177,8.585117,7
59305,4.2352567,6.4440694,5
59306,-4.5156016,8.972798,7
59307,5.94614,4.5423226,3
59308,6.027576,4.712028,3
59309,4.9383526,6.5766983,8
59310,11.498397,2.7942705,6
59311,4.3539586,6.2532377,5
59312,-1.089614,12.795214,4
59313,16.51558,7.5105047,0
59314,-1.041603,9.4768505,9
59315,5.598701,4.2063317,3
59316,2.45659,-0.7398025,2
59317,2.4277601,-0.9018573,2
59318,5.709651,4.8805118,3
59319,16.181196,7.443944,0
59320,11.427354,3.1640153,6
59321,-1.8699548,13.792127,4
59322,5.9119177,4.554171,3
59323,-3.7015083,8.319242,7
59324,11.135128,3.105712,6
59325,-1.6272045,9.739351,9
59326,2.2107227,-0.5280486,2
59327,2.5508225,-0.787658,2
59328,5.711576,4.925508,3
59329,3.9361029,6.6621976,5
59330,3.905633,6.214987,5
59331,15.926072,7.1749024,0
59332,-3.477849,8.446292,7
59333,2.654961,-1.0523715,2
59334,5.686795,5.1221166,3
59335,-1.8313844,13.75729,4
59336,16.029495,7.2803197,0
59337,16.005016,7.0837064,0
59338,4.4036455,6.323342,5
59339,-3.914309,1.4665277,1
59340,0.8464884,6.012076,8
59341,-1.6323626,9.765255,9
59342,15.862067,7.2798214,0
59343,1.6818367,6.1897917,8
59344,-1.0958899,9.429439,9
59345,11.37999,3.2320986,6
59346,3.8005853,6.3002834,5
59347,11.181896,3.1791108,6
59348,-4.1517425,8.446216,7
59349,4.2908206,6.262675,5
59350,5.796739,4.5795946,3
59351,3.7053206,5.761315,5
59352,5.5375643,4.2685566,3
59353,15.987322,8.20473,0
59354,-1.073636,-3.3838947,1
59355,2.4430335,-0.6027757,2
59356,5.5524497,5.8570504,3
59357,1.3759894,14.192354,4
59358,5.1951237,7.715883,5
59359,11.234472,5.850121,6
59360,-5.394782,11.887168,7
59361,2.2815142,7.6807456,8
59362,0.7798594,12.597187,9
59363,16.162224,8.14561,0
59364,-0.97707826,-3.6323168,1
59365,2.3467085,-0.61738676,2
59366,5.74332,5.8360066,3
59367,1.0493922,13.444528,4
59368,5.6052284,6.2632847,5
59369,11.551274,5.6086287,6
59370,-5.433013,11.663272,7
59371,0.75687623,12.5241,9
59372,15.535063,8.646129,0
59373,-1.2715935,-3.2821286,1
59374,2.0669427,-0.15699583,2
59375,5.951296,6.050148,3
59376,1.2815417,13.95867,4
59377,4.748564,7.88354,5
59378,11.631478,5.7706037,6
59379,-5.2702928,11.339448,7
59380,2.5497565,7.2077413,8
59381,1.0067832,12.7272215,9
59382,-1.1211419,-3.3213103,1
59383,6.416082,5.9382873,3
59384,5.3203225,6.829936,5
59385,1.3819515,12.311052,9
59386,0.9893899,13.059672,4
59387,-1.4601879,-3.0665517,1
59388,-5.3847637,11.788396,7
59389,-5.355035,11.661281,7
59390,3.259057,0.62366825,2
59391,-1.2828094,-3.102217,1
59392,1.286184,14.461899,4
59393,2.5560074,7.2284455,8
59394,5.801829,5.9463663,3
59395,2.499451,7.2056518,8
59396,2.5719056,-0.4781013,2
59397,1.2481698,12.400761,9
59398,5.7536488,5.752874,3
59399,2.592992,7.2884736,8
59400,4.74999,7.8785596,5
59401,-0.78031194,12.15945,4
59402,1.6185462,6.701279,8
59403,1.1012409,7.3095264,8
59404,1.2576574,12.624633,9
59405,-5.3458796,10.910894,7
59406,4.8530297,7.432882,5
59407,1.1439832,14.351509,4
59408,6.014991,5.5481915,3
59409,1.8171445,12.629651,9
59410,2.358483,-0.14844193,2
59411,4.740517,7.315051,5
59412,-4.575313,11.517112,7
59413,1.2208523,13.914205,4
59414,-1.2716967,-3.1235938,1
59415,2.4431398,-0.24662481,2
59416,6.1621294,6.355873,3
59417,11.486376,6.1726775,6
59418,15.876614,8.759511,0
59419,-1.3110349,-3.1085315,1
59420,14.872462,6.924715,0
59421,14.201738,7.21445,0
59422,2.4619243,0.051236436,2
59423,2.4978259,7.2060704,8
59424,-4.4243526,10.831325,7
59425,2.0256746,-0.49716368,2
59426,5.253271,7.689055,5
59427,-0.7740927,-3.9709117,1
59428,-2.272838,-2.221484,1
59429,2.260199,7.0885324,8
59430,5.227568,7.652325,5
59431,11.640302,5.5459137,6
59432,0.73486775,13.936331,4
59433,15.816605,8.779095,0
59434,1.4014696,14.1731,4
59435,-4.5419626,11.584099,7
59436,6.603043,5.5153904,3
59437,11.398231,5.511879,6
59438,0.80839753,7.459675,8
59439,15.30045,8.035108,0
59440,6.076578,6.167385,3
59441,-4.4169884,10.614773,7
59442,11.581513,4.633473,6
59443,1.4980432,12.444865,9
59444,2.2739356,-0.35700437,2
59445,11.347264,5.2922673,6
59446,4.124937,7.592967,5
59447,2.606614,7.3913608,8
59448,11.452717,4.8250995,6
59449,1.0423472,12.73026,9
59450,15.32338,7.2519674,0
59451,1.5209587,14.490891,4
59452,14.990529,8.552929,0
59453,11.623631,6.127465,6
59454,-1.5344225,-3.3732982,1
59455,1.2452017,12.478362,9
59456,2.5356765,0.22566326,2
59457,15.661271,7.198102,0
59458,1.5958927,12.555416,9
59459,5.361251,7.745306,5
59460,-0.8253878,-3.6818388,1
59461,6.6433454,5.639718,3
59462,-4.8750105,11.786089,7
59463,11.7018585,5.2884502,6
59464,0.75477135,12.188024,9
59465,1.2957674,14.611134,4
59466,2.433489,7.0477724,8
59467,6.025515,6.3530164,3
59468,-5.280659,12.1639,7
59469,-4.789306,10.700911,7
59470,11.491774,5.8866534,6
59471,5.402375,5.7986236,3
59472,14.913904,8.317068,0
59473,5.1288805,7.551784,5
59474,11.459563,5.059986,6
59475,2.1423182,-0.1429319,2
59476,2.9272625,0.17694254,2
59477,14.559756,7.86911,0
59478,-2.6265898,-2.1969466,1
59479,3.7272596,-1.332924,2
59480,6.574216,4.2810273,3
59481,-0.39061168,14.572349,4
59482,5.0253572,7.3883424,5
59483,10.407547,4.0193677,6
59484,-4.0940657,10.04327,7
59485,0.07738876,5.6966696,8
59486,-0.1453491,11.316351,9
59487,14.897357,8.470121,0
59488,-3.2157927,-0.88565826,1
59489,4.0017967,-1.214448,2
59490,5.8503776,4.108641,3
59491,-0.99321836,14.687438,4
59492,4.555088,6.012242,5
59493,10.868747,3.9449823,6
59494,-4.6121597,9.805559,7
59495,-0.37568706,5.7393107,8
59496,-0.38989723,10.835838,9
59497,15.546586,8.5088625,0
59498,-2.564318,-0.41145587,1
59499,3.7802615,-1.2564261,2
59500,6.1091294,3.9668186,3
59501,-0.7682592,14.40094,4
59502,5.053916,6.596737,5
59503,11.22822,4.7719507,6
59504,-4.3591175,9.525756,7
59505,-0.5912017,5.5900917,8
59506,0.15304454,11.034031,9
59507,5.1224837,6.64007,5
59508,10.848275,4.191182,6
59509,10.64089,3.7591524,6
59510,15.509044,8.247191,0
59511,0.062284403,6.260841,8
59512,6.3432302,4.025707,3
59513,-4.547293,10.022362,7
59514,-0.4180937,10.681891,9
59515,-1.1357352,14.504489,4
59516,-3.5106654,9.597675,7
59517,-3.3203084,-0.15474318,1
59518,-0.8290589,10.837003,9
59519,-3.6168654,0.13286687,1
59520,-3.8989284,9.390887,7
59521,-3.686111,0.400546,1
59522,-1.2185733,14.384326,4
59523,-3.0753071,-1.9578155,1
59524,-3.5164652,9.7917385,7
59525,4.6234612,6.446439,5
59526,-3.7045858,9.613933,7
59527,-2.4867632,-0.5756907,1
59528,6.528918,4.357675,3
59529,6.3932357,4.1731157,3
59530,-2.5791872,-0.24281636,1
59531,11.120866,4.8230505,6
59532,-0.811916,10.330908,9
59533,-3.9887388,9.830215,7
59534,-0.79029226,14.843898,4
59535,5.9668236,3.7829733,3
59536,15.222801,8.353481,0
59537,4.3941274,-1.0827595,2
59538,5.082561,6.643815,5
59539,3.7761323,-0.9645134,2
59540,10.5369005,3.703242,6
59541,15.150235,7.3814883,0
59542,0.4492291,6.143626,8
59543,-1.1192243,14.589264,4
59544,-0.23364475,6.1908264,8
59545,-2.626495,-0.24114473,1
59546,5.073254,6.5460258,5
59547,15.41938,6.166042,0
59548,11.2039795,4.847205,6
59549,10.679407,3.3315392,6
59550,6.102136,4.0383096,3
59551,-1.4854108,14.113113,4
59552,-3.5128074,9.511854,7
59553,4.916811,6.4643726,5
59554,-5.0521326,9.982406,7
59555,3.5941572,-1.1179066,2
59556,3.663174,-0.9348191,2
59557,15.093661,8.487525,0
59558,15.498777,8.407817,0
59559,-2.672191,-0.19039991,1
59560,-5.276378,10.75442,7
59561,-4.7667885,10.087591,7
59562,0.27978685,11.187552,9
59563,5.029693,6.5053225,5
59564,-0.6945066,10.716568,9
59565,0.1555023,6.32331,8
59566,-0.28535062,10.35645,9
59567,10.766523,3.6806676,6
59568,-0.0016028081,5.625843,8
59569,6.534596,4.053462,3
59570,10.789183,3.6586251,6
59571,-3.8014822,0.48796862,1
59572,3.8109202,-0.45519122,2
59573,-0.40465283,10.872491,9
59574,4.977559,6.4699693,5
59575,4.2766733,-1.241271,2
59576,5.116234,6.550467,5
59577,4.095451,-0.9278462,2
59578,10.705319,3.7084,6
59579,4.3467503,-1.2626734,2
59580,-0.7608613,15.116512,4
59581,0.58134085,5.476332,8
59582,-1.5828958,14.021211,4
59583,10.788287,4.493178,6
59584,5.01315,6.5431714,5
59585,15.442922,7.171847,0
59586,-2.8896368,-2.4614139,1
59587,1.9795649,-0.2793881,2
59588,5.3668833,5.087613,3
59589,-1.0391815,14.91081,4
59590,2.8982453,6.5219684,5
59591,10.946956,2.7976248,6
59592,-4.9887066,10.577615,7
59593,-0.15584445,6.043704,8
59594,-1.3237803,10.86294,9
59595,15.600697,8.256606,0
59596,-3.0836916,0.9359579,1
59597,2.7323666,-0.70728725,2
59598,5.2709694,4.6320033,3
59599,-0.8233082,14.194283,4
59600,3.0132813,6.510886,5
59601,10.416059,4.4243803,6
59602,-3.4093802,9.166112,7
59603,-0.3614848,6.256557,8
59604,-0.27209163,11.025802,9
59605,15.896304,7.818165,0
59606,-4.112292,0.753079,1
59607,1.7223254,-0.69358647,2
59608,0.25714397,15.043433,4
59609,4.255965,6.992009,5
59610,11.804584,4.628573,6
59611,-5.255487,10.782511,7
59612,0.04690546,6.3715987,8
59613,15.129342,5.8759794,0
59614,-1.4224392,15.032356,4
59615,16.003073,6.9737506,0
59616,-4.2430773,0.733983,1
59617,-4.667805,8.898274,7
59618,3.213657,5.732486,5
59619,-3.5735705,1.6916314,1
59620,-1.9764389,14.492422,4
59621,2.1262782,-0.42781207,2
59622,-0.7663154,5.7798448,8
59623,-0.8348693,15.2452,4
59624,6.488238,4.819726,3
59625,-4.120846,0.6128507,1
59626,-3.5145054,8.724288,7
59627,-0.12085429,5.856397,8
59628,3.1043148,0.24786969,2
59629,-1.8892467,14.056443,4
59630,5.44441,4.846789,3
59631,5.5613403,4.224055,3
59632,10.278147,2.228263,6
59633,-0.7553226,10.731031,9
59634,-0.80084866,10.880289,9
59635,3.315623,5.637964,5
59636,-0.43077695,6.009236,8
59637,10.692092,2.37858,6
59638,-4.146242,9.646993,7
59639,16.014061,7.2498503,0
59640,11.089685,3.395863,6
59641,1.6594622,-0.57182795,2
59642,11.6063795,4.487963,6
59643,6.0396943,5.773956,3
59644,0.17331575,11.128452,9
59645,-4.274757,2.1459303,1
59646,-5.3253427,10.648044,7
59647,-1.5932354,15.234655,4
59648,0.5839784,5.9375763,8
59649,-0.6840606,5.484301,8
59650,-1.0935618,11.062143,9
59651,16.614859,7.9252057,0
59652,5.708796,4.00934,3
59653,-0.0027252918,10.575566,0
59654,3.6899607,6.1600175,5
59655,2.7676256,-0.32277468,2
59656,0.36911216,10.909551,9
59657,-4.164263,2.6583617,4
59658,-4.0383816,2.7388802,1
59659,15.345832,7.092025,0
59660,5.809798,4.256651,3
59661,-3.752545,9.808258,7
59662,2.65197,5.065019,5
59663,-0.2725544,5.454368,8
59664,-4.3643956,8.573337,7
59665,-4.797127,10.423213,7
59666,-0.3050289,5.884664,8
59667,1.8019497,-0.7256731,2
59668,-0.6380093,10.087264,9
59669,4.0057387,7.3650575,5
59670,5.0297723,7.8859925,5
59671,-2.84964,0.04239339,1
59672,2.6968145,-0.10313004,2
59673,11.347713,3.8538089,6
59674,-0.7484446,15.243476,4
59675,2.237809,-0.1424063,2
59676,4.5625935,7.3378506,5
59677,3.0810256,0.25546408,2
59678,5.6012006,4.7682285,3
59679,11.416498,4.089176,6
59680,16.053305,8.193404,0
59681,16.751013,7.758378,0
59682,-3.964397,8.702269,7
59683,3.0725384,5.6136284,5
59684,2.461724,-0.21104853,2
59685,-0.532305,6.184554,8
59686,-4.277639,1.0226067,1
59687,10.92186,2.712434,6
59688,-3.7464907,0.81259066,1
59689,16.35319,7.229324,0
59690,-0.7594538,14.7569685,4
59691,5.6601214,5.47763,3
59692,-3.885339,0.3487462,1
59693,11.415751,3.3410313,6
59694,-3.938498,1.480271,1
59695,-0.11381567,10.916041,9
59696,15.82562,6.668978,0
59697,-3.7912753,-0.013785397,1
59698,4.4088187,-1.2742304,2
59699,5.888967,5.444522,3
59700,-1.8068566,14.503175,4
59701,10.285608,2.4053395,5
59702,10.764363,2.817781,6
59703,-5.124129,10.121774,7
59704,16.129364,6.975524,0
59705,-2.7714071,0.036496367,1
59706,3.9275875,-0.78673464,2
59707,6.686043,5.2397614,3
59708,-2.147355,14.512314,4
59709,10.649983,3.8900678,6
59710,-3.6791072,9.106496,7
59711,-0.11297699,5.1153007,8
59712,16.021915,6.389824,0
59713,-3.8060312,1.5929568,1
59714,2.8819802,0.2413309,2
59715,6.4209943,5.0545506,3
59716,-2.0877,14.774627,4
59717,-4.4894495,9.33899,7
59718,2.4236636,4.408318,8
59719,2.852645,6.4327,9
59720,15.864964,6.101508,2
59721,3.7862792,-1.3166355,2
59722,-1.9504169,13.876038,4
59723,15.578626,5.9847264,0
59724,-4.4888988,9.356379,7
59725,5.4780684,4.2114472,3
59726,6.8560643,4.1082993,5
59727,-1.6943852,14.709802,4
59728,-4.098688,1.5722812,1
59729,-0.2429639,5.9587784,8
59730,16.334137,6.3889537,0
59731,10.33496,2.341586,5
59732,4.4661574,-1.4799533,2
59733,-4.7297287,10.122148,7
59734,3.5768895,0.70215696,2
59735,0.86210054,5.6326475,3
59736,11.158427,3.684811,6
59737,3.2679043,0.5527062,2
59738,-3.3709137,0.13105473,1
59739,-4.364263,9.38426,7
59740,-5.0176473,9.441071,7
59741,-1.0383893,10.537455,9
59742,3.106071,-0.10606922,2
59743,-2.1227136,14.435508,4
59744,10.948508,2.529848,6
59745,-4.7185965,8.895142,7
59746,-4.156647,8.515414,7
59747,6.673068,4.0287094,5
59748,-0.30609828,11.000244,9
59749,-1.740589,10.05538,9
59750,-4.329246,1.783253,1
59751,-0.660626,5.0083604,8
59752,11.125041,2.6757853,6
59753,-2.1490932,14.748998,4
59754,11.150883,2.5807142,6
59755,15.654028,6.048237,0
59756,-1.1294703,10.680636,9
59757,4.435987,-1.4217149,2
59758,11.318684,2.923803,6
59759,-2.1332188,14.797556,4
59760,5.9022646,3.5668993,3
59761,-0.9761967,10.434078,9
59762,15.400967,6.00405,0
59763,-0.3547193,5.2966604,8
59764,-0.27041373,6.074366,8
59765,0.9451232,12.230833,9
59766,-4.055267,1.0789315,4
59767,-5.47509,10.438489,7
59768,-3.6929893,-0.8912476,1
59769,6.7984333,5.5324,3
59770,11.399338,4.2841706,6
59771,-0.016514122,11.05804,9
59772,-1.7753992,14.654595,4
59773,-4.123025,1.4370552,1
59774,-3.7519572,8.83032,7
59775,11.410188,3.932373,6
59776,-1.1847153,10.757455,9
59777,5.5719767,4.0039086,3
59778,5.385494,3.9148936,3
59779,-4.3121414,8.78531,7
59780,-2.1836143,15.02753,4
59781,-4.083564,2.5417542,1
59782,-0.8564976,10.147156,9
59783,-4.0115995,2.8436558,1
59784,15.466025,5.995707,0
59785,11.092797,2.7966166,6
59786,15.58525,8.119793,0
59787,-3.1012866,-0.2537211,1
59788,4.225681,-1.0049237,2
59789,-1.3761338,14.6402025,4
59790,3.9555194,6.5274944,5
59791,10.963522,3.8260307,6
59792,-4.597481,9.619791,7
59793,-0.10653146,5.632431,8
59794,-1.2765685,10.623676,9
59795,15.140441,7.284241,0
59796,-2.5939584,-0.15663284,1
59797,3.3848746,-1.0096742,2
59798,6.0737777,5.2098002,3
59799,-1.5638059,14.302182,4
59800,4.2073507,6.526155,5
59801,11.106114,3.8307462,6
59802,-4.5136156,9.4857235,7
59803,-0.34253556,5.710969,8
59804,-1.7314312,10.752988,9
59805,16.336885,8.158474,0
59806,-2.9922442,0.41736946,1
59807,3.8130116,-0.83064985,2
59808,5.86529,4.0380425,3
59809,-1.0967153,15.082856,4
59810,3.8599455,5.151025,5
59811,10.862,2.6317031,6
59812,-4.789136,9.067096,7
59813,-0.60988647,5.1427197,8
59814,-2.0529387,9.808799,9
59815,5.439422,4.5821333,3
59816,4.375101,-0.8180297,2
59817,0.790757,11.250309,9
59818,5.841064,4.7464366,3
59819,4.1298423,-0.8964424,2
59820,-3.193712,0.3099017,1
59821,-1.2837281,14.752648,4
59822,3.4921181,6.2087502,5
59823,3.9432583,5.698223,5
59824,4.483897,-0.8950756,2
59825,5.4924755,4.3621135,3
59826,3.2935636,-0.28772923,2
59827,-2.0516934,-1.2751107,1
59828,6.0094132,5.4577255,3
59829,-0.70175594,10.669664,9
59830,-3.6704438,9.114014,7
59831,3.5494838,-0.64738435,2
59832,-2.5588899,-0.22162226,1
59833,3.746502,-0.8343942,2
59834,-0.24574217,6.3265014,8
59835,-0.015628094,11.035764,9
59836,-3.53895,0.33089375,1
59837,-0.1557659,6.4533005,8
59838,0.14661528,5.5913067,8
59839,-3.5873222,9.47436,7
59840,16.161644,7.6140532,0
59841,10.722894,3.3154283,6
59842,-5.1306777,10.116513,7
59843,-5.0745306,9.98305,7
59844,-0.09080765,5.673952,8
59845,-4.1173677,9.358208,7
59846,4.1901636,6.0398026,5
59847,16.62881,7.523416,0
59848,11.176466,3.033389,6
59849,-3.5809925,0.15116619,1
59850,3.2702017,5.522927,5
59851,-4.928409,10.82141,7
59852,-1.8404536,14.290238,4
59853,11.409873,4.441542,6
59854,-4.098141,0.31199092,1
59855,3.49657,-0.91751885,2
59856,-5.2081738,9.722199,7
59857,-1.7080114,10.571832,9
59858,-1.0275247,10.958868,9
59859,15.423183,6.3100634,0
59860,5.794709,4.5081005,3
59861,0.4826395,6.629694,8
59862,-1.8633186,14.274131,4
59863,-1.2299154,14.964058,4
59864,-3.8723316,1.4810998,1
59865,-0.16128324,5.5293264,8
59866,11.058806,3.7560768,6
59867,3.6361985,6.154036,5
59868,16.220793,7.201655,0
59869,15.989905,7.183563,0
59870,5.8195233,4.3084064,3
59871,-4.670737,9.618341,7
59872,-3.4327755,0.57922405,1
59873,11.110412,4.2572484,6
59874,-1.3849449,14.893595,4
59875,3.7700438,-0.72233945,2
59876,10.786702,4.189995,6
59877,10.7777,3.368776,6
59878,15.659453,6.9588313,0
59879,-1.3814824,14.674754,4
59880,3.917959,6.2969112,5
59881,-1.8801782,14.235608,4
59882,-3.8280993,2.2764566,1
59883,5.7651634,3.6797674,3
59884,0.19314438,6.0811944,8
59885,11.388609,4.968691,6
59886,5.4619155,4.712203,3
59887,-1.6916504,10.2023945,9
59888,-1.3982407,10.48176,9
59889,4.0112023,5.8177867,5
59890,-1.1236931,11.004169,9
59891,5.4036994,4.626156,3
59892,10.834263,4.082882,6
59893,-1.7742606,14.714633,4
59894,-4.6811795,8.819677,7
59895,11.280893,3.7584424,6
59896,4.0761304,-0.8625472,2
59897,4.3752003,-0.90027726,2
59898,15.922917,6.6455975,0
59899,-0.88261515,10.38541,9
59900,-2.1050618,14.431102,4
59901,16.503994,7.483058,0
59902,-3.8082418,1.7244433,1
59903,4.3378763,-0.91121966,2
59904,6.4486413,3.9316795,3
59905,-1.6656586,14.681628,4
59906,3.2182763,5.129623,5
59907,10.98993,3.669545,6
59908,-4.3580713,8.521833,7
59909,-0.00908602,5.076053,8
59910,-1.7878547,9.7577505,9
59911,16.556503,7.387471,0
59912,-4.0532312,2.8176084,1
59913,4.6294765,-0.9617563,2
59914,5.80784,5.166496,3
59915,-4.250795,8.307611,4
59916,-0.729194,5.2597127,8
59917,-1.8313838,9.458404,9
59918,16.87552,7.247878,0
59919,-4.022977,2.8062823,1
59920,4.6145215,-0.61799985,2
59921,5.9396353,3.3986905,3
59922,-2.0754604,15.256534,4
59923,3.2958398,4.589555,5
59924,11.595763,2.879418,6
59925,-4.498918,8.55999,7
59926,-0.8221737,5.123871,8
59927,-2.0988681,9.483139,9
59928,10.775171,2.2029972,6
59929,15.894695,6.313214,0
59930,5.7979293,3.727281,3
59931,-2.0532749,15.185845,4
59932,-4.1039305,2.6833708,1
59933,-2.0258136,15.242107,4
59934,16.767298,6.9778795,0
59935,-4.801762,8.615953,7
59936,0.47635984,6.181976,8
59937,-4.557183,8.555578,7
59938,-4.8720665,8.640216,7
59939,-1.6375606,9.620205,9
59940,16.63135,6.843228,0
59941,-2.236847,15.072886,4
59942,-2.15069,9.995283,9
59943,-1.7154878,15.245518,4
59944,15.98243,6.0372653,0
59945,2.987784,5.468777,5
59946,-0.40722647,5.9259686,8
59947,3.2415557,5.4168134,5
59948,-2.051646,9.795596,9
59949,-0.10897747,5.688062,8
59950,-0.32924986,5.8824787,8
59951,-1.8896884,15.174627,4
59952,16.673786,6.8477693,0
59953,-4.093107,8.380882,7
59954,-4.1440706,2.5308266,1
59955,5.95504,4.3795424,3
59956,2.6425114,4.805532,5
59957,7.01126,4.418937,3
59958,-3.406146,0.31051397,1
59959,11.524101,3.0459008,6
59960,3.0505323,4.742573,5
59961,5.654961,4.045022,3
59962,-0.22434445,6.4059577,8
59963,-3.9092326,8.174466,7
59964,5.9993052,3.5696032,3
59965,-4.0749164,2.425652,1
59966,11.448656,2.8392754,6
59967,-0.016458532,5.858402,8
59968,3.7967055,5.2995996,5
59969,-1.4745789,10.0090475,9
59970,4.293944,-1.1390749,2
59971,4.7512655,-1.178009,2
59972,16.460604,6.6560936,0
59973,-1.3361615,10.242506,9
59974,4.541582,-0.81935245,2
59975,-1.8943163,14.189374,4
59976,11.871229,4.4523335,6
59977,-3.6372204,9.188847,7
59978,5.9630814,4.382265,3
59979,-4.301166,0.93337375,1
59980,6.948277,4.258253,3
59981,10.460123,3.7919655,6
59982,11.405366,2.728498,6
59983,4.67738,-0.65754384,2
59984,-4.1025467,2.4670708,1
59985,4.714749,-0.9053203,2
59986,11.421745,2.8004436,6
59987,16.559715,7.319626,0
59988,-4.3891425,8.238969,7
59989,-0.52406377,5.9210362,8
59990,-1.844665,9.597338,9
59991,4.7174354,-0.94297105,2
59992,-2.0740585,9.602608,9
59993,3.4918468,4.9237347,5
59994,-4.3205023,1.5096389,1
59995,0.052594513,5.6111674,8
59996,6.3055377,3.8811316,3
59997,3.9657984,6.676207,5
59998,11.425282,2.9570687,6
59999,-0.91170377,5.263607,8
60000,-4.59117,10.180832,7
60001,2.026903,0.26641738,2
60002,-3.4155922,-1.0731444,1
60003,14.625284,6.6688333,0
60004,0.64164096,14.6806135,4
60005,-3.6177864,-0.9578157,1
60006,-0.261728,14.448477,4
60007,1.3425437,12.668083,9
60008,3.35533,7.188072,5
60009,-1.2613127,9.84788,9
60010,14.751423,7.8898206,0
60011,11.570215,6.1487536,6
60012,-0.41719556,11.157718,9
60013,14.289139,7.4495234,0
60014,-1.7229918,-3.4218614,1
60015,6.0163445,7.3668094,5
60016,0.85112137,11.565272,9
60017,-4.926653,10.565038,7
60018,6.419473,6.6982994,3
60019,0.0453079,13.960509,4
60020,-1.7415365,10.262132,9
60021,10.367733,4.6386127,6
60022,11.275942,6.262632,6
60023,3.7206087,6.5318675,5
60024,0.65577394,13.545325,4
60025,15.905546,7.9034314,0
60026,-4.861072,12.021522,7
60027,0.25474635,14.272181,4
60028,14.401876,6.7039704,0
60029,-0.66028196,-3.8474684,1
60030,5.747761,5.221254,3
60031,-0.93387806,-4.423244,1
60032,5.804523,6.248676,3
60033,11.764779,5.1781125,4
60034,-3.6706595,8.579306,7
60035,3.989023,-1.2705362,2
60036,-4.1835694,10.897971,7
60037,-0.90220445,-3.4115098,1
60038,2.0644863,0.09275327,2
60039,-2.2056286,-2.3541899,1
60040,-1.2994906,-2.2357504,1
60041,-3.8574939,10.246007,7
60042,-0.18215396,14.0414715,4
60043,3.4946535,0.49421602,2
60044,6.014244,5.350728,3
60045,4.594507,6.726364,5
60046,-0.48007172,-4.3109417,1
60047,3.187025,-1.2800151,2
60048,0.2719687,14.235727,4
60049,1.1797724,14.509855,4
60050,10.364341,3.0606933,6
60051,6.3969173,6.5465508,3
60052,3.619393,6.345054,5
60053,5.7671824,7.521235,5
60054,11.69743,6.490291,6
60055,14.359517,6.39873,0
60056,0.7591619,14.74166,4
60057,-3.343606,-1.592928,1
60058,0.28174,11.199401,9
60059,2.6013627,5.508048,5
60060,-5.0444746,12.073157,7
60061,-0.70714986,5.58778,8
60062,0.27685106,12.297073,9
60063,5.7885904,3.856445,3
60064,-4.2350154,8.543274,7
60065,-0.25723374,12.718888,4
60066,11.438543,6.1968865,6
60067,0.5116035,14.724389,4
60068,5.565483,5.248732,3
60069,15.836094,8.7401085,0
60070,-5.0896573,10.537098,7
60071,14.9651165,8.304269,0
60072,4.297687,-1.8227228,2
60073,-2.3040779,9.226341,9
60074,-1.3523158,-2.8514733,1
60075,-3.785192,11.124944,7
60076,6.1618133,5.304911,3
60077,-3.8388617,9.951699,2
60078,-2.0140133,10.056594,9
60079,-4.6594267,8.772947,7
60080,-4.333992,12.05852,7
60081,10.7943,4.488814,6
60082,3.5542428,-1.1211087,2
60083,-4.5482264,11.857153,7
60084,1.3072504,7.324492,8
60085,0.4826402,14.6062,4
60086,-4.131162,9.633965,7
60087,6.0027127,6.257725,3
60088,10.976549,5.7414565,6
60089,-3.2184062,-0.32772115,1
60090,5.887674,4.9543185,3
60091,10.595731,4.117773,6
60092,-1.7805338,9.466823,9
60093,5.9518113,4.9715915,3
60094,-0.8872768,-3.6639593,1
60095,-0.8137585,14.047345,4
60096,-0.5041642,-4.45508,1
60097,-3.2144492,10.07792,7
60098,10.117659,3.9395463,6
60099,1.417535,12.136458,9
60100,11.143635,5.941047,6
60101,14.651247,7.848177,0
60102,4.046183,7.0907297,5
60103,1.0312302,14.473151,4
60104,1.9746231,12.758581,9
60105,1.0534227,11.814197,9
60106,4.3707385,-1.8005024,2
60107,-3.357159,0.2586024,1
60108,0.3188664,12.40024,9
60109,-0.6077064,14.078008,4
60110,0.6483084,5.566389,8
60111,-3.1836832,9.736812,7
60112,5.298254,5.10188,3
60113,0.49225667,11.925495,9
60114,-3.2724183,10.6727495,7
60115,-0.9395085,11.307976,4
60116,-0.35040355,13.580401,4
60117,1.2324172,14.7385845,4
60118,-0.41761664,11.285901,9
60119,-3.7618399,8.733344,2
60120,4.5116014,7.502122,5
60121,-1.3894389,14.887233,4
60122,-3.9222734,11.623087,7
60123,10.905929,4.56126,6
60124,-5.323704,10.505579,7
60125,0.65835494,12.270975,9
60126,14.701481,8.711856,0
60127,3.3266692,6.635311,5
60128,0.7136689,7.1572847,8
60129,3.5940914,6.6289053,5
60130,11.220382,3.6654143,6
60131,11.262957,3.3911295,6
60132,4.8593855,7.2408104,5
60133,-3.819706,10.747899,7
60134,0.31054077,6.2031918,8
60135,-2.0596213,-2.5420923,1
60136,14.19194,6.6708255,0
60137,-2.7761168,0.18224348,1
60138,11.2203455,5.5522084,6
60139,-1.3506328,15.089164,4
60140,10.082675,3.5668347,6
60141,-4.8808427,12.1013,7
60142,5.577301,5.759846,3
60143,-1.8612325,-1.4162767,1
60144,-3.8934293,9.259373,7
60145,-0.5833161,-3.9406278,1
60146,0.20309831,7.026801,8
60147,4.3744516,-1.1327504,2
60148,14.568621,6.611675,0
60149,3.5597053,0.3034801,2
60150,0.9285309,11.846875,9
60151,2.5088143,7.5700254,9
60152,2.8921294,5.8808827,5
60153,4.630682,7.175983,5
60154,-2.1410518,-3.8829043,1
60155,3.8822665,6.315375,5
60156,10.98259,5.8776026,6
60157,14.178912,6.7039223,0
60158,6.771357,6.2181015,3
60159,-0.624593,12.908951,4
60160,-0.3112903,13.451622,4
60161,11.413273,3.4022582,6
60162,3.9991026,7.1288276,5
60163,1.015459,14.540102,4
60164,10.850634,5.7938275,6
60165,5.5097284,7.574239,5
60166,-0.26032913,13.468743,4
60167,2.9361973,4.4625125,5
60168,-1.2584817,-3.5845766,1
60169,-0.0795863,13.482214,4
60170,0.3455833,13.470861,4
60171,-3.7726243,8.318763,7
60172,1.8354018,-0.043094296,2
60173,6.346407,6.5550737,3
60174,2.811848,-1.279443,2
60175,-3.0534537,10.117409,7
60176,-1.3042699,-2.2586873,1
60177,1.3100243,6.800886,8
60178,-2.4221559,-2.870025,1
60179,1.0454085,6.6826262,8
60180,-2.4920888,-3.3085337,1
60181,1.4941423,6.7623987,8
60182,3.3245938,6.6271324,5
60183,15.446839,8.267819,0
60184,1.2516861,6.1776505,8
60185,0.104912035,11.202274,9
60186,2.074137,-0.27515757,2
60187,4.9204907,7.701562,5
60188,15.451691,7.39765,0
60189,-0.7601581,-4.508627,1
60190,-3.5392308,-0.29520383,1
60191,-0.40106556,-4.4347587,1
60192,16.416653,6.7418494,0
60193,0.8844474,12.643961,9
60194,14.811338,7.0176415,0
60195,4.8081503,6.135354,3
60196,-1.4613336,-2.7467747,1
60197,10.707379,2.7975245,6
60198,-0.20885119,13.941717,4
60199,3.27366,-0.9570959,2
60200,6.9801674,4.852344,3
60201,11.813221,5.846019,6
60202,-3.7931838,0.3378196,1
60203,-1.7723004,-3.8988159,1
60204,-3.4159713,-1.0599691,1
60205,5.7999005,5.7843766,3
60206,-0.55726033,11.700017,9
60207,5.5194077,7.503007,5
60208,3.6929653,-0.8807617,2
60209,1.4139832,12.616872,9
60210,0.60981697,14.734763,4
60211,2.7981784,6.166209,5
60212,1.7711861,12.778976,9
60213,5.208094,4.670299,3
60214,0.34058702,11.832264,9
60215,14.728833,6.311151,0
60216,5.711024,4.674468,3
60217,10.402617,2.1916063,6
60218,2.7853758,5.903862,5
60219,4.4834127,6.2160726,5
60220,-4.516104,11.898087,7
60221,3.3979096,-1.9156541,2
60222,3.692085,-0.997629,2
60223,-4.3080606,9.1720915,7
60224,-3.4839122,-0.30477595,1
60225,2.1319907,-1.0626707,2
60226,1.0220346,7.1866946,8
60227,-0.76919436,13.430795,4
60228,-2.6139207,-0.10681737,1
60229,-3.5970657,10.496359,7
60230,6.3765097,5.1662674,3
60231,5.903187,4.505605,3
60232,1.4290968,6.992948,8
60233,0.40654576,7.464234,8
60234,-3.4140394,10.6987505,7
60235,1.0706458,11.954998,9
60236,2.29173,-1.2158504,2
60237,3.061386,-1.0724963,2
60238,-0.15825528,14.159228,4
60239,-1.888942,-3.9052,1
60240,4.7538214,7.181516,5
60241,2.0045302,7.223744,9
60242,-0.9130981,5.854107,8
60243,-3.4155262,11.276544,7
60244,2.503464,-1.1490812,2
60245,6.483086,6.757362,3
60246,14.667576,8.768369,0
60247,-1.0105591,13.1400585,4
60248,0.23951277,14.588462,4
60249,2.182705,-0.49825168,2
60250,0.34124574,13.65349,4
60251,-0.9354729,-3.8451083,1
60252,0.55696785,12.094671,9
60253,4.4394145,6.7747965,5
60254,-4.131317,11.271685,7
60255,-3.4159074,10.957013,7
60256,2.070202,-0.47784603,2
60257,1.3882327,6.629293,8
60258,3.6060922,-1.5993851,2
60259,11.356305,6.3455515,6
60260,-0.57627785,6.0171037,8
60261,3.128386,5.6698704,5
60262,-4.636456,11.7543335,7
60263,-3.6649644,10.684245,7
60264,0.41825154,12.816891,9
60265,-1.679561,-3.3697705,1
60266,1.742358,6.3852057,8
60267,-1.880247,-3.124622,1
60268,2.5740993,7.2364593,8
60269,15.896007,8.704292,0
60270,5.8943744,6.4886994,3
60271,14.5200815,6.7832294,0
60272,-2.017944,-3.719235,1
60273,-0.02474603,10.890676,9
60274,1.7240162,12.250233,9
60275,0.2958359,14.447498,4
60276,-1.9424222,-1.7527018,1
60277,0.7929521,7.0899167,8
60278,3.281987,-1.5844544,2
60279,-2.224154,-3.8498561,1
60280,2.1355793,-0.10752699,2
60281,-0.5609702,10.640596,9
60282,-3.22121,10.728717,7
60283,2.8757987,6.191622,5
60284,1.6469234,12.245718,9
60285,2.9400392,-1.6570029,2
60286,9.929211,3.4418683,6
60287,1.7603972,14.495634,4
60288,-2.8748457,-1.2887223,1
60289,4.7552066,7.4260473,5
60290,1.5757437,7.6386776,8
60291,1.946733,0.054942433,2
60292,1.1153193,12.0068655,9
60293,2.7281225,-1.1007742,2
60294,14.423869,7.2274156,0
60295,1.2214243,13.825971,4
60296,15.701421,8.057523,0
60297,15.691156,8.651746,0
60298,2.3976169,-0.0469786,2
60299,0.97747993,6.0600348,8
60300,-2.3454394,-0.90546155,4
60301,-3.3861418,11.007872,7
60302,-1.4027988,-3.9777308,1
60303,3.3700683,-0.19024657,2
60304,-0.96486586,13.284163,4
60305,14.736456,8.770197,0
60306,2.059463,-0.29581678,2
60307,-3.2966597,10.69706,7
60308,-0.9257487,14.348436,4
60309,6.3897653,5.431303,3
60310,6.6845875,5.3047743,3
60311,14.712541,7.674552,0
60312,14.672086,6.5103235,0
60313,6.6040683,6.574394,3
60314,-1.674975,-3.7016592,1
60315,0.3305184,10.881294,9
60316,10.426148,2.2755322,6
60317,2.6516461,4.51519,5
60318,4.1383743,-1.9451685,2
60319,5.5802846,7.7502527,5
60320,-3.0359333,10.5300865,9
60321,-3.2493193,9.2080145,2
60322,0.6487649,12.312765,9
60323,5.66983,4.473511,3
60324,14.04215,6.8287582,0
60325,-1.4550706,14.866522,4
60326,2.239682,0.31650242,2
60327,15.48125,7.3645177,0
60328,-3.7414205,10.560711,7
60329,-2.1722698,-2.9682603,1
60330,-2.3317685,-3.411902,1
60331,1.6880242,-0.49663225,2
60332,-2.5661452,-2.8292053,1
60333,3.6457567,7.1169386,5
60334,5.8988748,5.1465683,3
60335,5.96314,4.9613113,3
60336,1.4398155,12.398122,9
60337,-4.402147,10.826154,7
60338,5.8159685,7.7523484,8
60339,10.266239,4.1217604,6
60340,5.343885,5.9161086,5
60341,1.3635002,14.22707,6
60342,-2.2401738,-2.9820645,1
60343,7.012458,5.5803714,3
60344,1.5889659,7.162476,8
60345,-1.8648343,-3.1009278,1
60346,14.591649,5.963615,0
60347,3.296891,6.7014213,5
60348,-2.793684,-1.4993155,1
60349,4.7981877,5.361076,3
60350,-0.6840465,-4.2972,1
60351,4.189878,7.474206,5
60352,6.1407743,7.4204397,5
60353,11.53305,4.981848,6
60354,-4.1506557,2.029608,1
60355,-0.1922317,5.4976096,8
60356,4.447209,6.8276577,5
60357,-2.6702814,-3.3346508,1
60358,0.46233818,13.089129,7
60359,-0.19776821,13.004456,9
60360,1.6887603,14.469578,4
60361,11.018176,5.6686115,6
60362,-3.417651,9.358316,2
60363,1.9020805,-0.17615034,2
60364,4.071973,7.4739494,5
60365,14.721468,6.3835263,0
60366,11.022455,5.6392317,6
60367,5.061151,7.810563,5
60368,10.181208,4.31167,6
60369,6.025688,4.851833,3
60370,-4.067049,11.66789,7
60371,2.5373344,0.19138446,2
60372,14.340832,8.348705,0
60373,0.6779271,7.1818495,8
60374,0.9232146,7.097585,8
60375,3.337885,6.64785,5
60376,-0.3863744,12.541225,4
60377,-1.7328839,-1.9154358,1
60378,-2.55432,-2.7810197,1
60379,0.4270978,14.218996,4
60380,14.822535,8.862391,0
60381,-4.733942,11.746777,3
60382,5.856279,5.85232,3
60383,-3.9064827,10.700587,7
60384,11.718864,4.6451592,6
60385,-2.770368,-2.6503334,1
60386,10.603526,3.8024635,6
60387,2.6896365,-1.1120815,2
60388,-3.757297,1.3055801,1
60389,-0.6172224,11.825141,9
60390,4.108578,-0.90254843,2
60391,0.06376425,6.731429,8
60392,10.709167,4.1423345,6
60393,-1.8131809,-1.9653733,1
60394,-0.25827605,10.824128,9
60395,4.8300166,7.168831,5
60396,3.3595512,-0.7637382,2
60397,4.8294325,7.3288484,5
60398,1.0448643,14.408256,4
60399,0.6001835,14.571292,4
60400,4.1873584,-1.4581531,2
60401,1.1828187,6.5849404,8
60402,6.8398466,6.122224,3
60403,0.49869928,7.564346,8
60404,2.539037,-0.4932025,2
60405,1.5338105,14.217844,4
60406,5.4891033,7.3966036,5
60407,14.66854,7.744642,0
60408,6.9151025,5.788539,3
60409,-1.8553696,-3.6549313,1
60410,-4.830694,11.874639,7
60411,-3.1374755,10.025468,7
60412,5.367888,5.968253,5
60413,-5.1014996,11.0152855,7
60414,0.5077023,12.251673,9
60415,-4.748592,11.34975,7
60416,-2.4554288,-2.4456282,1
60417,-0.9377723,11.622779,9
60418,3.552487,-1.5817648,2
60419,-2.3000193,-3.7584627,1
60420,-1.4281431,15.292363,4
60421,4.103882,-1.3881608,2
60422,0.32760793,12.134121,9
60423,2.676759,-1.3584423,2
60424,14.549257,8.011475,0
60425,0.49683586,13.865628,4
60426,-1.7032828,10.987626,9
60427,-1.8583034,-3.7828796,1
60428,-1.4907979,14.080383,4
60429,0.982624,7.5850353,8
60430,-2.8272064,-1.8715895,1
60431,1.374887,7.3653884,8
60432,0.40830293,13.476025,4
60433,2.7486556,5.578903,5
60434,0.007877709,11.835441,9
60435,0.50829256,6.5634203,8
60436,-0.16352142,6.5236874,8
60437,5.8084173,5.917677,3
60438,-4.386129,10.503318,7
60439,10.336631,3.2161098,6
60440,15.123672,8.058871,0
60441,14.670944,6.5392613,0
60442,5.97059,5.9391294,3
60443,14.330227,5.9617944,0
60444,-0.38443717,5.957432,2
60445,16.76337,7.7744293,6
60446,11.225195,4.363834,6
60447,-1.4605963,10.013576,4
60448,-1.6336983,10.431285,9
60449,6.1575685,6.48858,3
60450,5.832617,5.466537,3
60451,5.6848445,4.6429343,3
60452,2.1618588,-0.5787652,2
60453,6.952332,5.661149,3
60454,1.3658693,11.996254,9
60455,-2.9759414,-1.1505903,1
60456,1.6846864,-0.80403715,2
60457,10.433866,2.9448268,6
60458,0.28357917,6.982752,8
60459,14.23567,7.7340736,0
60460,3.2334476,6.610071,5
60461,11.279728,6.0428376,6
60462,11.511581,5.662161,6
60463,11.598019,5.473081,6
60464,-4.008598,8.646309,3
60465,0.94843185,6.763345,8
60466,-0.07059255,5.550979,8
60467,2.204992,-0.5320088,2
60468,-3.6053188,8.359221,7
60469,4.158588,7.431281,5
60470,0.861628,6.6060414,8
60471,-0.8396692,11.349743,9
60472,11.309811,6.001729,6
60473,-0.87094265,-3.3003685,1
60474,0.8535936,6.661401,8
60475,1.7421205,14.534625,4
60476,-1.366177,-2.5577872,1
60477,2.6092758,-0.58633095,2
60478,4.086272,7.0270596,5
60479,5.334076,6.388268,9
60480,-3.4605243,-0.8335367,1
60481,0.6383704,12.299526,9
60482,-5.0120416,11.899316,7
60483,2.4379892,4.978755,5
60484,-0.076134846,13.629605,4
60485,14.71951,6.6678557,0
60486,0.5131284,7.4278197,8
60487,0.40993977,11.56193,9
60488,-1.3648262,11.143222,9
60489,-3.2793968,-1.5812799,1
60490,16.53477,8.28006,0
60491,4.349996,6.6492853,5
60492,2.5582871,-0.23294495,2
60493,6.9734373,5.468651,3
60494,-4.7100306,10.195699,7
60495,15.419501,6.105256,8
60496,0.9218636,12.249702,9
60497,-1.0745716,12.762845,4
60498,14.733821,5.8751354,0
60499,10.12496,2.841317,6
60500,5.9526143,5.789308,3
60501,1.9356163,12.318457,9
60502,3.7105663,5.0241017,5
60503,3.4688354,-1.7678713,2
60504,-2.7439709,-3.1651514,1
60505,6.213033,4.3145776,3
60506,-3.5840495,-0.0040944745,1
60507,5.748553,5.2347016,3
60508,10.076349,2.633576,6
60509,4.5091867,6.873792,5
60510,-4.022573,8.5730715,7
60511,-2.6157765,9.671621,4
60512,1.9938545,-0.4116137,2
60513,3.0739295,-1.205274,2
60514,11.6795,6.2894945,6
60515,5.192033,4.9045596,3
60516,4.00081,-0.98518157,2
60517,10.926053,5.110843,6
60518,3.848177,7.039647,5
60519,-0.6732141,13.293091,4
60520,0.030084664,5.4916778,8
60521,-0.24781358,12.298519,9
60522,-4.996298,12.106453,7
60523,-4.06836,2.7534578,1
60524,6.674935,6.253103,3
60525,14.684848,7.8846593,0
60526,6.06505,6.031809,3
60527,2.6252284,7.264552,8
60528,6.238528,6.579251,3
60529,-1.8510507,-3.3415377,1
60530,0.38011613,12.273984,9
60531,6.175847,5.332276,3
60532,-0.24953991,13.446006,4
60533,0.85748786,14.287548,4
60534,10.466889,4.274637,6
60535,0.5678459,15.003865,4
60536,1.8700672,-0.504199,2
60537,-2.1860569,-1.0770305,1
60538,-0.09491139,5.373849,8
60539,4.058828,-1.1394411,2
60540,4.3750825,7.041438,5
60541,0.6026524,14.465027,4
60542,-2.1260417,-1.0786237,8
60543,1.4508485,7.681381,8
60544,0.7985282,14.224242,4
60545,15.248193,6.8914895,0
60546,14.482216,8.274851,0
60547,2.3087492,-0.1907098,2
60548,5.8897033,5.0066743,3
60549,4.3496246,-1.6913049,2
60550,-3.3011718,10.234544,7
60551,-2.1061897,-3.4804728,7
60552,14.429905,6.1051564,0
60553,1.5003393,6.955628,8
60554,-4.456232,9.574688,7
60555,-1.1889174,14.62575,4
60556,1.210949,14.813846,4
60557,-3.8737547,11.348173,7
60558,-0.6079382,11.684972,9
60559,11.710098,6.1007676,6
60560,-0.8310586,10.730447,9
60561,15.79304,8.760745,0
60562,0.8454727,11.736403,9
60563,0.79365206,6.606925,8
60564,14.089456,7.055736,0
60565,-0.9989056,12.563291,4
60566,10.230312,2.9315515,6
60567,14.063732,7.005825,0
60568,10.663939,5.000393,6
60569,5.9281516,6.5725393,3
60570,4.4782095,7.1509404,5
60571,-0.66422415,12.621968,4
60572,0.4968176,7.1675425,8
60573,6.8968763,5.9303064,3
60574,6.5357437,4.394649,3
60575,-0.35617676,11.927466,9
60576,5.6867194,4.9797554,3
60577,4.958517,4.910481,3
60578,-0.41998485,6.0020595,3
60579,-4.4520082,9.31009,7
60580,-0.053082447,6.398711,8
60581,15.103729,8.73588,0
60582,5.495405,4.969142,8
60583,-3.1980655,9.808567,2
60584,-1.1364611,-4.009228,1
60585,-4.3408318,11.674044,7
60586,14.736831,7.6710005,0
60587,10.9817295,5.449308,6
60588,5.364804,7.6623425,5
60589,0.4840522,13.484337,4
60590,6.9168806,5.2186027,3
60591,2.1321409,6.770424,8
60592,14.861441,7.173226,0
60593,-1.6914667,10.855801,9
60594,10.326706,4.084598,6
60595,6.6506476,5.8975554,3
60596,0.32760763,6.7697678,8
60597,16.348898,8.574564,0
60598,-0.68699956,11.888011,9
60599,1.3910187,12.473453,9
60600,11.076469,4.748563,6
60601,-0.2414034,5.740476,8
60602,11.725678,6.3438168,6
60603,0.90225804,7.0585976,8
60604,3.4233594,6.850057,5
60605,-3.394553,8.832497,7
60606,1.2823263,5.860375,8
60607,10.763161,5.51515,6
60608,14.827997,8.410779,0
60609,1.6102734,-0.6849661,2
60610,-0.9310862,13.170006,4
60611,14.368198,7.9738474,0
60612,2.8556106,-1.0992817,2
60613,1.3376887,-0.3262688,2
60614,5.155075,4.89439,3
60615,-3.6079886,1.8846606,1
60616,0.3720015,12.117177,9
60617,-3.1621053,9.9674635,7
60618,4.566336,6.9886746,5
60619,-0.5228941,-4.130173,1
60620,14.604532,7.3221645,0
60621,0.7252188,6.978595,8
60622,-0.09382461,14.3328,4
60623,10.711162,3.4669087,6
60624,1.7616807,-0.2871517,2
60625,11.795343,4.484566,6
60626,-4.4292974,9.397638,7
60627,0.4191023,11.7168045,9
60628,1.2904903,12.581248,3
60629,4.5056725,-1.4695333,2
60630,1.2250608,12.173127,9
60631,1.0448741,7.004181,8
60632,3.5504897,-1.8380567,2
60633,3.4028523,-1.1549921,2
60634,1.7290056,12.393011,9
60635,2.781132,-0.2859897,2
60636,-5.3400893,11.249187,7
60637,6.407792,6.627502,3
60638,2.6056707,5.6031275,5
60639,-0.8841112,11.075465,9
60640,-0.94217587,-4.1127033,1
60641,1.3544717,6.34662,8
60642,16.735012,7.980361,0
60643,2.0162513,-0.71855843,2
60644,14.5595455,6.9958267,0
60645,4.665796,6.627736,5
60646,9.895057,3.4290957,2
60647,-1.4001225,-4.1142554,1
60648,5.943511,5.9330535,3
60649,-3.9129183,11.5535,7
60650,10.197256,2.7154062,6
60651,-4.841675,11.438068,7
60652,-2.061609,-3.3807817,1
60653,2.0760503,-0.8746788,2
60654,5.909822,7.623961,5
60655,0.7480517,6.199654,8
60656,14.790361,8.511945,0
60657,6.1449594,6.01859,3
60658,-5.2042365,10.746013,7
60659,1.0310405,7.6499004,2
60660,-0.38609168,13.928203,4
60661,14.296968,5.7976522,0
60662,0.91918325,12.328188,9
60663,-2.120492,-3.1710284,1
60664,-0.5215994,5.845691,8
60665,11.64903,6.3854823,6
60666,-3.759147,10.070254,7
60667,-3.0870318,10.129539,7
60668,0.4221696,13.382105,4
60669,5.236024,5.508813,3
60670,-2.1660426,14.940274,4
60671,2.158622,12.453697,9
60672,-2.9673762,-1.9825175,1
60673,-1.0645868,9.683989,9
60674,4.8680115,6.5159616,5
60675,-2.2060623,-3.1688783,1
60676,-4.646884,9.109703,7
60677,6.9057755,6.1328344,3
60678,1.3761309,12.236925,9
60679,-3.4139802,10.783245,7
60680,11.411895,5.5411844,6
60681,1.2737219,12.037567,9
60682,-2.131919,-3.8433638,1
60683,6.3827987,5.1861,3
60684,4.8899565,5.796088,7
60685,-0.4199686,5.9306617,8
60686,6.281449,5.431269,3
60687,5.506649,5.765206,3
60688,10.220462,2.96697,6
60689,-1.4583001,11.865966,7
60690,2.281427,-0.7474878,2
60691,0.99908483,12.836597,8
60692,2.7860596,6.117956,5
60693,0.8204748,6.4881873,8
60694,2.905513,5.3110704,5
60695,-3.3354547,-1.8857734,1
60696,-1.4494394,-3.9692044,1
60697,0.15674575,13.949872,4
60698,0.37888741,14.784162,4
60699,5.0732794,5.444483,3
60700,-0.5819459,-4.2280283,1
60701,15.823351,7.5774784,0
60702,-3.559179,9.900149,7
60703,-4.109815,11.621824,7
60704,16.161327,7.296498,0
60705,-4.347901,11.42272,7
60706,0.6683472,12.482904,9
60707,-0.9175983,12.01862,4
60708,0.465588,13.821426,4
60709,0.40506023,6.0873284,8
60710,3.5223858,6.466643,5
60711,4.5129085,6.53624,5
60712,-0.23548496,12.932541,4
60713,14.814404,8.356078,0
60714,5.5298433,7.605186,8
60715,2.0807743,-0.6047267,2
60716,-2.872634,-1.9914345,1
60717,16.15799,8.773443,0
60718,0.5849138,6.8567696,8
60719,1.3536798,14.720193,4
60720,5.597457,7.610429,5
60721,14.905441,8.7448225,0
60722,1.1208178,14.375251,4
60723,14.619366,6.598853,0
60724,10.742958,5.1928844,6
60725,-3.0519433,-2.084324,1
60726,-4.5274925,11.275954,7
60727,5.2990627,5.4228563,3
60728,1.4618618,-0.60952175,2
60729,11.091359,3.1980155,6
60730,-5.0096846,11.880677,7
60731,3.6627774,-1.585561,2
60732,11.606696,6.0485635,6
60733,1.2504555,12.655823,9
60734,5.937503,5.2069798,3
60735,-1.4491174,-3.8290226,1
60736,1.1590469,14.467728,4
60737,11.680172,5.783128,6
60738,1.4794074,-0.39470574,2
60739,4.9023123,6.5916758,5
60740,0.42802137,12.627576,4
60741,1.3640873,-0.663389,2
60742,15.909316,7.977908,0
60743,10.035274,3.2225337,6
60744,4.372643,-1.777464,2
60745,-3.9003463,-0.14364216,1
60746,-3.857855,11.306992,7
60747,5.263799,5.460186,3
60748,-0.080246784,13.028586,4
60749,-1.9717788,-1.3044134,1
60750,14.4932375,7.678632,0
60751,5.0183845,7.6521497,5
60752,-0.5469155,13.807868,4
60753,6.2858763,4.8527822,3
60754,-3.0750368,-2.001863,1
60755,-0.91510814,-3.9207423,1
60756,-3.7500648,10.207912,7
60757,-0.30743936,14.0358095,4
60758,-0.48186198,10.77259,9
60759,-1.5481699,10.974499,9
60760,-1.3577359,12.674592,4
60761,0.41410848,6.7443533,8
60762,1.1534494,14.720696,4
60763,15.557852,8.7932,0
60764,3.7364743,-0.9759077,2
60765,-0.5035481,14.100375,4
60766,4.753779,7.365479,5
60767,-3.141064,0.29525927,1
60768,-2.2867336,-2.617067,1
60769,10.49428,3.4586902,6
60770,-0.340132,14.840876,4
60771,-4.465514,11.956013,7
60772,-2.1375356,-3.583393,1
60773,0.62086636,12.135857,9
60774,0.10193593,13.033035,4
60775,2.3631105,-0.74807924,2
60776,1.4191079,14.373158,4
60777,-0.88767564,-3.6593115,1
60778,4.848878,7.503186,5
60779,2.9696844,6.1058717,5
60780,6.594876,6.3478084,3
60781,1.8242303,7.3297524,8
60782,6.6646676,6.25343,3
60783,-2.17642,-3.358555,1
60784,1.2817878,14.281624,4
60785,5.2191253,7.570744,5
60786,10.720061,4.968505,6
60787,1.5300329,7.670723,8
60788,0.049139876,11.910927,9
60789,0.8254221,13.907264,4
60790,-2.3491728,-2.1564786,1
60791,3.4937088,7.603826,5
60792,6.021411,5.847496,3
60793,1.2918952,7.352839,8
60794,15.516379,6.9953895,0
60795,6.1593995,5.465795,3
60796,3.8177178,-1.3208349,2
60797,2.942163,6.2363057,5
60798,-0.5800084,-4.048986,1
60799,3.0857394,-0.7186922,2
60800,2.4668608,7.0140944,8
60801,6.6604285,5.895552,3
60802,0.1651464,14.716054,4
60803,0.9209261,14.611841,4
60804,15.522748,8.959214,0
60805,0.061454535,6.2881775,8
60806,1.6929233,7.3586836,8
60807,6.642503,5.394402,3
60808,6.9470115,5.8396254,3
60809,-1.3059077,-2.3421633,1
60810,-4.756326,10.316588,7
60811,5.652266,4.7868247,3
60812,4.8916464,7.3891535,5
60813,-0.66345483,10.138818,9
60814,10.206455,3.8984842,6
60815,6.623843,5.0804415,3
60816,1.7190129,-0.6375649,2
60817,11.693486,5.681048,6
60818,-1.4548665,-3.3275537,1
60819,7.048326,4.9381566,3
60820,11.316128,4.023662,6
60821,14.521916,8.06426,0
60822,-5.350102,10.830787,7
60823,4.300362,-1.0199736,2
60824,-2.0749779,-0.98575914,1
60825,-4.3391356,11.506384,7
60826,-2.3916745,-2.8314466,1
60827,-1.9387519,15.0425415,4
60828,1.797695,-0.6127223,2
60829,-3.5094118,7.8939114,4
60830,3.8226068,-1.5996758,2
60831,-2.767692,-2.6820838,1
60832,-3.5611815,11.040176,7
60833,-0.957474,11.277537,9
60834,9.977489,3.078475,6
60835,-3.2958994,-1.5370512,1
60836,-2.552528,-0.29636627,1
60837,1.6896725,-0.45424306,2
60838,1.0663043,13.886528,4
60839,6.0575075,3.983471,8
60840,-3.3339953,-0.14806426,1
60841,-4.932178,11.903294,7
60842,-3.187285,9.717725,7
60843,1.2321943,14.442104,4
60844,5.530999,6.5229917,8
60845,15.806487,7.7229524,0
60846,-3.8923824,8.71484,7
60847,5.3341937,5.3059797,3
60848,-3.5080853,0.2841692,1
60849,6.8434534,5.496136,3
60850,-1.9260219,-1.9577694,1
60851,15.084099,6.4490333,0
60852,-4.5527167,11.45941,7
60853,-3.7163546,8.442341,7
60854,14.312447,7.7617745,0
60855,5.620268,5.73193,3
60856,2.7229857,5.5039277,5
60857,4.8594813,6.0161514,5
60858,4.0819726,-1.4074925,2
60859,-3.661642,11.212877,7
60860,11.40019,5.291534,6
60861,11.243919,5.1537895,6
60862,0.68677044,12.236085,9
60863,4.449707,-1.307472,2
60864,1.0289804,6.9543552,8
60865,6.3955626,5.269474,3
60866,4.530916,7.2331786,5
60867,1.7905926,-0.6996643,2
60868,3.4060724,-1.5885862,2
60869,3.717751,6.981416,5
60870,10.01555,2.6722558,6
60871,15.832535,7.4300447,0
60872,0.7006632,7.3912244,8
60873,3.26972,-1.3462368,2
60874,-1.9516,10.051185,9
60875,4.186685,-1.6579025,2
60876,1.893239,6.986908,8
60877,5.761695,7.736507,8
60878,2.0878894,7.4749703,8
60879,0.9922342,6.266985,8
60880,-3.8614993,8.4861765,7
60881,1.0181965,13.299037,4
60882,-0.78556675,10.720367,9
60883,5.985205,5.999987,3
60884,14.049089,6.9705186,0
60885,10.221508,4.454848,6
60886,11.517372,5.2820773,6
60887,6.012986,4.835087,3
60888,3.7116563,-0.97740746,2
60889,-2.4165962,-3.175477,1
60890,6.3170695,5.4233685,3
60891,2.0353448,-0.14447448,2
60892,3.1686716,-1.5827479,2
60893,1.1813005,11.935768,9
60894,6.5538173,5.719626,3
60895,14.223147,6.7310867,0
60896,16.464115,7.6281767,0
60897,3.8475814,7.295927,5
60898,-3.189147,10.126077,7
60899,1.847411,7.1605034,8
60900,-2.0518448,-3.6972992,1
60901,1.6072242,14.332425,4
60902,0.08928367,13.141294,4
60903,11.266031,5.2946005,6
60904,14.372019,8.223196,0
60905,3.0348606,-1.5443844,2
60906,0.5034528,11.523699,9
60907,-3.168147,-0.26498336,1
60908,-1.1415417,14.344217,4
60909,-5.1120496,12.333633,7
60910,-0.10697903,14.713725,4
60911,-3.8453789,10.048397,7
60912,5.9821515,4.786344,3
60913,1.8336849,12.491217,9
60914,0.4028621,5.619908,8
60915,1.4771992,6.653569,8
60916,1.8331233,14.613614,4
60917,-4.3855643,11.364887,7
60918,-2.1966612,-3.747704,1
60919,2.962925,0.37533647,2
60920,-3.1629987,-2.43758,1
60921,3.5920172,-1.4680005,2
60922,2.1249204,-0.84557116,2
60923,5.9528885,5.1921325,3
60924,-3.9410522,8.52652,2
60925,6.053781,5.645856,3
60926,4.075417,-1.6936735,2
60927,6.684348,5.11157,3
60928,1.0706791,11.931018,9
60929,-3.0318568,-2.4938092,1
60930,-3.1749647,9.863534,7
60931,0.53144664,13.417985,4
60932,14.789973,8.561153,0
60933,7.0117464,5.6921906,3
60934,4.3178687,7.2866025,5
60935,2.9170158,5.603718,5
60936,1.7315317,7.0706267,8
60937,11.504344,6.2062774,6
60938,4.7911453,7.466746,3
60939,14.408903,7.163578,2
60940,10.781076,4.0969844,6
60941,-4.4991975,10.883079,7
60942,10.915446,5.1730704,6
60943,10.624182,2.2029636,6
60944,4.8147106,5.5568585,3
60945,1.9009331,0.016313285,2
60946,-3.5681503,11.180606,7
60947,0.32244015,11.396499,8
60948,-2.0463085,-3.8809593,1
60949,-1.3275048,-4.015965,1
60950,-3.4600458,8.551824,7
60951,0.15475544,13.806685,5
60952,11.378495,6.3224626,6
60953,-1.1707635,13.794198,4
60954,0.23776057,12.376979,9
60955,4.8244653,6.954105,5
60956,-0.56273794,-3.9435456,1
60957,5.4030194,6.948907,3
60958,6.873814,5.756945,3
60959,0.3492835,13.000397,4
60960,-3.335831,10.154946,7
60961,0.28562883,6.0265813,8
60962,-0.5080644,11.646412,9
60963,-3.2667177,-2.0941973,1
60964,-3.2232237,-0.3851755,1
60965,11.099701,3.9210641,6
60966,-1.6352321,10.773288,9
60967,-1.807073,-1.5625033,1
60968,0.013063655,13.529527,4
60969,-0.3537978,14.986749,4
60970,3.8957822,7.2549524,5
60971,1.0274484,14.187995,4
60972,15.541579,8.1039095,0
60973,11.446247,5.9777045,6
60974,2.1282618,-0.51847327,2
60975,3.506783,-1.8419628,2
60976,5.2003202,5.464576,3
60977,-2.782387,0.045275915,1
60978,4.4388433,7.1658945,5
60979,-0.8104824,-3.8930976,1
60980,3.0030122,-1.4981278,2
60981,15.08401,7.563809,0
60982,4.825437,4.66366,3
60983,0.1628389,5.6464434,8
60984,-2.3662927,-3.4819129,1
60985,1.9222441,-0.5930708,2
60986,10.615811,3.3137484,6
60987,-3.8142273,11.372114,7
60988,-0.5998601,-3.7753463,1
60989,11.223528,5.123532,6
60990,2.98355,-1.2073468,2
60991,4.995254,5.0089893,3
60992,0.33707416,12.0904,9
60993,15.305422,6.228632,0
60994,-0.4240369,-4.320835,1
60995,3.7847207,-1.6818922,2
60996,2.4156318,-0.16760592,2
60997,15.91481,7.344507,0
60998,0.680199,7.513038,8
60999,0.50477135,12.147155,9
61000,-1.9679395,10.157249,9
61001,14.256427,6.5526614,0
61002,2.0794845,-0.5404255,2
61003,4.974782,7.3740954,5
61004,-0.570795,-3.992709,1
61005,-0.22900563,11.975033,9
61006,-4.149239,11.612503,7
61007,0.7806607,7.2826934,8
61008,-1.3381528,-3.6479461,1
61009,14.56103,8.755933,0
61010,-0.3179067,14.9011965,4
61011,-1.3930906,-2.8086064,1
61012,-3.4503677,11.241525,7
61013,-0.113971725,11.897731,9
61014,3.2325244,4.7883596,6
61015,-1.6470096,13.355844,4
61016,4.0409064,-1.3456584,2
61017,11.366908,6.179623,6
61018,0.9435473,6.9608603,8
61019,-4.2945604,0.862427,1
61020,5.6491733,6.004687,3
61021,-4.883096,8.847599,7
61022,4.04103,7.1731925,5
61023,0.5043725,13.815437,4
61024,-1.9727185,14.429072,4
61025,-2.6046305,-0.37297073,1
61026,1.2970961,7.105254,8
61027,-2.1508653,-1.5163265,1
61028,6.7130117,6.4897714,3
61029,0.3239077,5.9982266,8
61030,-2.1577024,-1.2349705,1
61031,3.6264648,0.20508288,2
61032,3.523089,7.2754893,5
61033,0.09548688,5.2946115,8
61034,15.522812,6.803886,0
61035,11.515273,5.736739,6
61036,1.6660558,-0.5938884,2
61037,-1.3336614,-2.4591725,1
61038,-0.99882144,-3.0400102,1
61039,-0.025494535,12.636795,7
61040,-1.2314792,-2.4307244,1
61041,3.4500935,6.1868925,5
61042,5.9584284,6.0980587,3
61043,0.55110073,13.9728985,4
61044,10.411977,4.512331,6
61045,-0.43657723,12.241555,9
61046,4.0561485,6.7737937,5
61047,16.163748,8.436047,0
61048,1.37197,11.738969,9
61049,3.5187616,-1.6708237,2
61050,4.745347,-1.4995383,2
61051,0.6434558,14.895416,4
61052,0.98508084,7.191175,8
61053,3.8908906,-1.6677897,2
61054,-2.2348657,-2.311678,1
61055,-4.21559,11.31331,7
61056,1.8526548,-0.5329739,2
61057,-1.1724509,14.523636,4
61058,-1.3818034,11.054129,9
61059,0.12550317,14.822607,4
61060,1.4744415,14.589295,4
61061,14.867884,8.690094,0
61062,-0.5632081,11.590907,3
61063,-1.5743028,9.73628,9
61064,2.7688441,-0.14617208,2
61065,2.059998,-0.542052,2
61066,5.14672,5.279973,3
61067,5.2199335,5.1315737,3
61068,-1.7077649,13.510995,8
61069,6.26496,6.6871157,3
61070,5.299983,7.622252,5
61071,-4.530972,10.865187,7
61072,4.9615703,4.803007,3
61073,2.9655347,5.6419168,5
61074,0.9338787,7.30449,8
61075,-2.6596413,-3.2117734,1
61076,2.1841094,-0.5622175,2
61077,-0.3631729,13.133165,4
61078,-0.113574974,13.374989,4
61079,11.711535,3.8289196,6
61080,0.6782262,13.7879305,4
61081,1.0514823,12.617073,9
61082,4.366192,6.063153,5
61083,-1.3492658,-4.214274,1
61084,15.413345,8.760877,0
61085,10.547799,4.8070774,6
61086,1.3764198,12.392344,9
61087,3.265493,6.355407,5
61088,-0.4830574,11.236558,9
61089,5.2210546,6.7682343,5
61090,1.2185028,11.949007,9
61091,-3.2599401,10.912343,7
61092,5.6771483,4.112488,3
61093,0.86581963,6.103137,8
61094,14.348302,6.3894596,0
61095,6.3821425,5.749439,3
61096,-4.9278283,11.893627,7
61097,-2.437876,-2.5415373,1
61098,6.364784,4.691812,3
61099,10.869786,2.5444908,6
61100,-4.671815,10.163953,7
61101,1.947111,7.8072248,8
61102,4.516597,7.1808877,5
61103,1.1913902,12.633198,9
61104,-3.897473,9.803535,7
61105,-0.29833832,10.754127,9
61106,11.129001,5.9811625,6
61107,2.6204684,7.332623,9
61108,10.418617,4.090109,6
61109,6.8932414,6.1843405,3
61110,-4.9691567,10.928571,7
61111,-0.57988,14.520041,4
61112,11.329729,3.3314257,4
61113,4.202129,7.0327573,5
61114,1.210534,7.0047946,3
61115,3.8087258,7.025933,5
61116,-0.9511735,13.055443,4
61117,-3.327456,8.551465,7
61118,1.2570487,6.8617873,8
61119,-3.7228515,8.039439,7
61120,0.3763819,6.124597,8
61121,14.397072,6.2857375,0
61122,-3.8058503,10.721999,7
61123,11.242624,5.782393,6
61124,0.11212927,6.4116035,8
61125,0.92500925,7.7713537,8
61126,-5.2154527,10.114102,7
61127,4.8640437,4.6888924,3
61128,6.2877083,6.224346,3
61129,-3.1051333,-0.2255059,1
61130,1.6214206,12.208857,9
61131,4.110262,6.6834803,5
61132,3.7419589,-1.4774537,2
61133,-3.6923814,10.30369,7
61134,6.01969,4.9379253,3
61135,3.1120648,5.739653,5
61136,-2.7006357,-1.8748791,1
61137,-2.477306,-3.5910184,1
61138,2.7762566,-1.2514062,2
61139,-2.4363093,-1.8530134,1
61140,0.7476053,13.98811,4
61141,-3.585436,10.886481,7
61142,-0.1588552,13.732094,4
61143,-3.5185003,9.722064,7
61144,5.217892,7.438529,5
61145,1.5477996,14.501315,4
61146,4.52616,7.267393,5
61147,1.6485684,14.279059,4
61148,14.89878,7.104092,0
61149,0.7565971,7.591237,8
61150,6.975994,5.654453,3
61151,9.92807,2.8713977,6
61152,-0.5178331,11.253816,9
61153,10.127365,2.5646348,6
61154,14.18129,7.0891023,0
61155,2.9737248,-1.5886027,2
61156,-3.5691514,11.427781,7
61157,-1.2637936,13.331202,4
61158,0.058652785,14.766038,4
61159,-2.0785708,14.587692,4
61160,0.5923295,14.057443,4
61161,10.741956,4.0588856,6
61162,11.651163,6.451636,6
61163,-1.2754755,14.301447,4
61164,-4.637678,11.733354,7
61165,0.31689104,12.056823,9
61166,6.552471,5.299487,3
61167,-1.5073888,14.657322,4
61168,2.834786,5.7467175,5
61169,2.8127866,6.261961,5
61170,1.1894163,7.3051896,8
61171,-3.8954961,11.457225,7
61172,6.642695,5.1538563,3
61173,-1.9772711,10.296312,7
61174,2.119053,-0.039191987,2
61175,-4.091487,10.9986315,7
61176,15.491967,5.898319,0
61177,1.6711497,-0.5330967,2
61178,-1.7111497,15.363397,4
61179,-0.8240433,-3.2126746,1
61180,-1.3777144,-3.764092,1
61181,-3.59386,1.1628729,6
61182,10.319417,4.523951,6
61183,-0.63261807,10.606459,9
61184,3.121156,-0.7428456,2
61185,0.040605027,6.901355,8
61186,-5.2946973,11.95138,7
61187,2.5306053,-0.3970244,2
61188,15.25735,6.4965134,0
61189,-1.3305659,-2.528936,1
61190,4.959816,7.389817,5
61191,16.241814,8.698443,0
61192,0.0626792,13.137193,9
61193,-2.6410012,-2.8986309,1
61194,-3.7167802,8.992943,7
61195,15.296738,6.4166417,0
61196,10.494203,2.4360836,6
61197,14.288736,5.986297,0
61198,1.6262558,7.815887,8
61199,10.93322,5.212065,6
61200,0.95002306,5.725562,8
61201,-2.0333087,-3.1353753,1
61202,2.0081758,7.241255,8
61203,15.127144,7.643222,0
61204,4.5888243,5.380355,3
61205,6.368386,4.662272,3
61206,-3.4467719,8.237226,7
61207,3.7391744,-1.4023105,2
61208,4.910191,5.3383923,3
61209,10.444823,2.249682,6
61210,3.0571058,-1.1730998,2
61211,-4.21741,1.0141771,1
61212,10.3193445,2.8391764,6
61213,-2.4736102,-2.8914843,1
61214,-2.6634698,-1.2655007,1
61215,5.133868,5.2822747,3
61216,-3.4512136,10.868966,7
61217,-1.9203948,10.572943,9
61218,14.638477,8.546789,0
61219,1.7465218,6.7200704,8
61220,14.515645,8.569307,0
61221,3.9358847,7.350648,5
61222,-0.17142083,14.610873,4
61223,15.264074,8.711563,0
61224,3.2790496,0.60491717,2
61225,0.6614474,7.1194954,8
61226,2.3238714,-1.142529,7
61227,3.1472313,0.101725854,2
61228,5.0695977,4.895065,9
61229,1.0522285,7.005237,8
61230,0.60561824,14.349738,4
61231,14.873534,7.050432,0
61232,-0.823186,12.56392,9
61233,4.895491,7.188158,5
61234,1.3069652,6.0012903,8
61235,4.7934284,7.462796,5
61236,-1.8484418,-3.9582422,1
61237,1.975198,-0.081490465,2
61238,-2.5292919,-2.9001825,1
61239,5.7441278,5.264362,3
61240,-2.8582134,-1.0035588,1
61241,-4.227473,8.263313,7
61242,-0.8650484,12.476753,4
61243,3.9062376,6.8417516,5
61244,-3.5581522,10.625562,7
61245,3.609557,-1.6979761,2
61246,14.232737,7.3724155,0
61247,5.9123898,7.122832,9
61248,2.187186,7.236573,8
61249,0.67713976,6.718517,8
61250,10.059453,2.460494,6
61251,2.535897,0.46407345,2
61252,5.8383946,7.5684066,5
61253,0.58171695,13.801978,4
61254,-2.230009,-3.1498072,1
61255,0.6318601,12.396868,9
61256,2.6380284,-1.4124873,2
61257,-3.522873,0.07711045,1
61258,3.9611921,6.6356435,5
61259,1.1414325,7.459706,8
61260,-2.0751276,-3.4934735,7
61261,14.838215,6.8096623,0
61262,2.5700803,-1.1377882,2
61263,1.6573956,14.26841,4
61264,-0.097924486,13.652303,4
61265,5.32982,5.853419,3
61266,11.310367,6.1381726,6
61267,1.2823813,7.7224884,8
61268,0.2075633,6.7294555,8
61269,3.7616165,-1.463629,2
61270,-1.043859,12.940921,4
61271,14.640735,8.671032,0
61272,4.6545067,7.8473206,5
61273,14.337742,6.2478657,0
61274,-0.6082448,13.499354,4
61275,-0.107655585,12.992205,4
61276,-4.0340295,11.540851,7
61277,0.24005881,11.261843,9
61278,5.939442,5.9532356,3
61279,-1.3367639,15.315834,4
61280,-3.0845523,-2.2819552,1
61281,4.679533,6.703266,5
61282,0.22022775,11.300119,9
61283,-4.322235,0.9357915,7
61284,6.0395713,5.617476,3
61285,3.6533282,6.304575,5
61286,0.87920165,6.6512513,8
61287,1.0663321,6.7412887,8
61288,15.447827,5.779408,0
61289,4.052973,7.047043,5
61290,5.610582,6.134907,3
61291,6.2938643,6.6830316,3
61292,10.658931,4.477478,6
61293,11.236955,6.0196924,6
61294,14.595345,6.92657,0
61295,-3.304789,-1.2185022,1
61296,9.915291,3.869378,6
61297,14.75747,7.4217424,0
61298,6.1720147,6.5271173,3
61299,-4.8540034,11.844761,5
61300,-0.10774553,13.519892,4
61301,0.13288182,13.5115595,4
61302,-1.0923855,-4.1977,1
61303,3.8113403,-1.8788465,2
61304,1.1807439,12.25663,9
61305,-3.2472792,0.31164292,1
61306,0.83301246,14.028928,4
61307,11.030633,5.5438952,6
61308,2.1325173,12.466413,9
61309,0.75059247,11.753451,9
61310,5.196435,5.6172576,3
61311,0.3742326,12.047723,9
61312,0.07947754,6.682699,8
61313,-0.023846954,13.968489,4
61314,1.3147578,14.156851,4
61315,6.5147715,5.7415323,3
61316,-1.8979172,-1.3996112,1
61317,4.9690676,5.0846257,3
61318,-3.8218393,-0.2747185,1
61319,6.5065775,6.6676226,8
61320,0.8798087,5.917159,8
61321,-3.9990819,11.205143,7
61322,-0.5796819,10.70258,9
61323,0.1605406,14.002933,4
61324,-0.44560418,5.71628,8
61325,3.1375027,7.2052617,8
61326,-4.169817,2.2339296,7
61327,1.4768866,12.30129,9
61328,-4.269219,10.937869,7
61329,-1.3380919,-2.5455472,1
61330,0.08856176,13.730787,4
61331,4.2167,7.388649,5
61332,11.651367,6.1489263,6
61333,14.499818,7.79478,0
61334,4.869135,7.3624644,5
61335,2.2967136,-0.20413986,2
61336,2.2235117,-0.43028882,2
61337,2.6018214,0.46430698,2
61338,-1.8670816,-3.8434577,1
61339,5.445943,7.3915176,5
61340,3.6232312,7.2106833,5
61341,3.3327343,-1.0268325,2
61342,1.2132243,14.073368,4
61343,0.07116893,12.230544,9
61344,10.415401,2.2570355,6
61345,3.3611567,0.5860987,2
61346,-4.3770213,10.437717,7
61347,-4.762886,11.184463,7
61348,4.662848,-1.3236871,2
61349,2.5540783,-0.5255932,2
61350,-2.402095,-2.9263759,1
61351,-2.8643477,-0.74195635,1
61352,4.309251,-1.7095379,2
61353,1.0502931,7.0137787,8
61354,5.9353914,6.427934,3
61355,-3.7758381,9.7175455,7
61356,-3.098874,9.882994,2
61357,0.7289,13.794585,4
61358,-2.8560104,-2.6912553,1
61359,-3.7238572,9.952439,7
61360,-1.7503194,-4.1131964,1
61361,-3.4841666,9.65115,7
61362,11.361367,6.433316,6
61363,-3.8784084,11.590372,7
61364,5.611376,4.6748257,8
61365,2.6454554,-0.22800499,2
61366,-4.320752,10.552087,7
61367,6.2193246,5.3981843,3
61368,-1.1150801,-2.7307951,1
61369,-4.848856,10.485554,7
61370,3.8889043,6.8270426,5
61371,1.1883473,7.3486814,8
61372,2.6854963,-0.34964985,2
61373,10.957042,4.68658,6
61374,4.5976396,-1.5611353,2
61375,1.6922283,-0.43553913,2
61376,3.7659144,6.724017,5
61377,11.416986,4.8368363,6
61378,9.965343,2.7674365,5
61379,15.422225,7.989428,0
61380,1.2994889,11.951366,9
61381,2.1439588,-0.34293613,2
61382,1.0500308,14.611384,4
61383,6.8733926,6.030313,3
61384,4.83483,5.278903,3
61385,0.26498085,12.303369,9
61386,-4.8045363,8.571119,7
61387,10.631539,4.706579,6
61388,11.790981,4.936555,6
61389,0.69419986,6.6081104,8
61390,15.27958,7.8610873,0
61391,1.5362624,14.056729,4
61392,-2.7007563,-3.3806138,1
61393,5.9899874,6.544384,5
61394,1.6745188,7.460175,8
61395,4.1984076,-1.5416113,2
61396,-1.4417102,10.602599,9
61397,-1.8586708,-3.8677366,1
61398,1.7478737,7.0367055,8
61399,14.334578,8.185013,0
61400,10.283938,3.2129548,6
61401,-4.36375,10.8366585,7
61402,2.7096136,-0.5778558,2
61403,-3.9474382,1.4676608,1
61404,15.327748,5.729688,0
61405,3.3968446,6.1202025,5
61406,3.2701263,6.478256,5
61407,3.6401272,-1.3973248,2
61408,16.761744,7.7689667,0
61409,1.5955895,-0.8504133,2
61410,2.8248231,-1.1944584,2
61411,14.616468,6.6750455,0
61412,2.0867522,-0.61461276,2
61413,0.104887255,13.756553,4
61414,0.42815596,12.505387,9
61415,2.1826794,7.3660088,8
61416,14.408228,6.3208055,0
61417,1.2499783,12.250529,9
61418,1.3438663,11.966571,9
61419,1.5145904,14.670729,4
61420,10.848941,4.5760465,6
61421,3.0296483,5.9660864,5
61422,1.2419629,14.566257,4
61423,-0.73215073,10.47384,9
61424,-2.2918372,-2.5753891,1
61425,-0.16150297,10.641236,8
61426,5.339435,5.225536,3
61427,1.2928116,14.7291765,4
61428,1.0186677,12.384984,9
61429,1.1849334,12.012057,9
61430,-1.1759702,-3.8678384,1
61431,1.3955783,-0.7343988,2
61432,1.772176,-0.08805475,2
61433,1.3400784,7.238912,8
61434,-2.1249027,-3.1637719,1
61435,1.2524023,12.633929,9
61436,10.21905,2.3686643,6
61437,0.48399332,13.2330065,4
61438,14.620367,6.587515,0
61439,-1.7257271,11.311194,9
61440,-1.6792513,15.136426,4
61441,1.2507068,7.6853623,8
61442,6.244161,4.705091,3
61443,1.0096045,6.4271936,8
61444,11.620396,6.5579624,6
61445,14.549674,7.4636097,0
61446,2.1293695,-0.18605758,2
61447,10.327189,2.936793,5
61448,-3.4025319,-1.66615,1
61449,1.0747393,12.534187,9
61450,11.784142,6.2593555,6
61451,3.036204,-1.5304322,2
61452,-0.39080253,11.373392,9
61453,0.039708223,12.7664995,4
61454,15.986812,6.444108,0
61455,-1.1050289,11.145653,9
61456,10.786815,5.4298954,6
61457,15.157345,8.504207,0
61458,11.810883,4.910438,6
61459,2.94054,-0.61972606,2
61460,3.7774765,7.3417068,5
61461,-0.32592684,13.718857,4
61462,4.4324746,-1.8097737,2
61463,5.6631417,5.3889933,3
61464,1.7234086,7.2372675,8
61465,-2.3944244,-0.8539052,4
61466,5.9131765,7.4082756,5
61467,4.7564683,7.4675107,5
61468,15.812745,8.791029,0
61469,6.1681046,5.3063884,3
61470,-0.51177895,5.321177,8
61471,4.02357,6.6024823,5
61472,6.5647907,5.557344,3
61473,2.8309727,6.2061963,5
61474,-0.39502567,5.242363,8
61475,9.990342,3.2514753,6
61476,5.438365,6.628038,5
61477,-4.0086865,10.585866,7
61478,10.021313,2.6658745,6
61479,5.855547,5.695962,3
61480,5.858966,5.836512,3
61481,1.6310874,12.610931,9
61482,10.555577,4.8513503,6
61483,-0.8181019,-3.4282815,1
61484,-2.7412481,-2.5658584,1
61485,3.5566561,-1.0028306,2
61486,0.9336532,12.15322,9
61487,15.124258,8.301976,0
61488,1.0326719,14.8808,4
61489,6.15921,5.721839,3
61490,6.6141844,5.5684304,3
61491,11.3632555,5.2804027,6
61492,1.3935215,12.630598,9
61493,3.3537009,6.9043703,5
61494,-4.588276,11.325732,7
61495,6.278235,4.8804493,3
61496,-3.8698487,11.897999,7
61497,-5.4327507,10.73386,7
61498,-5.08968,9.714582,7
61499,2.1537774,7.2937913,8
61500,-3.5322752,-1.1717556,7
61501,1.8923111,12.232874,9
61502,1.4921613,7.214884,8
61503,6.6744056,5.422843,3
61504,14.349475,7.1128607,0
61505,-3.2020159,10.418481,7
61506,3.7680395,-1.2164112,2
61507,-3.2524667,9.996776,7
61508,-0.45279053,11.042724,9
61509,0.6464687,14.572722,4
61510,4.8164377,7.3155875,5
61511,-0.36557075,14.994149,4
61512,0.6767758,12.286785,9
61513,6.7513723,6.029924,3
61514,1.5226336,-0.45116264,2
61515,-2.2900252,-2.2651994,1
61516,0.6204614,13.951466,4
61517,14.835865,7.492511,0
61518,2.2178717,-0.70018387,2
61519,6.19989,5.33987,3
61520,-4.803227,8.616499,7
61521,4.5160527,6.9709296,5
61522,-0.6218128,12.294206,7
61523,1.9518075,7.3590302,8
61524,-0.057792798,6.4280343,8
61525,6.086087,7.455215,5
61526,14.932575,8.654925,0
61527,-0.60573184,-3.7519798,1
61528,-1.490887,-2.5109391,1
61529,1.566476,14.625389,4
61530,-4.43405,10.364272,8
61531,6.383656,5.879783,3
61532,-0.72881573,10.445924,9
61533,15.461248,6.495381,0
61534,15.27044,5.971238,0
61535,14.261213,6.748943,0
61536,11.435612,6.03393,6
61537,10.4556265,3.415975,6
61538,3.1339605,-1.2279739,2
61539,6.4090633,5.193424,3
61540,-5.0398455,11.858489,7
61541,1.3208923,6.572459,8
61542,0.5237861,13.944663,4
61543,-4.692381,9.926562,7
61544,-4.3068857,11.611498,7
61545,2.0936701,12.83323,9
61546,3.0497704,-1.5124025,2
61547,-0.7492201,13.776312,4
61548,-0.8882071,-3.1908164,1
61549,-0.9402955,13.128514,4
61550,2.8883858,6.204116,5
61551,2.807621,-0.8511818,2
61552,-0.10203105,13.592906,4
61553,6.15492,4.3709607,9
61554,-0.90970683,11.9470625,9
61555,-2.431419,-0.8868723,1
61556,0.2661312,7.2398925,8
61557,-1.065952,14.648434,4
61558,14.134471,6.520982,0
61559,4.971077,6.380596,9
61560,0.2677178,5.9200892,8
61561,0.9611629,13.93154,4
61562,2.4074879,7.125244,8
61563,-4.3941665,9.951998,7
61564,-4.0804496,10.414367,7
61565,14.41124,6.8768578,0
61566,-3.5442586,11.011186,7
61567,1.3715253,7.768742,8
61568,1.4036841,7.0830007,8
61569,11.848667,6.618069,6
61570,16.316395,7.337137,0
61571,-0.10033029,12.676067,4
61572,0.40248275,6.7553854,8
61573,1.0369014,6.8982,8
61574,4.403332,-1.2459886,2
61575,-0.7060609,14.489621,4
61576,-3.9708831,10.47977,7
61577,10.592963,5.0002894,6
61578,10.537818,4.9000654,6
61579,10.358792,3.0353734,6
61580,-1.7514204,14.23456,4
61581,-3.453017,8.487633,7
61582,-2.8098228,-1.53586,1
61583,1.3853351,7.0109,8
61584,0.9460153,6.044541,8
61585,3.6383789,-1.5458658,2
61586,5.6695595,4.4159307,3
61587,10.710839,3.1350756,6
61588,6.93286,5.6724277,3
61589,15.264457,8.717427,0
61590,15.177259,6.582722,0
61591,5.3847446,4.6506677,3
61592,-3.597988,10.528841,7
61593,9.915917,3.987974,6
61594,0.1479628,11.038724,9
61595,-3.7871337,10.567776,7
61596,0.9780064,12.047448,9
61597,-1.6197016,10.896649,9
61598,4.1974244,7.095092,5
61599,0.58589256,13.687692,4
61600,5.923829,5.7469573,3
61601,5.852837,3.6813958,3
61602,10.511173,4.3709025,6
61603,-0.8750978,-4.0905013,1
61604,2.0320377,0.07643711,2
61605,6.4572616,5.660385,3
61606,-4.417899,11.372027,7
61607,5.0876307,5.4480834,3
61608,6.4808645,5.291591,3
61609,4.6083007,-1.4353889,2
61610,14.385333,8.351374,0
61611,6.41144,5.902346,3
61612,6.017144,4.2603784,3
61613,1.3438171,7.502949,8
61614,-1.0683318,13.164603,4
61615,6.813496,6.242639,3
61616,11.811311,4.9573975,6
61617,6.3201632,6.1774135,3
61618,3.3333852,6.4227424,5
61619,14.224687,6.560678,0
61620,2.6191034,-0.29423922,2
61621,14.109414,7.60328,0
61622,0.9290784,12.378075,9
61623,15.227161,8.3224945,0
61624,-3.9981759,10.729582,7
61625,1.0283284,13.6595,4
61626,10.440522,2.9254475,6
61627,2.3104298,12.748386,9
61628,6.4896107,5.350559,3
61629,3.8060894,6.5514274,5
61630,-1.7892119,-1.5191001,1
61631,0.058052063,12.153626,9
61632,10.836491,3.7578351,6
61633,-2.1709902,-1.2160773,1
61634,-2.4730632,10.122674,4
61635,3.5851376,6.463951,5
61636,-1.2596369,15.253394,4
61637,4.270781,6.203301,5
61638,15.51675,5.791071,0
61639,4.1099854,7.084522,5
61640,1.8264993,12.297278,9
61641,3.7641816,7.5934577,5
61642,3.994008,-1.5172565,2
61643,-1.9488006,-1.635854,1
61644,1.6580032,-0.27728623,2
61645,1.6744757,12.30584,9
61646,-3.7122123,0.88440466,1
61647,-0.9356573,11.284119,9
61648,-1.2760844,11.788163,9
61649,0.1957812,14.493779,4
61650,15.038351,7.5481668,0
61651,0.6851359,6.829204,8
61652,1.1850555,14.262557,4
61653,4.707374,6.6805387,5
61654,2.7759166,-0.2911167,2
61655,0.6984009,11.365656,9
61656,2.2168987,-0.2190453,2
61657,-2.35189,-2.8341222,1
61658,1.784541,-0.7517886,2
61659,-3.3864481,-1.7608073,1
61660,-3.1602976,9.089728,7
61661,5.5721927,5.2735987,3
61662,10.826717,4.997623,6
61663,1.0669734,7.3830285,8
61664,1.4901931,6.6802692,8
61665,0.40856427,13.601981,4
61666,0.9383568,11.829533,9
61667,-1.7127264,-3.4504879,1
61668,0.30850402,12.160994,9
61669,0.7818728,6.892363,8
61670,3.5962873,6.2128158,5
61671,-4.9141383,12.336656,7
61672,3.3397899,6.4507546,5
61673,-2.135341,-3.5506566,1
61674,-1.285929,-2.8500977,1
61675,0.666586,5.647353,8
61676,10.585864,3.094907,6
61677,3.1640933,6.6246595,5
61678,2.633069,-1.4171838,2
61679,0.85870075,14.443777,4
61680,-1.2684815,14.457687,4
61681,-4.967313,9.935514,3
61682,4.3701224,-1.8376803,2
61683,5.8483486,5.1202602,3
61684,3.5222538,6.142033,5
61685,10.961115,5.0476584,6
61686,1.9226054,7.280659,8
61687,0.4438008,6.749139,8
61688,9.879307,2.9916105,6
61689,2.8391485,-1.308587,2
61690,6.063473,5.3471646,3
61691,-0.4520681,-4.263656,1
61692,15.152729,8.623575,0
61693,4.0499687,6.4898486,5
61694,1.2099996,6.3527665,8
61695,-2.2925792,9.823861,9
61696,2.9427223,0.39661703,2
61697,-1.3296374,10.811709,9
61698,11.567431,6.2365255,6
61699,-4.4807744,11.511416,7
61700,14.692533,8.179278,0
61701,-0.40824768,12.715834,4
61702,1.4250922,6.8941956,8
61703,-3.6755254,9.810104,7
61704,-2.9635184,-2.5667198,1
61705,-4.1812305,10.67732,7
61706,0.7083909,14.431405,4
61707,-0.84636444,-4.48464,1
61708,15.208732,8.676169,0
61709,5.7055683,6.465594,9
61710,-4.2236967,10.306591,7
61711,1.8997525,-0.48206857,2
61712,15.277333,8.150932,0
61713,14.492502,7.6095533,0
61714,0.3939846,12.292152,9
61715,-1.2531873,-2.6681778,1
61716,-3.1292288,8.941528,7
61717,5.9386535,7.6511664,8
61718,1.1174984,12.197768,7
61719,0.3235553,6.5552263,8
61720,0.7445388,14.968932,4
61721,-1.4493296,11.791044,7
61722,3.383201,0.6538446,2
61723,14.7285,7.4250264,0
61724,0.39606282,15.096402,4
61725,9.8616905,3.1826098,6
61726,15.635398,8.514107,0
61727,5.262891,4.0243225,3
61728,-2.065324,-3.9149227,1
61729,-2.857732,-0.53723913,1
61730,5.7794876,6.22858,3
61731,6.7789745,5.333543,3
61732,0.048542805,11.924058,9
61733,11.664272,6.381123,6
61734,-5.2924438,10.677997,7
61735,-0.029650109,12.947556,4
61736,-2.127137,-3.7354813,1
61737,6.403381,6.7684093,5
61738,6.3844147,5.193442,3
61739,14.624573,6.616673,0
61740,0.46252197,5.352942,8
61741,-3.2231624,9.647787,7
61742,6.43221,5.1375055,3
61743,0.32539058,11.542977,9
61744,10.695973,5.4309382,6
61745,-0.6453575,10.905,9
61746,6.8499126,6.1466017,3
61747,2.5536084,5.4040604,5
61748,16.49424,7.961909,0
61749,1.5442547,-0.8254253,2
61750,-3.4251215,10.969153,7
61751,-0.02939879,13.072279,4
61752,4.543687,7.2547045,5
61753,-1.4782112,-4.06394,1
61754,-2.435683,-2.5426013,7
61755,4.8769574,6.344937,5
61756,0.50796014,5.7098365,8
61757,14.574642,6.0428286,0
61758,0.9908428,7.4892507,8
61759,-1.049244,5.367678,8
61760,-1.733159,-3.0606284,1
61761,3.3335824,6.431267,5
61762,14.038688,6.8552012,0
61763,5.38962,5.028279,3
61764,14.454106,7.3370256,0
61765,5.937092,6.53734,3
61766,-3.8351872,0.7454916,1
61767,-0.1093466,12.984404,4
61768,15.298537,7.312685,0
61769,6.0264506,4.9064837,3
61770,-3.7050052,8.9676075,7
61771,2.0350418,-1.0008832,2
61772,2.8796618,12.141742,7
61773,-2.4683275,-2.1697671,1
61774,1.351231,5.95742,8
61775,14.313507,8.203072,0
61776,-3.486743,10.052856,7
61777,14.736375,7.6376414,0
61778,0.9174517,13.941105,4
61779,6.363541,5.605088,3
61780,-1.7843229,-1.5065215,1
61781,1.0514901,11.844189,9
61782,1.3293543,13.362528,8
61783,-4.8218727,11.879374,7
61784,-4.0794125,10.205924,7
61785,-0.49952826,-4.247076,1
61786,-1.504266,13.779861,4
61787,1.0831673,11.792265,9
61788,-0.11194235,12.095662,9
61789,6.422984,5.907314,3
61790,-5.301922,11.339199,2
61791,-2.5209534,-2.1178906,1
61792,-3.561862,11.0030575,7
61793,2.1649888,12.66367,9
61794,15.753705,7.170137,0
61795,3.4611356,-1.7087262,2
61796,14.980694,8.548757,0
61797,6.828693,5.9443564,3
61798,5.8756485,6.197054,3
61799,-4.099129,10.918965,7
61800,11.838086,5.7583137,6
61801,2.2670147,12.589251,9
61802,3.3495014,-0.9348585,2
61803,6.0746064,5.728439,3
61804,5.45843,5.133126,3
61805,-5.1171937,11.730744,7
61806,-3.470414,10.777399,7
61807,15.429868,8.82841,0
61808,16.69405,7.9820046,0
61809,-3.1707258,10.611798,7
61810,5.716811,7.661241,5
61811,3.7112157,-1.9555553,2
61812,1.304309,12.166706,9
61813,4.9936757,7.738784,8
61814,-4.179875,9.22656,7
61815,0.91909677,14.397302,4
61816,-0.33448517,13.957525,4
61817,2.0029716,0.012812124,2
61818,10.776104,4.60007,6
61819,11.132945,3.9169018,6
61820,-3.8975244,1.4816426,1
61821,1.1110115,12.024546,9
61822,10.6509075,5.383685,6
61823,0.8526116,7.1073785,8
61824,1.6664374,-0.68994904,2
61825,-0.21101123,12.038623,9
61826,15.329619,7.6851826,0
61827,1.426578,7.2811666,8
61828,6.361989,6.196496,3
61829,-2.3642423,-3.449558,1
61830,-3.0701885,-2.0582356,1
61831,11.149391,4.099076,6
61832,6.3567314,4.1878796,3
61833,4.4788604,6.9089613,5
61834,-2.454443,-2.4979866,1
61835,-0.9654166,-3.0473793,1
61836,-3.3011897,-2.106155,1
61837,6.2491617,5.379805,3
61838,-3.1456597,1.0318205,1
61839,1.396214,-0.4473502,2
61840,6.8642063,6.2792144,3
61841,14.177836,7.6093364,0
61842,1.925324,-0.5030422,2
61843,14.664558,6.4091854,0
61844,-2.9206784,-2.5192728,1
61845,5.4292665,5.1946435,3
61846,4.157716,7.2052765,5
61847,5.370417,7.7481894,5
61848,-4.260456,8.858227,7
61849,-1.7495197,15.205406,4
61850,0.74100316,7.5492454,8
61851,-0.56626105,12.1911745,9
61852,10.25862,3.322522,6
61853,1.2893571,11.770105,9
61854,11.411218,6.0520062,6
61855,1.3181725,7.52372,8
61856,5.450419,5.7770953,3
61857,11.084866,6.1511416,6
61858,11.000385,4.7009377,6
61859,-0.63408065,6.0034733,8
61860,4.4972115,6.817669,5
61861,-0.6706442,-4.026194,1
61862,0.682406,13.773272,4
61863,3.2147255,-1.1304828,2
61864,-0.3869555,13.817285,4
61865,-1.5139068,12.594768,4
61866,4.836816,7.423343,5
61867,-2.5148737,-2.782923,1
61868,-3.9729328,2.7208912,1
61869,0.60371786,12.268317,9
61870,15.586441,8.233837,0
61871,2.1852298,-0.34768417,2
61872,-0.060172275,13.886135,4
61873,0.9612035,12.093502,9
61874,4.7386823,7.6525226,5
61875,-4.8482485,11.958972,7
61876,-2.9225457,-2.459347,1
61877,0.35960472,6.035566,8
61878,6.350481,5.797792,8
61879,3.5813577,6.7638583,5
61880,11.428068,5.7358427,6
61881,-0.8877054,11.822428,9
61882,1.9560138,7.648724,8
61883,-4.9139514,12.37558,7
61884,-2.5484939,-1.9840976,1
61885,-4.1661744,1.670676,1
61886,10.379266,2.2428734,6
61887,-4.672622,11.670915,7
61888,9.8378105,3.194448,6
61889,6.7034035,6.111669,3
61890,2.8846867,-1.4076756,2
61891,3.4748356,-1.7929019,2
61892,14.818145,8.779278,0
61893,1.630786,7.2917957,8
61894,-1.38253,11.430967,9
61895,4.186932,-1.1581765,2
61896,5.292697,7.870275,5
61897,-3.014975,-2.1089065,1
61898,14.705749,8.675775,0
61899,1.4495131,7.7279506,8
61900,-3.737484,2.1492913,1
61901,-0.5640469,13.111251,9
61902,4.7972565,7.2138166,5
61903,-4.2409315,11.753287,7
61904,-0.784606,12.039353,9
61905,10.560171,4.344445,6
61906,-0.46647263,11.19398,9
61907,14.719638,6.8536224,0
61908,10.476207,3.2642949,6
61909,-2.5026972,-1.7590114,1
61910,4.6815186,7.267213,5
61911,2.8894029,6.4149384,5
61912,-0.015071154,5.3189535,8
61913,6.3800993,5.263413,3
61914,0.4464559,6.8704195,8
61915,1.7827502,-0.87588465,2
61916,10.14105,2.7489405,6
61917,4.0738864,7.55682,5
61918,15.053768,6.0910726,0
61919,-4.0316286,10.914797,7
61920,-0.7061976,12.849576,4
61921,11.763479,5.790923,6
61922,-3.2343338,-1.5765884,1
61923,6.785031,6.181502,3
61924,0.9977988,13.94788,4
61925,-4.1322064,11.141823,7
61926,6.3123083,6.5760374,3
61927,2.2308033,-0.696451,2
61928,5.3420863,5.768236,3
61929,-0.19860974,13.435606,4
61930,3.9199564,-0.77931464,2
61931,4.9589505,6.9833493,5
61932,3.1291518,-0.37016186,2
61933,-3.1940413,10.443944,7
61934,-0.93269205,-3.4456658,1
61935,-4.460177,10.4776945,7
61936,2.9553254,-1.6329657,2
61937,10.044631,3.2768035,6
61938,0.7608341,14.580836,4
61939,-1.0433795,-3.5748007,1
61940,2.5848808,5.4561644,5
61941,-4.7536807,8.5592375,7
61942,0.29748166,6.911274,8
61943,10.075893,2.63334,6
61944,16.256088,8.366457,0
61945,-2.8694139,0.16794114,1
61946,-0.10560234,5.9847546,8
61947,3.2508297,-0.6073795,2
61948,2.7328398,5.6998525,5
61949,-4.159591,8.844793,7
61950,-4.8907933,11.193933,7
61951,10.386841,4.1153564,6
61952,-0.92099446,11.981928,9
61953,5.5999846,5.28828,3
61954,4.7551165,7.6973343,5
61955,2.357496,-0.01851691,8
61956,-0.15112393,13.083488,4
61957,3.866463,-0.75953853,2
61958,0.62490094,14.374009,4
61959,14.780236,5.919838,0
61960,0.3622197,6.8721223,8
61961,0.10831123,5.5405583,8
61962,5.647537,4.9403286,3
61963,0.41667908,14.1856365,4
61964,-0.0929496,12.019865,9
61965,2.6239305,-1.3830961,2
61966,-5.3875384,10.319346,7
61967,4.0605917,6.932816,5
61968,-2.4962597,-2.0300982,8
61969,11.125956,4.5334854,6
61970,5.7767296,5.4982533,5
61971,10.79993,2.9533062,6
61972,15.229572,7.3281064,0
61973,2.3636048,7.0058036,8
61974,10.544876,4.296592,6
61975,-4.741892,10.305925,7
61976,5.875675,5.5784388,3
61977,11.1878395,6.221524,6
61978,0.6087737,14.416892,4
61979,1.2755885,11.987585,9
61980,-0.5731465,14.533808,4
61981,10.665012,4.431304,6
61982,10.704599,2.3659256,6
61983,6.486407,4.9278035,3
61984,15.008313,7.712047,2
61985,-0.4682975,13.583454,4
61986,-1.6134952,-3.9992857,1
61987,16.283342,8.460914,0
61988,-1.9362051,-3.8004332,1
61989,-0.17703977,12.949814,4
61990,10.949293,3.7296867,6
61991,3.1518114,-1.6436163,2
61992,-1.8263812,10.122036,9
61993,-4.2940764,2.2633667,1
61994,-2.2359197,-3.4508944,1
61995,14.894415,8.432784,0
61996,10.996202,4.766488,6
61997,5.6431303,5.261767,3
61998,0.3180193,11.931335,9
61999,4.2109046,6.990417,5
62000,10.474203,3.8031209,6
62001,4.0473237,7.279065,5
62002,10.967259,4.1186585,6
62003,3.6225781,6.462444,5
62004,0.9618693,7.2045326,8
62005,0.910731,14.763566,4
62006,10.988369,5.110973,6
62007,0.7885972,13.701693,4
62008,5.362456,5.25291,3
62009,1.9332775,12.299269,9
62010,-0.5615233,-4.201572,1
62011,4.9143662,5.579331,3
62012,-0.38266766,13.718545,4
62013,-0.6606929,-4.007737,1
62014,0.27080587,11.911697,9
62015,-1.0073004,-3.3996868,1
62016,-3.4576674,8.254424,7
62017,-2.2272477,-3.199397,1
62018,-1.2803103,-3.2932248,1
62019,-0.97537243,11.531628,9
62020,6.0276365,5.2984734,3
62021,3.3070993,6.5785375,5
62022,0.3051876,14.033565,4
62023,14.651575,8.643545,0
62024,-3.6893888,11.687158,7
62025,6.4166665,5.5982947,3
62026,10.806504,3.2623987,6
62027,-1.8986428,-3.3523736,1
62028,-3.976391,8.371814,7
62029,4.6598196,6.9413204,5
62030,3.708032,7.245187,5
62031,5.884299,5.790687,3
62032,5.7449937,5.5930395,3
62033,16.082052,6.9677644,0
62034,-1.867098,-3.9474804,1
62035,4.4116573,5.8660693,5
62036,-4.6903186,11.314123,7
62037,5.7342873,7.6491003,5
62038,0.5581051,6.492446,8
62039,11.5584,5.966373,6
62040,3.03306,6.4481173,5
62041,-2.0932097,-3.8250077,1
62042,14.792164,6.8775883,0
62043,-2.2709403,8.784919,4
62044,-4.1717663,8.640527,2
62045,5.8010354,5.169905,3
62046,-0.25080156,13.929828,4
62047,11.457723,3.3545768,6
62048,-5.0800824,12.267169,7
62049,0.41058135,12.193751,9
62050,0.5269186,7.121672,8
62051,-2.8140461,-0.37503096,1
62052,-1.7923124,15.209411,8
62053,-1.0401161,12.399913,4
62054,-1.3649548,10.053722,9
62055,3.4498963,-1.2115035,2
62056,0.7594409,6.239239,8
62057,11.782618,6.5597525,6
62058,2.1913366,-0.972844,2
62059,-3.5718787,11.022583,7
62060,14.637694,7.605686,0
62061,14.572534,6.2178044,0
62062,11.31708,6.1613584,6
62063,-2.929037,-2.6517751,7
62064,3.56538,7.1812096,5
62065,1.2215664,7.0515842,8
62066,10.5984745,4.0447826,6
62067,15.655125,6.049594,0
62068,1.967079,12.7712965,9
62069,6.861192,6.3179774,3
62070,-1.2476293,12.04142,7
62071,-0.9979799,-4.457327,1
62072,5.8846574,6.1757317,3
62073,5.5522885,7.4115644,5
62074,-0.86349386,15.09045,4
62075,6.72743,5.7091084,3
62076,5.6032815,5.6210985,3
62077,5.0697446,7.0138845,5
62078,3.650332,5.7021046,5
62079,9.874518,3.1077237,6
62080,5.244911,4.1756053,3
62081,15.092418,6.3521924,0
62082,1.6296756,-0.30633563,2
62083,6.766993,5.6391897,3
62084,1.5457717,14.547299,4
62085,1.6087054,-0.5697863,2
62086,5.110436,5.1538014,3
62087,15.567167,6.778892,0
62088,1.2275131,12.448407,9
62089,0.08097689,12.450956,9
62090,-1.0151505,12.561104,4
62091,-5.189909,12.072713,7
62092,1.9914724,-0.34354764,2
62093,-3.236019,1.2775829,8
62094,-0.7700026,13.504345,4
62095,-3.7790341,10.724928,7
62096,14.831317,7.195694,0
62097,10.70861,4.658866,6
62098,15.519807,7.935047,2
62099,1.6024302,7.8313737,8
62100,5.0820546,7.4409795,5
62101,2.355625,-0.6144016,2
62102,-0.22452441,5.943305,8
62103,3.2069948,6.6178894,5
62104,-4.747805,11.962198,7
62105,5.3539805,6.9178004,3
62106,15.800116,6.8626676,0
62107,6.02309,7.709938,8
62108,1.7799549,-0.5946218,2
62109,-3.8026514,11.278134,3
62110,1.6417928,-0.23580302,2
62111,1.0850161,6.964047,8
62112,3.0015733,-1.4187254,2
62113,4.1420555,6.913412,5
62114,4.2511396,7.008895,5
62115,-4.965568,11.9746475,7
62116,10.248102,2.5437658,6
62117,0.20613158,13.469718,4
62118,15.517892,8.437799,6
62119,-0.00038073355,5.38665,8
62120,-1.3698565,13.787414,4
62121,0.75836027,6.265301,8
62122,2.6139324,-0.84808975,2
62123,-3.9999115,8.610557,7
62124,0.49327412,14.824439,4
62125,4.3598967,7.118564,5
62126,2.7093272,-0.17791563,2
62127,15.636522,7.450841,0
62128,5.9501753,6.0333686,3
62129,4.4745975,-1.3453059,9
62130,-0.615299,10.8024025,4
62131,10.287731,4.9887924,6
62132,-3.7301655,10.821899,7
62133,2.1123729,-0.22087559,2
62134,2.7491095,5.644358,5
62135,-4.0351295,1.2775204,6
62136,-0.6918204,-4.2857437,1
62137,-2.1015396,-1.2669886,1
62138,1.5368896,-0.4710472,2
62139,6.9159083,5.21327,3
62140,11.666757,6.515175,6
62141,-4.117914,11.447569,7
62142,1.5303997,7.5441256,8
62143,-3.2321851,9.86674,7
62144,11.229756,6.0784926,6
62145,1.7294662,14.655501,4
62146,0.8920833,7.240629,8
62147,0.045214713,11.560455,9
62148,-0.07563073,13.032464,4
62149,-0.2940924,6.7876863,8
62150,10.769278,4.6191616,6
62151,6.53836,6.2040544,3
62152,1.2754883,6.290736,8
62153,6.475028,4.2643294,3
62154,-3.1269643,-1.3726381,1
62155,15.152757,7.4311857,0
62156,10.832552,4.522581,6
62157,2.3384979,-0.5222642,2
62158,2.719945,-1.1162437,2
62159,2.8588457,6.2935853,5
62160,10.254569,4.3921127,6
62161,0.9285177,11.538496,9
62162,4.849041,7.2541976,5
62163,1.2094274,7.124883,8
62164,-2.507073,-3.3701065,1
62165,-0.15318398,14.745675,4
62166,-0.6172948,-4.2958064,1
62167,-4.4069695,8.987691,7
62168,1.6148412,-0.6304655,8
62169,0.44063857,13.907909,4
62170,11.5507765,6.3050666,6
62171,-0.6646916,-3.8150396,1
62172,0.7546609,6.917743,8
62173,-0.27542832,14.487092,4
62174,5.783814,5.7088346,3
62175,-1.9633658,-1.5865616,1
62176,3.7161012,-1.223762,2
62177,6.2240295,6.263679,8
62178,15.780288,7.444372,0
62179,0.96761054,6.024294,8
62180,5.57508,7.464063,5
62181,1.6110518,12.504814,9
62182,2.0941403,-1.0246058,1
62183,0.9148871,14.761263,4
62184,3.0393445,-0.31536856,2
62185,14.008157,6.0648026,0
62186,4.561109,-1.8557585,2
62187,-4.11078,10.272746,7
62188,14.120897,7.1114945,0
62189,-2.8476453,8.648248,9
62190,14.89678,5.9866786,0
62191,1.6597333,-0.36278495,2
62192,5.5565147,6.984663,5
62193,-3.9514196,8.201742,7
62194,11.032174,3.6111255,6
62195,-4.9498205,8.8828945,7
62196,-0.33019277,11.830347,9
62197,-1.3821104,13.101144,4
62198,2.4552903,-1.0657513,2
62199,10.501568,2.2278495,6
62200,2.8931239,-0.12584618,2
62201,1.6164716,14.1661625,4
62202,-1.5088,13.617106,4
62203,1.2274408,7.2448173,8
62204,14.627493,6.1621146,0
62205,-1.1220509,14.439025,4
62206,-0.020360585,13.446002,4
62207,3.3074281,6.636263,5
62208,1.2906619,6.723793,8
62209,15.134349,5.9109774,0
62210,10.514271,4.445984,6
62211,0.9811708,7.124066,8
62212,-0.2423797,11.122256,9
62213,0.70750415,6.8897204,8
62214,5.893631,7.1798177,5
62215,11.810136,4.9553094,6
62216,0.9932958,12.1903715,9
62217,15.124457,8.592384,0
62218,-0.361605,13.486943,4
62219,0.48163608,7.343411,8
62220,-5.020677,10.276961,7
62221,-4.095441,1.3600581,1
62222,6.9052963,6.004739,3
62223,-0.9215242,14.25309,4
62224,10.835508,5.159642,5
62225,1.2688588,6.5057106,8
62226,14.697564,6.630591,0
62227,1.1807779,11.928265,9
62228,-3.38968,-1.2096071,1
62229,5.285869,5.8301105,3
62230,6.5786033,4.6847124,3
62231,11.557564,5.2780113,6
62232,-0.57682383,11.077595,9
62233,1.3255935,7.7603145,8
62234,-3.6672943,9.919542,7
62235,-4.0562925,1.6594211,1
62236,14.728389,7.718922,0
62237,2.148331,7.6848874,5
62238,-3.6968331,10.043186,7
62239,-2.7031655,-1.7663566,1
62240,-5.0355463,12.020205,7
62241,2.8983424,5.096197,5
62242,2.106091,-0.60401064,2
62243,-4.2648273,10.9871855,7
62244,-0.88197696,11.049827,9
62245,-1.5132025,-1.7992915,1
62246,0.91949856,6.26844,8
62247,4.700961,7.592529,5
62248,2.5087433,-1.2914642,2
62249,0.71631116,14.47508,4
62250,-1.7076709,10.459557,9
62251,1.4202237,14.242458,4
62252,-3.5696144,10.337127,7
62253,4.6486673,-0.7250179,2
62254,4.5043626,-1.4324963,2
62255,5.6418037,5.548007,3
62256,1.4112844,14.618142,4
62257,1.0838475,12.408279,9
62258,-2.8348188,0.4725274,1
62259,1.7945555,12.766093,9
62260,3.711519,-1.627143,2
62261,-3.3775349,0.474461,1
62262,-3.6953099,10.162555,7
62263,2.084092,12.584266,9
62264,0.98263735,14.424169,4
62265,-0.40176928,13.377068,4
62266,-0.6299083,-3.6345828,1
62267,11.354383,4.240937,6
62268,-5.2524786,9.863615,7
62269,1.4916432,-0.33494478,2
62270,-4.005543,9.4270315,7
62271,0.6541578,6.8966,8
62272,5.882373,7.5375576,8
62273,-3.5721579,-0.446385,1
62274,0.30756497,11.88636,9
62275,-4.275999,10.653811,7
62276,-1.2182915,-3.837608,1
62277,-3.5433514,-1.0810783,1
62278,-4.3631024,10.254805,7
62279,5.5644193,7.4467974,5
62280,6.6617756,5.9779687,3
62281,6.2206926,5.34248,3
62282,4.4985213,6.5535293,5
62283,-2.7613585,-2.5298302,1
62284,5.7714825,6.2199287,3
62285,-4.586141,10.811728,7
62286,11.318963,6.0917053,6
62287,-1.4010293,-4.003203,1
62288,6.6100335,6.7105474,3
62289,0.50343984,6.8792515,8
62290,-3.2850602,10.306152,7
62291,4.978951,7.106566,5
62292,1.2218874,12.253315,9
62293,11.754574,5.8589373,9
62294,14.952585,8.735921,0
62295,14.735455,8.561759,0
62296,2.2663176,-0.5658325,2
62297,1.4206849,7.0625253,8
62298,0.7593928,5.648583,8
62299,-3.9455016,8.557757,2
62300,6.061188,6.5089083,3
62301,-3.6439376,9.901022,7
62302,-3.569228,-1.2065233,1
62303,6.5408335,5.216112,3
62304,15.21967,8.490936,0
62305,5.7992043,3.9431489,3
62306,-1.1262684,14.207641,4
62307,-1.1254636,13.801352,4
62308,5.87382,4.5744853,3
62309,0.8795016,6.28595,8
62310,0.37115225,12.092911,9
62311,2.9012341,-0.97681475,2
62312,5.3530545,4.980236,3
62313,1.0825847,12.593066,9
62314,-4.1650352,8.249006,7
62315,-2.6004455,-3.4080908,1
62316,-2.0474966,-3.7368503,1
62317,-4.8078117,11.993994,7
62318,14.581169,7.1619263,0
62319,0.83106905,14.924388,4
62320,0.33946586,12.70694,9
62321,11.165515,5.771239,6
62322,4.959902,7.444836,5
62323,1.0790191,12.122571,9
62324,-2.0815573,-2.9256191,1
62325,-2.3193946,-3.6567235,7
62326,15.255682,7.2799306,0
62327,1.8017242,-0.78227305,2
62328,15.695115,7.497656,0
62329,16.31303,7.3453655,0
62330,0.44803536,14.419496,4
62331,10.936482,5.6752496,6
62332,-4.5761104,10.891692,7
62333,15.187985,6.964323,0
62334,-4.122808,8.384009,7
62335,-1.9612662,-3.4518094,1
62336,-0.75157714,14.805241,4
62337,11.651167,6.4442,6
62338,1.43381,14.556355,4
62339,1.1119033,7.2801576,5
62340,0.13373053,14.9826975,4
62341,1.9183891,12.283334,9
62342,1.5107545,12.816318,9
62343,-2.226478,-1.4236418,1
62344,-4.721088,11.958405,7
62345,-0.4661285,11.526123,9
62346,4.133285,7.403277,5
62347,6.367787,5.0395274,3
62348,5.038556,5.1999254,3
62349,0.44210234,7.034072,8
62350,3.7180479,-0.8216212,2
62351,7.092646,5.7236896,3
62352,11.252233,6.0996304,6
62353,2.5459185,-0.25114366,2
62354,2.0448732,-0.24776293,2
62355,-2.4033787,-1.9304966,1
62356,-1.1401103,-4.024357,1
62357,-2.1467564,-1.0410371,1
62358,-2.232532,-2.3091612,1
62359,-1.9408629,-1.559423,1
62360,10.946733,5.9159856,6
62361,-1.7764976,10.273914,9
62362,-0.015709825,5.343913,8
62363,-0.43262026,14.827149,4
62364,6.324035,5.737105,3
62365,-5.0971904,9.053468,7
62366,-2.998578,-2.2741773,1
62367,10.098975,3.6452467,6
62368,0.037397847,13.79784,4
62369,5.115251,7.753006,5
62370,14.450195,8.477985,0
62371,1.8332713,12.721098,4
62372,-4.317839,11.308528,7
62373,-0.7532543,14.059271,4
62374,1.4909157,-0.6266246,2
62375,1.717987,14.3328495,4
62376,15.984321,7.015362,0
62377,-4.0647097,8.316659,7
62378,14.39155,8.500244,0
62379,-2.3052847,-2.732741,1
62380,2.1114964,12.309222,9
62381,0.3208632,7.0806766,8
62382,0.80599356,5.9809694,8
62383,10.631386,4.3487864,6
62384,14.228436,6.811015,0
62385,16.70412,7.24256,0
62386,0.024728281,13.518789,4
62387,-1.2186548,-4.1402645,9
62388,10.455601,3.2849126,6
62389,1.4704772,7.6172056,8
62390,1.6206983,-0.4731791,2
62391,3.764278,-0.9155263,2
62392,6.134978,5.878797,3
62393,5.8810616,7.3695908,8
62394,1.4633241,13.017319,4
62395,6.043467,3.9122803,8
62396,4.6959867,-0.99611187,2
62397,1.4297241,-0.5053376,2
62398,-1.1548448,-3.5437217,1
62399,-4.4289365,10.688268,7
62400,5.913451,7.500454,5
62401,-0.015373163,14.570627,4
62402,0.33041266,13.960881,4
62403,14.372921,7.306861,0
62404,-0.1784678,13.020511,4
62405,6.8618937,5.6886744,3
62406,-2.5173008,9.242771,9
62407,-4.7841434,11.669948,7
62408,5.5642905,7.2473917,3
62409,-3.2380466,0.20552394,1
62410,14.340664,6.4946923,0
62411,-1.4199059,-2.3615377,1
62412,2.7120998,-0.5457751,2
62413,5.9889536,7.523896,5
62414,-1.6130495,11.355869,9
62415,3.2449985,-0.8257203,2
62416,-2.374616,-2.9426072,1
62417,16.424925,7.5996075,0
62418,-3.7066748,-0.42502826,1
62419,1.1036189,6.209082,8
62420,1.3735498,11.671285,9
62421,-1.3662192,-4.137539,1
62422,10.912691,6.25508,6
62423,1.0080588,7.617511,8
62424,6.526643,4.750418,3
62425,1.5353477,7.574482,8
62426,-0.101675235,12.652305,9
62427,5.3609724,5.6507945,3
62428,10.577894,4.2057447,6
62429,1.6989018,-0.6610408,2
62430,2.310219,7.0317197,8
62431,6.966908,4.4814763,3
62432,1.7670561,-0.56195587,2
62433,2.2138162,-0.60997933,2
62434,-1.5285836,-3.484493,1
62435,14.9703665,8.294454,0
62436,1.7338191,14.30673,4
62437,-3.7414784,1.6401868,2
62438,-1.224972,11.721531,9
62439,1.9934273,0.04470557,2
62440,0.3794055,14.899218,4
62441,5.0341873,5.4052134,3
62442,-4.430065,9.705128,7
62443,0.16515717,11.726908,9
62444,-2.3800678,-3.685173,1
62445,3.1820328,6.7128215,5
62446,2.0800097,-0.19051659,2
62447,-1.1382209,11.975023,4
62448,-0.57180905,10.936961,9
62449,14.332795,5.956557,0
62450,6.4145446,5.9898896,3
62451,0.7335407,7.2020035,8
62452,5.226601,7.6921043,5
62453,5.2680655,4.7268734,3
62454,10.507406,5.211674,6
62455,16.523754,7.4256268,0
62456,-1.0670663,11.818473,9
62457,-1.6275961,14.244435,4
62458,10.820838,4.5466623,6
62459,2.7509687,-0.92160076,2
62460,3.5745041,7.3268843,5
62461,14.427936,6.212553,0
62462,4.3252883,-1.4935514,2
62463,-3.7466428,10.0582485,7
62464,1.4077477,14.229838,4
62465,11.1775255,5.213533,6
62466,11.015833,5.469133,6
62467,0.88145965,6.942643,8
62468,10.754831,5.4880185,6
62469,10.80288,5.180884,6
62470,0.8500247,7.44377,8
62471,10.4883795,5.2623687,6
62472,-1.2281667,11.262973,9
62473,-1.3194708,-3.0703602,1
62474,-3.4553115,9.08094,7
62475,1.6034456,-0.2734596,2
62476,5.3715067,7.8471594,5
62477,-0.060689747,11.118069,9
62478,1.0410451,12.540781,9
62479,14.802387,7.519159,0
62480,-3.70403,9.000517,7
62481,1.8683609,-0.5476638,2
62482,-4.264062,10.753012,7
62483,10.706034,4.7884383,6
62484,-4.247362,10.408689,7
62485,14.643739,8.687183,0
62486,10.910924,5.172398,6
62487,2.9456522,5.7440515,5
62488,-1.4588416,13.555404,2
62489,1.3883084,14.600035,4
62490,-4.040168,9.198516,7
62491,3.0731375,-1.3991687,2
62492,16.025505,7.133428,0
62493,0.12567282,11.948884,9
62494,1.0657166,11.993594,9
62495,3.687284,-0.76156044,2
62496,3.6189675,0.044401746,2
62497,-0.70340896,10.555176,9
62498,1.0569707,14.453771,4
62499,0.9444233,13.996298,4
62500,2.2202413,-0.08679279,2
62501,6.7743225,4.2939606,3
62502,6.174254,6.3801365,3
62503,4.227419,-1.4125761,2
62504,-0.8840051,-4.507015,1
62505,-5.016781,11.972539,7
62506,14.464002,6.980775,0
62507,-3.2931435,8.967448,7
62508,10.282649,5.001696,6
62509,-0.97658753,15.097926,4
62510,-4.036024,0.6130171,1
62511,6.399831,5.410817,3
62512,1.8786331,7.0728784,8
62513,-3.1783633,9.726297,7
62514,0.17446965,13.571198,4
62515,4.527624,6.650961,5
62516,1.4882717,11.752919,9
62517,2.291275,-0.114952214,2
62518,4.237818,7.241742,5
62519,-3.1678455,-2.401921,1
62520,1.4724599,6.7234116,8
62521,-5.2387433,9.847401,7
62522,5.839189,6.1930423,3
62523,-4.3208466,11.338185,7
62524,-3.3864138,-1.1199737,1
62525,3.8375592,6.345619,5
62526,5.322157,7.1985397,5
62527,14.726432,6.654389,0
62528,0.32361433,11.827761,9
62529,-2.7212267,-1.2213326,1
62530,-0.23445395,13.491556,4
62531,15.063014,8.1554985,0
62532,9.673405,3.224652,6
62533,-0.43497705,-4.387391,3
62534,5.722896,6.949836,3
62535,11.689041,6.4552007,6
62536,15.780764,7.69726,0
62537,-0.72344315,13.770267,4
62538,0.12460477,11.228113,9
62539,-4.080367,9.929351,7
62540,5.9592514,7.590842,5
62541,-2.1419117,-3.6034286,1
62542,11.848249,4.948614,6
62543,-0.4207323,5.188164,8
62544,-1.0336753,11.409788,9
62545,4.097533,7.034768,5
62546,2.872088,6.5162754,5
62547,-3.5029771,10.76412,7
62548,-0.8215247,10.637612,9
62549,5.2788725,4.6696935,3
62550,1.581817,6.772308,8
62551,5.202297,5.099689,3
62552,0.98929065,7.3868246,8
62553,-2.8520892,-2.187392,1
62554,3.3081594,5.205449,5
62555,6.7992306,5.2285786,3
62556,4.5777683,7.7201796,5
62557,14.744967,6.397287,0
62558,4.2304664,6.5097103,5
62559,5.1753035,6.574592,5
62560,6.8156753,6.113583,3
62561,0.033556536,6.298036,8
62562,10.768416,2.7547934,6
62563,-3.9775333,10.567841,7
62564,-3.1701057,9.03004,7
62565,-4.954835,11.976604,7
62566,5.175436,4.761943,3
62567,-4.3140726,10.595148,7
62568,14.48862,8.660151,0
62569,5.3715987,7.496575,5
62570,0.07835937,11.250362,9
62571,14.360523,5.965668,0
62572,3.6611116,-1.2538592,2
62573,3.583257,6.210739,5
62574,5.7630816,7.3957253,5
62575,5.2262616,5.7696857,3
62576,-2.5791483,-3.5328777,1
62577,-3.900289,10.47547,7
62578,-3.1833322,8.885352,7
62579,0.49245805,7.0613847,8
62580,10.475743,3.7262068,6
62581,2.893356,5.750247,5
62582,-3.5321236,9.279516,9
62583,5.5096173,5.719529,3
62584,0.24319057,7.068197,8
62585,0.7815848,11.724608,9
62586,4.3887753,6.5613885,5
62587,6.0337334,6.819579,3
62588,-5.191536,12.287224,7
62589,0.688593,10.996393,9
62590,-2.2196712,-2.2813675,1
62591,-3.7520888,10.23754,7
62592,15.509463,7.1562834,0
62593,15.111537,7.3494973,0
62594,6.7975435,5.926868,3
62595,-4.963865,11.50036,7
62596,3.1427855,-1.1142998,2
62597,5.003325,6.167987,5
62598,0.1778416,5.345152,8
62599,-1.5359874,-2.7756197,1
62600,1.1680768,7.0680847,8
62601,11.138177,4.808653,6
62602,2.527485,-0.92841506,2
62603,-0.5869158,11.671721,9
62604,5.5261836,7.0646195,5
62605,-4.73671,11.660254,7
62606,4.835676,6.8142524,5
62607,-3.78835,2.0325763,7
62608,0.5414188,6.503065,8
62609,11.114267,6.1208043,6
62610,1.3899221,-0.5245553,2
62611,3.1457384,6.2275248,5
62612,-0.94057554,-4.177953,1
62613,1.1696006,14.402688,4
62614,1.1117088,6.4329467,8
62615,-1.1203985,14.4759,4
62616,4.937712,7.4623094,5
62617,0.117092334,6.2732787,8
62618,6.746527,4.8927383,3
62619,15.42541,6.4549947,0
62620,10.669645,2.6772072,6
62621,4.0940123,-1.2609766,2
62622,-3.5853846,11.180213,7
62623,5.5780034,5.546772,3
62624,5.3399167,5.7248874,3
62625,2.0786684,-0.64272,2
62626,-2.0177774,-2.469708,1
62627,15.013952,8.025848,0
62628,-3.279501,9.971928,7
62629,5.8165965,5.8548594,3
62630,1.360509,14.489586,4
62631,14.047885,6.211398,0
62632,5.9136634,6.1542034,3
62633,-1.2758793,10.424918,9
62634,6.6541386,5.217466,3
62635,3.2972343,0.583663,2
62636,5.7020373,7.7042465,8
62637,2.1336854,12.503633,9
62638,15.25186,8.854767,0
62639,5.658392,5.2228127,3
62640,0.5915967,6.0806785,8
62641,15.547708,8.80948,0
62642,-4.144215,11.046944,7
62643,10.8552065,3.8576152,6
62644,3.6994953,6.3221903,5
62645,0.1420591,14.068954,4
62646,-3.6368694,10.50841,7
62647,5.925891,5.205097,3
62648,14.925001,6.087228,9
62649,16.204752,7.488324,0
62650,0.45832437,6.827544,8
62651,10.42575,2.9609625,6
62652,1.9838378,-0.69328946,2
62653,3.688634,6.7320848,5
62654,-1.1882915,-3.5334942,6
62655,-3.4469302,-0.29673207,1
62656,14.15623,7.7063627,0
62657,14.537679,7.664242,0
62658,-0.35980973,13.177621,4
62659,-1.7922728,13.969688,4
62660,14.314673,7.209506,0
62661,-3.1768186,-1.4696527,1
62662,3.8954637,-1.4648081,2
62663,5.8494277,6.289451,3
62664,2.318317,0.1038554,2
62665,-3.1826181,10.409946,7
62666,-4.30954,10.341449,7
62667,0.35645908,6.657253,8
62668,5.181028,7.6717134,5
62669,3.0495772,-1.1545812,2
62670,5.883077,7.527644,5
62671,-4.254779,8.338455,7
62672,10.778468,4.650822,6
62673,0.70244676,12.332385,9
62674,-0.7002937,-3.647833,1
62675,0.6293731,13.806946,4
62676,-3.4231727,-1.3157773,1
62677,10.711563,3.0105422,6
62678,-0.009925165,13.404083,4
62679,3.316913,-1.5775659,2
62680,0.36555195,14.50937,4
62681,5.838836,3.9443521,3
62682,3.6912878,5.8548584,5
62683,-0.12141896,13.696809,4
62684,6.3802385,6.6320295,3
62685,0.5053975,12.512762,9
62686,5.500132,7.691853,5
62687,14.818694,8.269319,0
62688,-1.5296662,-3.6039107,1
62689,5.0734334,6.5572677,5
62690,4.948784,5.2672915,3
62691,1.1873767,7.1833954,8
62692,0.3032284,12.237443,9
62693,-2.710529,-1.2409313,1
62694,-0.05536619,11.962606,9
62695,-5.4460106,12.100966,7
62696,1.215784,11.913289,9
62697,3.4536788,7.2670336,5
62698,3.3571308,6.4646573,5
62699,3.003779,-1.2097678,2
62700,-4.095595,11.706907,7
62701,-0.37233564,14.174883,4
62702,11.64826,5.977817,6
62703,15.3567505,8.808297,0
62704,-1.1401143,-2.8609881,1
62705,-1.023368,-3.2519052,1
62706,-1.702631,-3.5986476,1
62707,15.043338,7.2759824,0
62708,0.16128963,13.133923,4
62709,-0.3271769,12.89756,4
62710,-4.1114225,11.683472,7
62711,11.605654,6.516923,6
62712,6.674908,5.375359,3
62713,15.141445,5.781082,0
62714,15.331413,7.9847836,0
62715,-1.0262767,12.881175,4
62716,6.64994,5.5453763,3
62717,14.579896,7.2335305,0
62718,10.817377,4.598587,6
62719,-2.9590194,-0.019029802,1
62720,-1.3529638,11.43509,9
62721,10.829403,5.5336347,6
62722,-0.57885444,-4.024739,1
62723,6.6023116,6.038287,3
62724,1.3249522,6.236307,8
62725,-3.3107464,-0.5949347,1
62726,4.0258374,-1.4600426,2
62727,4.6225386,7.1060667,5
62728,11.719274,6.44178,6
62729,3.0793116,-1.1448681,2
62730,-1.7303624,13.622709,7
62731,5.8404546,5.386213,3
62732,9.866052,3.7141232,6
62733,15.10134,5.9827423,0
62734,-3.5018244,0.91467285,1
62735,0.3579765,11.628013,9
62736,-3.9138434,8.573158,7
62737,10.878148,5.259241,6
62738,11.22711,5.8536263,6
62739,0.8177753,6.999344,8
62740,-1.92194,10.312272,9
62741,3.2744327,-1.3355657,2
62742,1.611378,12.42675,9
62743,3.1729538,6.6072435,5
62744,0.20206727,7.143466,8
62745,6.098457,5.494705,3
62746,-3.9559822,0.73798156,1
62747,14.698429,7.733003,0
62748,14.039619,7.0229297,0
62749,-5.3178825,12.106737,7
62750,10.323034,2.3569653,6
62751,11.046567,3.9034564,6
62752,4.3600974,-1.234619,2
62753,-4.2133045,1.75946,1
62754,11.524954,5.774119,6
62755,-0.3851837,11.914856,9
62756,6.801844,6.4297113,3
62757,-1.5529947,-3.4673152,1
62758,6.025467,6.8172913,8
62759,10.631244,5.0572233,6
62760,-2.196651,9.653668,9
62761,14.806424,6.8773108,0
62762,10.534931,4.879662,6
62763,14.372564,7.1547823,0
62764,14.718306,6.3671336,0
62765,14.776427,7.248862,0
62766,10.935072,5.617147,6
62767,6.594513,5.5563655,3
62768,3.8879192,7.1457486,5
62769,-1.3311433,11.110824,9
62770,3.0956328,0.83539253,3
62771,-0.34415007,12.927953,4
62772,2.5870397,4.9368587,5
62773,3.9774485,7.165138,5
62774,1.009698,6.7083387,8
62775,4.2286935,7.2538095,5
62776,5.124942,5.205828,3
62777,15.147118,6.8266053,0
62778,0.13065594,13.89688,4
62779,14.652165,8.614776,0
62780,4.1390295,-1.9283974,2
62781,0.9690176,12.106142,9
62782,11.121346,4.3526654,6
62783,0.6002808,6.1129975,8
62784,2.8408635,-1.3462698,2
62785,5.9224787,5.470237,3
62786,-1.1790026,-2.4839408,1
62787,3.6105125,-1.8629653,2
62788,-2.9365845,-2.0484865,1
62789,-3.76545,2.0548625,1
62790,3.16285,6.7180734,5
62791,11.68562,4.972302,6
62792,0.41669413,12.06144,9
62793,-0.19989865,6.3291235,8
62794,14.202596,6.777684,0
62795,10.942162,5.386757,6
62796,10.28802,4.1919475,6
62797,4.946098,7.461156,5
62798,3.668728,6.78392,5
62799,6.4693136,5.074272,3
62800,1.0785518,6.485109,8
62801,11.736592,5.782231,6
62802,4.3210044,-1.706926,2
62803,-1.675399,-3.6362536,1
62804,-0.11997169,13.857155,4
62805,3.0881515,6.6674848,5
62806,0.24200821,13.806173,4
62807,6.634858,5.0574384,3
62808,-3.851965,11.2026005,7
62809,1.328382,7.2499013,8
62810,5.986296,6.7768025,5
62811,16.23495,8.665601,0
62812,0.39860046,12.134216,9
62813,6.8300934,6.1411815,3
62814,4.942679,7.4813275,5
62815,-0.45947784,-4.332014,1
62816,-3.3028991,-0.07588664,1
62817,15.761047,7.25007,0
62818,-1.4261378,15.2247095,4
62819,-0.6135218,14.296444,4
62820,-3.4573817,10.867286,7
62821,14.910334,6.5065827,0
62822,-1.7719716,-3.4626904,1
62823,-3.7805846,11.063547,7
62824,14.553122,6.602456,0
62825,-0.7430409,-4.089301,1
62826,11.684027,6.1635094,6
62827,-2.392659,-3.674699,1
62828,-1.061651,15.015667,4
62829,4.514744,7.1976676,5
62830,11.404096,6.2981653,6
62831,10.9955015,3.5593038,6
62832,4.421251,6.4787784,5
62833,-5.3640866,11.911644,7
62834,5.6411386,7.577216,8
62835,-0.36390084,13.431063,4
62836,1.2919571,13.8377075,4
62837,-4.7401505,9.684187,7
62838,1.6580595,-0.32303506,2
62839,4.2686853,7.703357,5
62840,5.9582553,5.0904436,3
62841,-3.7224061,11.204326,7
62842,14.98031,8.526759,0
62843,-4.027784,8.378217,7
62844,-4.2282195,10.578208,7
62845,0.07032773,11.016269,9
62846,10.489806,4.667797,6
62847,-0.5278729,13.028527,4
62848,2.6490037,-0.48153237,2
62849,0.08066263,6.633053,8
62850,5.5122404,6.812202,5
62851,-4.815483,12.221316,7
62852,1.2434236,6.5099864,8
62853,5.2828617,5.1821833,3
62854,-1.3658135,10.519765,9
62855,2.7921395,5.2238398,5
62856,0.7847096,6.84662,8
62857,0.95632684,11.554245,9
62858,1.2169226,12.689681,9
62859,0.9529568,6.8194375,8
62860,10.704283,4.3906384,6
62861,2.444801,-0.15541455,2
62862,0.51118916,6.2188125,8
62863,-0.79023165,12.5240135,9
62864,2.4924998,-0.87499875,2
62865,5.7188554,5.762479,3
62866,10.3217,5.061263,6
62867,-2.7211592,-3.2651098,1
62868,-1.5508958,-3.3631818,1
62869,-0.48978904,5.5785313,8
62870,0.89412266,11.659617,9
62871,5.598024,4.423999,3
62872,0.6969519,14.566985,4
62873,14.754583,7.3620405,0
62874,-4.251901,10.351182,7
62875,-0.78808033,10.9715395,9
62876,11.223101,4.875057,6
62877,0.075480044,13.201645,4
62878,-1.501895,-2.7364366,1
62879,-1.4952638,13.966259,4
62880,-3.3098342,-1.6651242,1
62881,6.893673,5.1684647,3
62882,1.567798,14.038174,4
62883,-0.8572111,10.333519,9
62884,6.4948483,5.1289835,3
62885,-2.6195195,-0.520424,1
62886,0.1508336,13.688613,4
62887,-3.9667764,10.159283,7
62888,-3.3506317,9.282295,7
62889,1.1945467,14.862658,4
62890,-3.9247487,10.311147,7
62891,2.7072575,-0.77513075,2
62892,1.3256338,11.785838,9
62893,6.8629065,6.3429394,3
62894,14.195348,8.147548,0
62895,1.0218852,6.6234245,8
62896,14.010004,7.849116,8
62897,-0.44386047,5.6904006,8
62898,-0.38448548,13.433412,4
62899,14.262865,7.650307,0
62900,0.055407774,13.340094,4
62901,-0.7518743,12.622731,4
62902,-0.56632614,-4.1872926,1
62903,4.8144164,7.411158,5
62904,3.704684,-1.3320366,2
62905,1.4235599,7.6421075,8
62906,6.27448,6.2727365,3
62907,-0.081241556,13.039507,4
62908,1.4577922,12.3269615,9
62909,4.0357027,6.192277,5
62910,3.1220217,-1.3051531,2
62911,-0.14231776,5.1106577,8
62912,-2.755777,-3.117928,1
62913,4.7302604,7.1633997,5
62914,4.8804336,4.9819026,3
62915,-3.6894789,11.269865,7
62916,-1.1154053,11.864014,9
62917,0.1998982,13.311631,4
62918,4.305641,-1.3824241,2
62919,3.7441819,7.5967884,5
62920,11.175521,6.1635666,6
62921,6.5840516,4.607385,3
62922,3.826097,6.9555097,5
62923,-1.0755672,11.761382,9
62924,5.9169626,6.324389,3
62925,2.4108398,4.512758,5
62926,0.035610385,12.034294,9
62927,3.5455284,0.45238903,3
62928,-2.4484944,-0.48411614,1
62929,2.0056171,12.735468,9
62930,2.5715568,5.3022957,5
62931,5.286721,4.646827,3
62932,15.021303,8.864392,0
62933,10.758382,4.9088387,6
62934,0.6910236,12.517922,9
62935,0.6693567,6.9728403,8
62936,1.4798764,14.453174,4
62937,15.450985,5.832789,0
62938,-1.6297852,14.054832,4
62939,2.0327992,12.608163,9
62940,2.3068714,-0.18735063,2
62941,0.4157775,11.737087,9
62942,14.28695,7.2828784,0
62943,-1.2289823,-2.8739479,1
62944,14.735319,6.622417,0
62945,5.550975,4.5591564,3
62946,-3.931206,2.276069,1
62947,10.212397,3.8335075,6
62948,4.9572062,7.6243377,5
62949,0.27129012,6.1145773,8
62950,-2.5072775,-2.364731,1
62951,4.4890313,6.636008,5
62952,5.1245604,6.7338223,3
62953,4.16049,6.8136315,3
62954,16.285637,6.6079707,0
62955,6.117273,3.973526,3
62956,4.6584134,7.2597857,5
62957,2.5916653,4.6499844,5
62958,-0.537252,11.255734,9
62959,3.6157768,0.16059044,2
62960,0.8219475,7.264387,8
62961,-3.4383297,10.897332,7
62962,14.39115,6.402976,0
62963,1.114735,14.786999,4
62964,0.12827197,12.0035095,9
62965,-3.0109398,-2.4615042,1
62966,0.5205534,12.113062,9
62967,-4.094514,10.667517,7
62968,-4.4226155,10.029751,7
62969,2.5395381,4.609144,5
62970,5.7306232,7.3589973,5
62971,2.418836,-0.30501878,2
62972,16.34157,7.384597,0
62973,0.8634236,11.577335,9
62974,-2.1596603,-0.9103736,1
62975,-0.6558744,6.018738,8
62976,10.930517,4.7062373,6
62977,1.9964942,-0.08987056,2
62978,5.717307,4.5660505,3
62979,-0.7247995,11.9176035,9
62980,11.113554,5.895831,6
62981,4.207116,-1.3214155,2
62982,-2.235169,-3.1344316,1
62983,0.87650466,12.188231,9
62984,-2.4430392,-3.370593,1
62985,5.666712,5.562716,3
62986,3.9814968,6.37327,5
62987,4.007108,6.6405053,5
62988,14.3815565,7.208084,0
62989,5.6772523,4.769547,3
62990,0.5553158,7.715175,8
62991,5.9352055,6.044929,3
62992,6.293154,4.8109837,3
62993,-3.9974098,9.061547,7
62994,10.233412,4.8045173,6
62995,9.911146,3.5495431,6
62996,14.869999,8.712166,0
62997,-2.354652,-3.4449852,1
62998,0.6438385,13.344806,4
62999,14.198143,7.333345,0
63000,10.159307,4.0727863,6
63001,-0.3695715,11.311954,9
63002,0.9598669,6.782043,8
63003,-1.6247671,-3.739259,1
63004,2.9862902,-0.06246909,2
63005,-2.1472585,-2.804021,9
63006,0.52927184,11.998304,9
63007,3.127742,6.001703,5
63008,-0.07505259,11.661627,9
63009,-3.5351956,9.181551,7
63010,5.330061,5.8527513,3
63011,-5.330836,12.207749,7
63012,-0.24176602,6.1800323,8
63013,15.216044,8.49643,0
63014,-2.3439572,-2.987253,1
63015,5.739814,5.555669,3
63016,15.693535,8.679685,0
63017,-0.5811868,13.69446,4
63018,10.864253,2.724591,6
63019,-3.5027788,-1.132239,1
63020,14.507909,8.572902,0
63021,2.8733346,-1.747844,2
63022,3.353817,6.382917,5
63023,1.6748203,7.0778074,8
63024,1.3985132,14.729349,4
63025,0.5201022,14.171167,4
63026,-3.594073,1.3695881,1
63027,-1.836059,-1.357167,1
63028,3.5426087,5.6087184,5
63029,-0.50365347,14.204244,4
63030,10.291954,5.0428734,6
63031,11.658521,6.528999,6
63032,15.134975,6.8803134,0
63033,11.442235,6.306114,6
63034,0.5584816,11.683076,9
63035,4.4126296,-0.560069,2
63036,11.123662,4.953338,6
63037,3.5722046,-1.7867157,2
63038,-4.3929725,12.008042,7
63039,-1.6129143,-4.200451,1
63040,-3.9045277,9.889674,7
63041,0.3025488,12.04243,9
63042,-1.2169503,15.11461,4
63043,14.317371,7.9276586,0
63044,14.492631,7.7937837,0
63045,6.13549,6.249074,3
63046,1.5762146,7.3651915,8
63047,1.8157556,-0.12337757,2
63048,3.6149185,-1.7390167,2
63049,6.346478,4.595911,3
63050,-1.7607975,-1.9298109,1
63051,10.741739,2.3674603,6
63052,14.678095,7.2546105,0
63053,4.2134314,7.4184604,5
63054,-4.379695,9.569239,7
63055,-3.4333975,9.604401,7
63056,0.8937258,12.220352,9
63057,3.4668825,-1.5005805,2
63058,11.151707,6.0265326,6
63059,-3.9870474,10.587846,7
63060,-3.1403139,9.780138,9
63061,-3.296019,9.968452,7
63062,9.967165,2.4886796,8
63063,10.525479,3.725852,6
63064,1.0052022,6.3407707,8
63065,0.97386134,6.938241,8
63066,-1.064305,14.792611,4
63067,11.192005,5.985205,6
63068,-0.22276776,5.4678907,8
63069,1.8349643,14.547247,4
63070,-2.2920911,-3.6605644,1
63071,3.5582492,-1.4501874,2
63072,0.3916835,6.1723175,8
63073,2.728729,-0.15930742,1
63074,5.4494963,5.2400875,3
63075,1.1641717,12.132168,9
63076,-0.09118159,14.343906,4
63077,14.671682,7.325945,0
63078,5.029681,5.4425025,3
63079,-4.3384666,10.238851,7
63080,6.174691,5.0871744,3
63081,3.6076367,-0.86464477,2
63082,6.631542,4.7006836,3
63083,6.749605,6.46996,3
63084,-4.3682485,10.343726,7
63085,5.7181325,5.813971,3
63086,-0.8545038,13.375024,4
63087,14.585242,6.402364,0
63088,10.795946,4.927247,6
63089,1.8501519,-0.19637603,2
63090,14.324556,6.8274097,0
63091,1.3847831,6.5622525,8
63092,-3.876563,0.5323244,1
63093,5.3255935,7.282437,5
63094,6.5140553,5.042385,3
63095,2.9981782,6.55277,5
63096,-1.5805454,14.180338,4
63097,-4.2315493,0.5503935,1
63098,-4.19475,10.676408,7
63099,-3.856374,2.1474545,1
63100,5.338617,7.67563,5
63101,-4.8416038,9.393749,7
63102,4.591148,6.0102243,5
63103,-3.9815466,11.565067,7
63104,5.2301207,5.5372505,3
63105,3.4629233,-1.4181794,2
63106,2.0832956,0.10096118,2
63107,-5.0233374,10.628861,7
63108,5.162981,5.935006,3
63109,-3.2937212,11.498395,7
63110,6.7770605,6.1648283,3
63111,-4.4867125,8.689065,7
63112,2.2391493,7.11692,8
63113,3.3869112,6.617517,5
63114,0.23323633,13.675599,4
63115,3.0260315,4.5613728,5
63116,2.9022808,-0.56784475,2
63117,-1.7752233,10.555666,5
63118,10.708926,4.9494467,6
63119,4.0073953,7.442355,5
63120,7.1379704,5.313248,3
63121,10.795534,5.5416946,6
63122,-4.8304834,12.102302,7
63123,-0.11666026,13.285503,4
63124,-0.53480417,-4.3012404,1
63125,-3.8996196,8.933375,7
63126,-1.8746603,-1.9235183,1
63127,3.956289,6.4069476,5
63128,1.9937183,-0.004298378,2
63129,5.8337865,5.0074873,3
63130,11.04968,3.9648728,6
63131,6.674937,5.797216,3
63132,-1.4932892,-2.6158576,1
63133,-1.7666516,15.017943,4
63134,3.2650635,-1.7232399,2
63135,10.404264,4.8774133,6
63136,-4.0002074,0.41595906,7
63137,-0.14155065,14.392241,4
63138,6.8077426,6.2360406,3
63139,1.0405158,5.7477355,8
63140,15.321806,6.059919,0
63141,10.545314,3.7052646,6
63142,3.3702307,-0.92102486,2
63143,-1.3038272,-4.2613792,1
63144,11.610354,6.4792747,6
63145,4.2894883,7.914981,5
63146,4.863771,5.4658604,3
63147,1.6951807,12.549168,9
63148,-3.278152,-1.6704533,1
63149,0.5812381,12.144977,9
63150,4.977964,5.1297364,3
63151,1.6593392,-0.53949004,2
63152,-2.2256284,-3.6765985,1
63153,1.9026786,6.8229413,8
63154,0.10270247,13.6340475,4
63155,-0.588192,14.167358,4
63156,10.670464,3.6601963,6
63157,5.9390736,7.4231634,5
63158,1.4642128,6.8985763,8
63159,10.312185,3.2187982,6
63160,-0.13794634,13.036966,9
63161,-4.4073596,9.646557,7
63162,-3.9221087,10.815292,7
63163,0.5934323,6.426136,8
63164,11.678742,4.8138556,6
63165,0.030471096,11.835233,9
63166,-3.356395,8.409919,7
63167,5.6995,4.9453864,3
63168,0.82931584,12.052346,9
63169,-0.45931292,14.656427,4
63170,14.627041,8.79779,0
63171,4.3296347,7.2636113,5
63172,1.2712661,14.4698305,4
63173,10.337836,4.863161,6
63174,0.9133696,14.700199,4
63175,-1.0333152,-4.292512,1
63176,2.6360862,-1.5666044,2
63177,5.377966,5.486168,3
63178,14.256578,8.144259,0
63179,14.868448,8.127983,0
63180,1.751608,-0.103500016,2
63181,11.504635,6.55127,6
63182,11.651937,6.305177,6
63183,4.2222056,6.801838,5
63184,-4.253804,11.663168,7
63185,14.655907,7.095958,0
63186,0.53509945,7.2952595,8
63187,11.096909,4.0941215,6
63188,-0.94158816,14.573487,4
63189,-5.361527,9.797777,7
63190,0.9647337,12.356473,9
63191,14.853697,6.295484,0
63192,-4.2286234,11.742157,7
63193,5.8145456,3.7955267,3
63194,-1.6021852,14.009662,4
63195,2.0682268,0.02721647,2
63196,-3.5705662,-1.274847,1
63197,-0.3217602,5.86684,8
63198,1.4794858,6.7291956,8
63199,3.8624988,7.2052407,5
63200,1.5739493,12.192616,9
63201,4.2975054,-1.2048827,2
63202,-3.4640217,9.599495,7
63203,-2.0450969,-1.1812145,1
63204,0.44640434,7.3428383,8
63205,1.8865265,7.233956,8
63206,6.426437,3.9318223,8
63207,2.3073084,-0.074684724,2
63208,-4.1102366,10.592125,7
63209,10.507303,4.0115685,6
63210,15.834021,5.946794,0
63211,-3.7024028,0.4705382,1
63212,4.370435,-0.5234132,2
63213,-3.3137963,9.999124,7
63214,-3.7089818,1.6563011,1
63215,14.912867,6.854028,0
63216,1.0194858,7.316423,8
63217,6.7825727,6.042625,3
63218,10.806444,2.5026734,6
63219,14.793268,6.310704,0
63220,3.9708593,6.7443967,5
63221,6.2088647,6.284616,3
63222,12.008046,6.506144,6
63223,3.3294885,-0.8470518,2
63224,0.29525247,5.921886,8
63225,-3.8149548,0.06622805,7
63226,14.26489,7.8617954,0
63227,-2.3915238,-2.5224721,1
63228,0.6030003,14.305205,4
63229,2.5714943,-0.47463074,2
63230,-1.4582164,-3.851283,1
63231,-1.0372452,-3.8082337,1
63232,1.1721469,14.022257,4
63233,0.12026817,13.339343,4
63234,1.345187,14.279554,4
63235,0.96655846,13.446997,4
63236,-3.5811927,10.709328,7
63237,-1.6825763,-4.0635934,1
63238,10.194789,4.0418067,6
63239,2.4853284,-0.53365916,2
63240,4.9117165,5.2390842,9
63241,1.0853779,12.276636,9
63242,15.54595,8.780271,0
63243,14.847857,6.5986056,0
63244,-3.195051,-0.76913553,1
63245,-0.02026237,5.2460384,8
63246,1.2993418,6.2221127,8
63247,-0.17017029,13.909302,4
63248,5.6941533,4.850916,3
63249,-0.55791056,14.584118,4
63250,2.868005,-0.20739198,2
63251,15.92863,8.856417,0
63252,10.548825,2.182075,6
63253,-2.8487225,-1.5098484,1
63254,10.219055,2.5180883,6
63255,-3.2548685,-1.1395807,1
63256,2.443502,-0.5932336,2
63257,3.2898698,-1.6256273,2
63258,1.9841139,0.12823434,2
63259,-0.5437946,-3.9617715,1
63260,3.128401,-1.4995692,2
63261,5.6053176,4.40284,3
63262,-3.4641771,8.814469,7
63263,0.057443634,7.100288,8
63264,-2.2661898,-1.9579163,1
63265,14.58634,7.381302,0
63266,14.15564,6.3709707,0
63267,2.6039839,-0.9410677,2
63268,-1.0735198,-3.227666,1
63269,14.917962,8.904712,6
63270,11.371648,6.242752,6
63271,14.920197,7.5497165,0
63272,-3.572748,-0.14538653,1
63273,11.0059,4.39075,6
63274,2.8431842,-1.2205737,2
63275,5.575165,7.154349,5
63276,-1.5098386,-1.9121921,1
63277,-3.9476736,8.604754,7
63278,0.94111985,14.414647,4
63279,0.9688877,6.85352,8
63280,1.8363965,-0.938552,2
63281,-2.8019476,-3.0342603,1
63282,0.92756444,13.56915,4
63283,5.262953,5.095829,3
63284,-0.009194485,7.139114,8
63285,5.5932894,4.3214135,3
63286,0.28161052,12.09498,9
63287,1.9085706,12.377955,9
63288,-0.11845744,13.184998,4
63289,-0.29055476,7.1037493,8
63290,6.0613337,6.1010137,3
63291,0.25656882,13.923862,4
63292,-4.6713758,11.62437,7
63293,2.4634829,-0.3899733,2
63294,-3.9313655,11.088987,7
63295,5.7455397,7.5555005,5
63296,-4.4790277,9.560182,7
63297,15.397526,7.791432,0
63298,-0.9327387,13.050567,4
63299,6.266523,6.2426686,3
63300,6.5497966,6.539097,3
63301,1.9192768,-0.1846897,2
63302,10.181472,4.745904,6
63303,-3.78635,10.950865,7
63304,10.494879,2.824126,6
63305,14.143517,6.2064185,0
63306,14.792011,7.059019,0
63307,11.699145,6.177782,6
63308,-5.0054936,8.910539,7
63309,-3.9152143,9.436721,7
63310,14.448894,7.0688887,0
63311,2.8637881,6.3833704,5
63312,4.9894238,7.3122005,5
63313,0.77014804,6.999341,8
63314,-3.0001926,-2.0567675,1
63315,14.406164,8.000375,0
63316,-4.1697907,11.823427,7
63317,14.010044,7.0217204,0
63318,2.7216086,-0.49427843,2
63319,0.60031605,7.480101,8
63320,-3.358816,-1.0977697,1
63321,3.9576983,7.115247,5
63322,14.290546,7.0484185,0
63323,2.0076253,6.5162396,8
63324,1.2721726,7.0943394,8
63325,14.796487,7.27406,0
63326,6.9139624,5.759977,3
63327,1.9494277,-0.47428325,2
63328,-5.4163685,10.984454,7
63329,-3.1890535,9.943236,7
63330,4.4227443,-1.8776162,2
63331,10.677618,3.99816,6
63332,0.27429458,14.593827,4
63333,0.5962481,12.330228,7
63334,3.7357783,6.6605053,5
63335,3.4030101,4.815023,5
63336,3.09647,6.414182,5
63337,3.0700574,-0.5291827,2
63338,1.1998111,12.047253,9
63339,1.9059018,-0.73988485,2
63340,0.86731976,6.2643194,8
63341,-2.0805116,15.23093,4
63342,10.826024,3.295389,6
63343,0.37751436,6.860893,8
63344,10.130004,2.4762933,6
63345,6.1079473,7.4799237,5
63346,14.9752655,7.198119,0
63347,14.220819,8.213926,0
63348,1.2272441,7.105678,8
63349,-3.5783644,10.542188,7
63350,10.540443,4.7402678,6
63351,-3.920085,2.1893027,1
63352,-3.4693801,11.178031,7
63353,-0.9405114,-3.9942558,1
63354,-2.1384473,-2.7227774,1
63355,3.1557348,-0.42132595,2
63356,-4.9988275,12.121508,7
63357,1.4667084,14.541739,4
63358,15.723653,5.893719,0
63359,14.41471,7.4948826,0
63360,-4.5513744,11.078364,7
63361,-5.204232,10.253116,7
63362,11.168456,4.3554654,6
63363,6.367724,5.428401,3
63364,2.1562128,6.9696436,8
63365,10.057197,2.3743317,6
63366,-0.5007679,13.830192,4
63367,2.4108856,-0.19351266,2
63368,14.12349,7.089766,0
63369,-1.9815025,-3.2455215,9
63370,1.2137781,14.034625,4
63371,14.594394,7.5056744,0
63372,5.0061264,6.888796,5
63373,-5.192926,12.297247,7
63374,1.0848585,6.619547,8
63375,2.5492272,-0.2615305,2
63376,-3.037776,11.258478,7
63377,-0.8952131,13.114766,4
63378,-4.6583223,10.150797,7
63379,-1.3936805,-4.079363,1
63380,-2.1266026,-1.2615213,1
63381,5.3383064,4.743597,3
63382,11.096315,2.9835792,6
63383,11.009922,4.3640165,6
63384,9.997081,3.6766422,2
63385,2.0049891,12.485173,9
63386,-3.3990536,-1.189579,1
63387,0.22468908,12.224918,9
63388,-0.9890365,12.87455,4
63389,-0.2693647,5.2910256,8
63390,6.310037,5.6771655,3
63391,10.408322,3.0808923,6
63392,-0.31405115,11.052723,9
63393,4.773896,7.315358,5
63394,2.2291057,12.552074,9
63395,10.557722,4.7532177,6
63396,3.91838,-0.8192412,2
63397,0.84748393,14.450329,4
63398,10.339912,2.6437848,6
63399,-5.0566893,10.343487,7
63400,-4.2813954,10.619876,7
63401,15.6955,8.317615,0
63402,10.615882,3.3581808,6
63403,10.434835,3.8032572,6
63404,1.7401829,12.093748,9
63405,-2.1145241,14.263808,4
63406,-0.15833716,6.611935,8
63407,5.7589517,5.78554,3
63408,5.1944065,7.2362385,5
63409,6.5649714,4.207325,3
63410,0.92939115,13.656908,4
63411,-0.3775992,11.233313,9
63412,14.783976,8.474886,0
63413,15.304853,6.0435367,0
63414,5.55692,7.1569996,5
63415,3.4554129,-1.5603846,2
63416,3.5695722,7.1780367,5
63417,14.314059,7.3220196,0
63418,-3.595843,11.137998,7
63419,-1.2222407,-3.0312095,1
63420,-3.5658445,-1.1865255,1
63421,-3.2966049,-1.4485162,1
63422,11.689781,5.0847316,6
63423,-4.5076933,9.390182,7
63424,10.525374,3.222163,6
63425,-4.204328,10.169604,7
63426,-0.2205019,10.926342,9
63427,10.353548,2.9993546,6
63428,10.215341,2.850994,6
63429,-1.668984,13.389794,4
63430,-2.174357,-3.8346255,1
63431,-0.1770256,13.616775,4
63432,6.1083055,5.300743,3
63433,-3.3415194,-0.6379472,1
63434,-2.7598038,-1.4757497,1
63435,3.9152973,-1.5869812,2
63436,2.8094733,0.39223924,2
63437,-0.10449059,12.545422,4
63438,-1.9234821,-1.3381114,1
63439,14.461127,6.522255,0
63440,2.030535,7.1614656,8
63441,-3.975174,8.175292,7
63442,10.2525835,2.8427186,6
63443,6.7430143,5.995637,3
63444,-0.8664336,15.265898,4
63445,14.673629,7.8870587,0
63446,14.598081,7.605386,0
63447,11.709437,6.302871,6
63448,6.567936,6.7728753,3
63449,5.955228,5.360938,3
63450,15.42356,5.699423,0
63451,-3.8285704,10.481933,7
63452,-2.7997139,-0.599713,1
63453,-3.1885335,10.257806,7
63454,-1.6805553,-3.7012296,1
63455,-1.5174091,-3.8781886,1
63456,3.9400575,6.8258944,3
63457,-2.2656083,-1.7329895,1
63458,15.176195,7.5424523,0
63459,2.0730977,12.394107,9
63460,1.745336,12.128618,9
63461,-4.585066,8.597082,7
63462,3.2327268,6.759647,5
63463,-0.58082175,14.403639,4
63464,-0.6198736,-4.168255,1
63465,0.98289037,14.233669,4
63466,1.0874934,6.800035,8
63467,-1.5721302,10.048727,9
63468,4.066946,7.5372095,5
63469,5.708286,5.7953525,3
63470,4.3353853,6.2494917,5
63471,-3.7853477,-0.043855198,1
63472,1.3757191,12.1094675,9
63473,1.7838895,6.3450584,8
63474,-2.9953678,10.648205,2
63475,-3.5481877,8.923739,3
63476,4.984644,4.914531,3
63477,-1.378283,9.860316,9
63478,0.5070965,11.753941,9
63479,15.033095,8.507826,0
63480,-2.6670234,-1.5454726,1
63481,14.736656,6.568452,0
63482,3.3303804,-1.1181176,2
63483,2.0071511,12.265181,9
63484,5.656971,5.439962,3
63485,0.971739,12.094381,9
63486,6.976186,5.1626015,3
63487,6.473852,4.6146946,3
63488,11.760151,3.9023433,6
63489,2.7529144,-0.15774614,2
63490,0.33872703,12.851695,4
63491,1.3221049,12.252177,9
63492,1.7042499,6.653118,8
63493,6.839884,5.5143175,3
63494,-3.15743,8.948698,7
63495,-0.21887556,13.695136,4
63496,14.041303,6.8605857,0
63497,1.3103802,14.152419,4
63498,-4.3142323,12.082876,7
63499,1.0263484,6.9623866,8
63500,1.4015048,14.498207,4
63501,0.91150063,12.294717,9
63502,1.3309144,7.5539536,8
63503,-0.7751394,-4.496558,9
63504,-1.5463979,10.471432,9
63505,-3.7513053,11.498395,7
63506,4.9802423,6.991372,5
63507,1.081003,11.603793,9
63508,2.730369,-1.2995566,2
63509,1.9260764,6.9057508,8
63510,1.5748361,-0.08919336,2
63511,-3.9735286,9.6684065,2
63512,14.779435,6.84489,0
63513,3.3354123,-1.3398523,2
63514,1.8490204,-0.49299568,2
63515,6.7080646,5.630559,3
63516,1.1024983,6.675066,8
63517,1.7911972,14.580663,4
63518,10.073573,3.4185967,6
63519,1.8864187,7.090654,8
63520,-0.014307021,15.109396,6
63521,1.8924446,6.892452,8
63522,2.2192304,-0.75442326,2
63523,-0.26152056,13.545281,4
63524,11.701204,5.969677,6
63525,-3.9546247,8.18502,7
63526,0.28319395,11.672529,9
63527,6.793363,5.661122,3
63528,6.7619157,5.0788593,3
63529,-0.60792327,11.5454855,9
63530,0.23353763,13.691613,4
63531,5.1733823,5.0320888,3
63532,-0.9451055,-3.0157995,1
63533,-0.09645253,13.062996,4
63534,-0.91559786,14.037137,4
63535,-5.095949,11.889237,7
63536,14.700958,7.596309,0
63537,3.4880142,5.986124,5
63538,0.263918,12.228405,9
63539,11.712622,5.214243,6
63540,16.449814,8.347702,0
63541,0.86005163,14.563603,4
63542,1.2019345,14.623894,4
63543,-0.1943526,12.975698,4
63544,-0.14775006,15.154529,4
63545,11.506553,5.0889397,6
63546,-1.4860556,-2.6285818,1
63547,3.6390095,-1.6395593,2
63548,6.4144783,3.902908,3
63549,6.0573125,4.1391635,3
63550,10.511892,3.7477932,6
63551,-1.4430226,14.359124,4
63552,2.591056,4.8009534,5
63553,-0.83435106,10.992463,9
63554,10.590405,3.698444,6
63555,1.3133594,6.048164,8
63556,2.784151,5.0864153,5
63557,9.98369,2.5318997,6
63558,14.07167,7.155391,5
63559,6.052762,7.33399,8
63560,11.048484,4.757034,6
63561,-0.72391045,13.481631,4
63562,-3.3627183,-0.79859185,1
63563,1.11861,6.756134,8
63564,10.378143,2.7924938,6
63565,5.360848,7.712821,5
63566,1.9111022,-0.40918487,2
63567,-0.93770975,5.2748833,8
63568,0.5608307,13.998543,4
63569,5.4926934,7.6529193,5
63570,3.0295541,5.7654605,5
63571,-0.2829392,13.278883,4
63572,-4.155209,9.918278,7
63573,-3.1894853,9.755218,7
63574,14.677642,6.7424135,0
63575,-4.755479,8.584228,7
63576,0.7199987,7.231402,8
63577,1.5621063,-0.064050786,2
63578,2.8024836,0.41403258,2
63579,6.9586477,5.396557,3
63580,-3.4293516,8.32571,7
63581,14.908552,6.7025337,0
63582,-0.59391403,-3.8981826,1
63583,1.2680345,7.484981,8
63584,15.490774,8.230052,0
63585,-4.75925,12.0371065,7
63586,-1.169558,-4.0433893,1
63587,-0.22262268,10.894031,9
63588,0.25213513,6.6527877,8
63589,-4.471946,11.607851,7
63590,3.748159,6.34149,5
63591,5.8966804,7.7614217,5
63592,0.62946033,12.261227,9
63593,-4.20103,1.5761367,1
63594,-4.7944307,12.040158,7
63595,2.758229,5.339287,5
63596,1.4892985,14.652105,4
63597,6.727003,5.991841,9
63598,-0.29579526,-4.439864,1
63599,2.191715,-1.2369171,2
63600,1.7275645,-0.34596127,2
63601,-1.0403357,-3.864224,1
63602,11.585424,5.111688,6
63603,11.520615,5.9803243,6
63604,-4.755817,12.084621,7
63605,-2.9421923,-0.11399668,1
63606,-3.0654519,-2.2845557,1
63607,0.7997105,14.206531,4
63608,15.236878,8.57047,0
63609,-3.9379616,10.08501,7
63610,-0.43831894,14.521822,4
63611,2.244248,-0.6229359,2
63612,0.6207966,14.108084,4
63613,15.0005045,6.5478725,0
63614,11.783772,6.326671,6
63615,-0.3616318,14.629835,4
63616,-4.6104546,11.2545185,7
63617,10.386693,2.5172675,6
63618,-0.79910046,10.852237,9
63619,3.7627668,5.683785,5
63620,6.2742424,4.739657,3
63621,0.3521115,14.320244,4
63622,11.675322,4.3848834,6
63623,2.6319938,5.685418,5
63624,16.163841,8.082102,0
63625,-2.7688737,-2.057782,1
63626,1.7143661,7.393786,8
63627,-0.49303815,5.228268,8
63628,4.1510415,-1.3096042,2
63629,6.0390224,3.932268,8
63630,6.527459,5.4488764,3
63631,3.9693213,7.240857,5
63632,-4.03084,10.6320305,7
63633,0.47519097,6.165195,8
63634,15.138434,6.274131,0
63635,2.256513,7.08193,8
63636,4.0309334,7.4765024,5
63637,-4.2839174,10.179297,7
63638,-2.4273434,-0.442817,1
63639,-2.3771937,-3.4265664,1
63640,14.635073,6.9391913,0
63641,-1.5986887,-4.2133503,1
63642,5.948292,5.8710756,3
63643,-3.778274,10.081872,7
63644,0.1761313,5.5428123,8
63645,2.8671181,6.572273,5
63646,14.8534155,5.9583774,0
63647,-4.206366,11.604058,7
63648,-2.436475,-2.8592134,1
63649,-1.1708013,-3.9352627,1
63650,15.450247,6.5657816,0
63651,-1.3872099,-3.8498492,1
63652,-1.613356,-1.8005666,1
63653,0.473715,13.635129,4
63654,3.055568,6.5744696,5
63655,1.9263245,-0.35783255,2
63656,-4.3256044,11.499623,7
63657,11.522138,6.125007,6
63658,2.5132394,-0.8021945,2
63659,5.507571,4.8576446,3
63660,15.47998,8.152605,0
63661,3.3102603,-1.470279,2
63662,6.7934303,3.94998,8
63663,3.4465113,5.9631157,5
63664,-0.38446268,11.699754,9
63665,11.675241,6.4197845,6
63666,-0.5714973,11.079262,9
63667,-3.7855928,10.45383,7
63668,3.5171695,-1.5619195,2
63669,-0.9708242,-3.1054668,1
63670,6.521697,4.7857327,3
63671,10.924169,5.390955,6
63672,-0.9399143,13.090635,4
63673,-2.7182665,-2.992212,1
63674,1.1405667,6.9486113,8
63675,3.6067858,-1.7859715,2
63676,0.09161474,13.768259,4
63677,14.310368,7.334717,0
63678,5.4469514,7.4358106,5
63679,-3.4171636,-1.6842175,1
63680,15.294559,7.527902,0
63681,1.933011,-0.11859791,2
63682,3.4192243,-1.6003854,2
63683,10.829565,5.575108,6
63684,0.8998898,14.277556,4
63685,0.69670576,14.924356,4
63686,6.052386,4.599417,3
63687,-0.46361232,11.108787,9
63688,9.817109,3.5608137,6
63689,-3.0006392,-2.0144992,1
63690,10.365426,4.8330083,6
63691,4.5018883,7.430292,5
63692,-4.948467,10.124004,7
63693,0.45957792,12.323776,9
63694,2.7040277,-0.5334779,2
63695,16.442112,6.8326077,0
63696,1.5405616,-0.29044014,2
63697,11.132258,4.973101,6
63698,14.862501,6.005004,0
63699,-2.4613328,-3.4835553,1
63700,-0.5903406,14.223304,4
63701,6.1048474,4.8710723,3
63702,-0.30526778,13.228515,5
63703,2.0366895,-0.8259734,2
63704,0.47309303,6.460529,8
63705,1.5682619,6.6386743,8
63706,15.229338,6.975286,0
63707,0.18122499,6.91321,8
63708,1.5029356,7.416061,8
63709,1.1069902,12.570867,9
63710,15.252486,8.005252,0
63711,0.051469028,11.391919,9
63712,11.81697,5.041964,6
63713,-3.3012378,8.993006,7
63714,10.7691145,4.403405,6
63715,5.696462,5.777815,3
63716,5.0032396,4.8450794,9
63717,5.29386,4.8569736,3
63718,-1.9454244,10.923432,4
63719,-3.938005,11.264215,7
63720,-4.273665,11.611448,7
63721,-3.4021945,10.960585,7
63722,0.49017388,13.593118,4
63723,-0.01029859,10.83202,9
63724,15.355582,6.096319,0
63725,10.606994,5.632096,6
63726,-0.964399,12.209042,4
63727,2.562576,7.1705694,8
63728,-0.7275021,13.470232,4
63729,2.4938395,-0.72374606,2
63730,-4.3788443,11.975244,7
63731,4.1046867,-1.6242359,2
63732,0.47897464,5.9144716,8
63733,-3.8929985,0.83822936,1
63734,14.644699,8.719464,0
63735,14.546365,8.723692,0
63736,-3.1987798,9.87493,7
63737,-0.53786564,6.27932,8
63738,7.0974765,5.395886,3
63739,5.6040945,5.3359694,3
63740,6.478414,6.5119276,3
63741,-1.5873452,-3.6056442,1
63742,5.1621585,5.87185,3
63743,-4.0598006,9.880494,7
63744,10.916462,2.5077605,6
63745,-0.8273972,-3.4987686,1
63746,5.4925213,5.76625,3
63747,-0.8464359,-4.281866,1
63748,10.61628,2.2840917,6
63749,11.566736,6.526025,6
63750,3.1520486,6.5869155,5
63751,-1.1672269,-2.484576,7
63752,0.92015857,14.789831,4
63753,-3.5748992,9.343487,7
63754,3.756335,6.6527157,5
63755,0.8709991,11.654146,9
63756,5.814482,7.4995785,5
63757,3.1724668,4.4893637,8
63758,0.30674413,13.957075,4
63759,1.3900639,12.107926,9
63760,-1.8818394,10.241619,9
63761,-0.86799777,-3.2620816,1
63762,10.347625,2.211245,6
63763,3.0927286,6.7052536,5
63764,14.594142,8.422339,0
63765,-1.6503892,-3.7914686,1
63766,5.228905,5.91752,3
63767,-4.142158,2.6968017,7
63768,15.519159,8.178257,0
63769,5.0654197,4.4068947,3
63770,0.4495994,14.857257,4
63771,0.22465585,6.9532375,8
63772,2.015385,-0.6677398,2
63773,1.8746004,-0.1250076,2
63774,14.570469,8.548728,0
63775,3.3300462,-1.1964341,2
63776,3.548389,6.7006946,5
63777,-1.0055798,-2.893123,1
63778,3.538404,7.3752017,5
63779,-1.3623213,-4.2758613,1
63780,11.080288,3.982961,4
63781,1.1539487,6.8292313,8
63782,1.4268339,6.313803,8
63783,1.5762186,12.244551,9
63784,-0.91670316,-3.4177575,1
63785,1.9077219,-0.8030435,2
63786,-0.81757534,-4.123746,1
63787,6.6371512,4.250708,3
63788,4.2786336,7.061564,5
63789,-1.3115035,-3.1778526,1
63790,15.513685,8.945541,0
63791,1.9307271,12.311757,9
63792,1.2617747,14.2691,4
63793,0.2958868,13.9320545,4
63794,1.4374732,7.77036,8
63795,5.721832,6.4130583,3
63796,-3.6581156,-0.1231817,2
63797,3.9983993,6.7246118,5
63798,-0.3326583,11.912493,9
63799,-4.9122434,9.585612,7
63800,10.383276,2.2295165,6
63801,11.731096,5.50509,6
63802,3.4663985,-1.3752351,2
63803,14.989542,7.1491094,0
63804,15.45128,6.559775,0
63805,14.190511,7.0434947,0
63806,2.3881993,5.076973,5
63807,-0.21012844,6.0549974,8
63808,-4.049289,2.7173924,7
63809,-3.368182,-0.91887194,1
63810,4.7376328,7.753186,5
63811,6.321009,3.7670305,2
63812,7.0059547,4.6653404,3
63813,1.6511979,7.415092,8
63814,3.2111926,5.8181243,5
63815,-2.6247697,-2.0839586,1
63816,1.1142163,6.726267,8
63817,4.7589,-0.81050557,2
63818,11.618602,6.67081,0
63819,1.3605055,14.515832,4
63820,2.154506,12.343746,9
63821,1.9262782,13.016263,9
63822,11.58064,6.071817,6
63823,4.1760154,-1.1860667,2
63824,5.0991244,4.8349895,3
63825,6.143841,5.0880184,3
63826,2.8341687,5.4978094,5
63827,11.636608,6.0363374,6
63828,1.6115355,14.367277,4
63829,1.0571291,6.037894,8
63830,14.482792,7.463171,0
63831,-1.4738677,11.24732,9
63832,1.6045815,-0.83084375,2
63833,0.6403832,6.071489,8
63834,5.5576897,5.017277,3
63835,11.751212,6.5954523,6
63836,-5.2707167,12.268989,7
63837,3.7427578,5.8874125,5
63838,-4.022965,0.58734274,7
63839,2.0570676,-0.29389998,2
63840,1.8648146,12.303665,9
63841,1.8294048,14.609615,4
63842,-0.15532865,11.204982,9
63843,-1.6324162,-1.7176584,1
63844,3.4060912,-1.543232,2
63845,0.51004493,6.2488303,8
63846,11.766917,6.5971894,6
63847,15.188952,7.4868636,0
63848,-3.194067,9.7864065,7
63849,14.72098,8.844441,0
63850,1.5121512,12.152511,9
63851,-1.2352709,-2.349129,1
63852,-3.8301704,0.22104557,1
63853,15.415947,7.543373,6
63854,-5.1952944,12.3065815,7
63855,2.6173537,5.0699987,5
63856,1.2163049,12.656325,9
63857,-0.31526777,11.789932,9
63858,-3.546038,-0.6264221,1
63859,2.1235113,12.561189,9
63860,5.0243826,7.6594725,5
63861,1.0616668,12.603915,9
63862,2.1809182,-1.0842234,2
63863,4.301533,6.473944,5
63864,14.751975,7.0679593,0
63865,0.4151832,14.350941,4
63866,-0.8640761,-4.1686926,1
63867,15.713718,8.534702,0
63868,0.44380367,6.6514416,8
63869,-0.56987107,10.683116,9
63870,15.622243,8.025044,0
63871,0.7170113,5.9862204,8
63872,-0.19077432,10.791349,9
63873,0.5127204,6.933851,8
63874,-1.3669199,10.697784,9
63875,1.615084,14.636085,4
63876,1.7377511,0.103733085,2
63877,3.4716024,5.3931723,5
63878,-3.6591136,11.171856,7
63879,2.0899322,12.310103,9
63880,0.83991885,7.223265,8
63881,1.039568,11.9746275,9
63882,1.0370595,7.268887,8
63883,15.540888,8.28175,0
63884,2.1877928,12.512124,9
63885,2.143404,12.5592375,9
63886,11.197334,4.891193,6
63887,1.6916298,7.125356,8
63888,1.8068835,12.380114,9
63889,-0.678732,10.980922,9
63890,3.1264517,5.2859178,5
63891,-1.8654116,10.194529,9
63892,0.09681406,5.6458683,8
63893,10.859292,6.037257,5
63894,-3.222526,-2.0868127,1
63895,14.803637,6.574727,0
63896,5.4820104,4.5618734,3
63897,5.4305053,5.5820775,3
63898,4.375605,7.3645463,5
63899,3.0571337,-1.354852,2
63900,-2.3260484,-2.8108366,1
63901,11.291968,6.005776,6
63902,6.2640266,3.7779562,5
63903,14.878912,6.7620745,0
63904,2.0054593,-0.8243445,2
63905,1.1746296,7.1130934,8
63906,1.587328,-1.2460759,1
63907,3.029049,5.8302307,5
63908,10.284745,3.0364995,6
63909,2.2358487,-1.2090061,2
63910,6.974651,5.0650487,3
63911,16.497143,7.974377,0
63912,4.0601187,-1.1179222,2
63913,4.329047,-1.4348221,2
63914,11.576756,4.4919915,6
63915,-0.47864786,13.983315,4
63916,5.3994083,5.7115083,3
63917,4.867246,7.2884455,5
63918,2.8531206,6.028359,5
63919,-1.8666807,-3.5962768,1
63920,-5.2986593,11.995617,7
63921,3.9914837,-1.3404415,2
63922,-2.9409,-1.0346553,1
63923,10.852872,4.665665,6
63924,0.6139122,11.668868,9
63925,-4.1282067,2.4766674,1
63926,5.173036,4.75574,9
63927,-0.10050144,10.882605,9
63928,5.043311,6.890237,5
63929,4.993503,7.5325294,5
63930,-2.5379095,-2.8954117,1
63931,10.108838,3.61423,6
63932,4.443175,-1.8653929,2
63933,3.3303528,-0.46946743,2
63934,0.67044455,6.9525366,8
63935,10.958211,5.28929,6
63936,-4.2861843,10.739699,7
63937,-1.0052443,-3.1536872,1
63938,-0.43237686,13.344892,4
63939,11.761754,6.2592025,6
63940,15.622161,8.931531,0
63941,-0.92100626,13.141444,4
63942,14.306099,8.098309,0
63943,5.852318,6.5006685,3
63944,6.0888133,6.144074,3
63945,3.4875875,-1.4201485,2
63946,1.2648933,-0.57858896,2
63947,5.6496544,5.134305,3
63948,11.356449,5.5741205,6
63949,1.5654265,6.6522875,8
63950,0.31557927,12.186872,9
63951,-0.12375109,7.1901345,8
63952,4.490342,6.3013086,5
63953,5.6983914,4.9409633,3
63954,0.42952317,7.5244007,8
63955,2.8787951,6.2797103,5
63956,0.3886049,14.630396,4
63957,4.627259,6.7639756,5
63958,3.6363394,-1.9555215,2
63959,14.684344,6.7852206,0
63960,3.078366,5.3095627,5
63961,11.085108,2.774249,6
63962,6.121121,6.5787044,3
63963,3.7049274,-1.7827117,2
63964,0.5511434,7.544655,8
63965,6.322441,6.6407404,3
63966,2.232706,12.823469,9
63967,-0.80686355,11.799705,9
63968,5.810321,7.1723056,5
63969,-3.6344612,11.3893795,7
63970,-1.2119696,11.419353,9
63971,-1.5347667,15.243552,4
63972,10.406794,2.980781,6
63973,-4.1079464,11.107357,7
63974,-1.3476303,-2.1425493,1
63975,7.099191,4.5734296,3
63976,-2.1852825,-3.718837,7
63977,5.515757,5.512449,3
63978,10.557088,3.6980643,6
63979,10.553957,4.7162423,6
63980,15.618897,8.30707,0
63981,1.4938718,11.953971,9
63982,14.384168,8.218586,0
63983,-4.119668,0.816175,1
63984,-1.6597424,11.316309,9
63985,-0.46533203,12.222389,9
63986,2.20021,-0.91564125,2
63987,1.1957891,6.4915447,8
63988,0.22030787,5.8909183,8
63989,15.351414,5.7227383,0
63990,-2.0472744,-1.3510928,1
63991,10.77219,4.637937,6
63992,1.3754599,12.631115,9
63993,-4.1245937,10.531568,7
63994,3.0245376,6.2570925,5
63995,5.8138804,5.6196933,3
63996,1.3610253,14.424815,4
63997,-4.985824,10.694057,7
63998,-0.524245,13.467951,4
63999,1.2284019,12.131397,9
64000,1.8989651,13.091593,9
64001,-0.59889245,13.9816065,4
64002,6.2434716,3.9930327,3
64003,11.124932,2.8641238,6
64004,6.813051,6.145468,3
64005,-2.248793,-3.6292264,1
64006,-2.9607906,-2.6394384,1
64007,-1.516649,11.761753,7
64008,11.567994,5.132967,6
64009,-0.34189808,11.9020605,9
64010,-2.4890077,-3.4440846,1
64011,1.5929841,7.602548,8
64012,1.7029775,14.435439,4
64013,-1.6248453,-3.1897619,1
64014,-2.190462,-3.694139,1
64015,-0.2824506,11.063508,9
64016,-1.7580513,10.279261,9
64017,-1.446544,11.432448,4
64018,5.157342,5.8846045,3
64019,10.91185,3.621192,6
64020,0.53452355,7.0802336,8
64021,-2.8454058,-2.4028156,1
64022,10.481511,4.0619025,6
64023,14.776225,8.542739,0
64024,-0.78391165,13.923467,4
64025,-1.3502318,-4.110405,1
64026,5.7875757,5.766841,3
64027,-1.1994747,12.195645,7
64028,-4.2504935,11.192767,7
64029,-0.7762859,13.347747,4
64030,0.04224366,12.296898,9
64031,5.138234,6.791087,5
64032,-2.9103065,-0.5927752,1
64033,15.200166,8.601854,0
64034,15.184202,8.083574,0
64035,-1.8794087,-3.1093628,1
64036,-1.9273363,-3.0850291,1
64037,10.000782,2.55907,6
64038,1.6661096,-0.3724342,2
64039,-3.354181,-1.6249894,1
64040,0.28156456,11.46082,9
64041,1.7580503,6.946292,8
64042,1.2486014,14.31825,4
64043,14.748596,8.656977,0
64044,6.8898506,6.232635,3
64045,11.7175865,5.361446,6
64046,0.040853586,14.40808,4
64047,0.005277492,12.118868,9
64048,15.07224,8.663593,0
64049,-4.4205704,10.353668,7
64050,-2.6522343,-3.3782017,1
64051,11.495564,6.322269,6
64052,4.9037547,6.452318,5
64053,-3.6893723,10.885322,7
64054,4.6878524,6.690146,5
64055,2.345033,-0.3607407,2
64056,3.1867359,6.604358,5
64057,-1.495239,-3.9481452,1
64058,0.7627786,6.1109767,8
64059,3.9871852,7.609611,5
64060,1.0301278,14.33679,4
64061,-4.4549212,9.593931,7
64062,14.5383415,6.3756247,0
64063,10.282853,2.40041,6
64064,-4.490031,9.414868,7
64065,3.0351236,0.40887076,0
64066,2.367093,-0.84917647,2
64067,4.421,6.6030912,5
64068,2.1493382,6.977176,8
64069,-1.7009991,-3.4799864,1
64070,14.743387,7.9807324,0
64071,-0.941947,15.229385,4
64072,4.285762,5.6366487,5
64073,-4.8486905,10.619267,7
64074,-0.7672868,-3.5342872,1
64075,6.864481,6.066979,8
64076,3.5888925,6.833455,5
64077,-0.8073393,-4.442126,1
64078,3.8026366,-0.84782624,9
64079,14.439284,8.326077,0
64080,14.135942,6.606946,0
64081,10.951413,2.7757943,6
64082,14.879713,8.717227,0
64083,-5.0747733,10.622454,7
64084,5.487078,4.9923697,3
64085,-1.8782806,-3.8820395,1
64086,2.030433,7.7982926,8
64087,5.9696465,6.518004,3
64088,1.3997353,12.525765,9
64089,-4.679791,10.437912,7
64090,14.357502,7.155987,0
64091,15.797063,8.669491,0
64092,0.37457466,6.004883,8
64093,0.8800714,11.734736,9
64094,3.4977493,6.506244,5
64095,1.2832493,12.410449,9
64096,-0.31085998,5.778031,8
64097,6.742652,5.3850217,3
64098,3.6303396,-0.9333722,2
64099,-4.029653,8.555645,7
64100,1.9649948,-0.18600364,2
64101,-0.46520683,11.670729,9
64102,-5.0578175,12.35963,7
64103,3.0550199,-1.0588515,2
64104,-2.4277449,-2.190411,1
64105,-3.0635672,-1.5226498,1
64106,5.0803814,4.4050283,3
64107,-4.136936,10.827535,7
64108,2.747039,5.946433,5
64109,6.706273,5.987055,3
64110,-3.5846007,-1.2800813,1
64111,2.2343512,12.692836,9
64112,-0.06706016,5.659342,8
64113,2.8668807,-1.2550302,2
64114,2.9927366,-1.0166427,2
64115,3.5756152,-1.4224422,2
64116,5.566211,7.671101,8
64117,-0.1270791,6.148969,8
64118,4.115507,7.231174,5
64119,-4.043256,10.385523,7
64120,6.2691727,6.5207796,3
64121,0.9128196,5.8410525,8
64122,1.7313842,12.271845,9
64123,1.1140935,6.7028756,8
64124,1.8580004,6.7556334,8
64125,11.2443,3.6547134,6
64126,1.017318,6.495855,8
64127,1.9876502,-0.92526734,2
64128,6.0064673,5.512163,3
64129,-0.53069794,11.826452,9
64130,-4.0568314,10.608217,7
64131,3.584053,5.6008573,5
64132,10.619359,2.7512965,6
64133,4.514065,-1.1567127,2
64134,-0.38899642,11.320826,9
64135,2.9437885,-1.2739166,2
64136,0.79910916,6.9049983,8
64137,0.88397247,6.641848,8
64138,-3.2494745,-1.6843442,1
64139,11.614371,6.3891673,6
64140,5.260988,5.7149243,8
64141,0.0824258,7.156615,8
64142,-4.263305,8.211289,7
64143,-0.44531927,11.925752,9
64144,-1.5545958,-3.5859835,1
64145,1.8155303,6.3383927,8
64146,14.49179,5.9741383,0
64147,-1.8374879,-1.5675155,1
64148,-4.079397,11.774785,7
64149,3.3924415,-1.6386089,2
64150,15.664799,8.152329,0
64151,-5.3389063,10.780054,7
64152,2.9880538,5.542436,5
64153,-1.9746017,-3.26615,1
64154,1.5986065,11.885582,9
64155,14.901926,8.702396,0
64156,1.7721386,-0.3279759,2
64157,15.890534,7.2723117,0
64158,1.4319811,11.856354,9
64159,1.3887026,7.519644,8
64160,11.299673,3.87534,6
64161,3.0572646,-0.616199,2
64162,5.759589,6.0862584,3
64163,-5.1515594,9.8886175,9
64164,6.0848784,6.2817883,3
64165,1.4721533,6.556184,8
64166,14.504129,6.069685,0
64167,1.8283249,-0.68369156,2
64168,-1.8304895,-2.0486503,1
64169,-2.1775305,-2.6431966,1
64170,-0.6074192,-4.2484035,1
64171,-0.86073476,-3.6756825,1
64172,-0.30350593,14.302904,4
64173,3.8155382,-0.76482385,2
64174,-0.79066503,11.394286,9
64175,-3.7100098,9.155348,7
64176,-5.4632583,10.548481,2
64177,3.5272586,7.179943,5
64178,-3.5153224,0.5820975,1
64179,-2.1926882,-3.7919636,1
64180,2.0518007,0.10770663,2
64181,-1.6622914,-3.6047616,1
64182,0.36572814,11.396225,9
64183,1.4528196,12.298521,9
64184,-0.51074576,11.870267,9
64185,-4.2485623,1.3647876,1
64186,15.072481,6.577307,0
64187,3.308312,0.50294715,2
64188,15.876056,7.6523623,0
64189,3.7931938,-1.596941,2
64190,-1.8483016,-4.0686326,1
64191,-2.9178119,-2.6297715,1
64192,1.2000121,14.452604,4
64193,10.782389,5.1016545,6
64194,-0.34027222,12.580598,4
64195,-1.4881386,-3.9838977,1
64196,4.6567187,6.6988583,5
64197,0.45123884,13.585555,4
64198,-0.58720464,10.851742,9
64199,-0.31476238,12.255112,7
64200,-4.8117447,11.884988,7
64201,-1.2936888,12.048817,1
64202,3.4429512,7.022881,5
64203,10.997428,6.0856013,6
64204,2.776921,0.2519104,2
64205,1.6535987,-0.8820249,2
64206,3.568507,-1.871315,2
64207,0.8126429,6.506848,8
64208,15.691748,8.724779,0
64209,10.495386,2.977808,6
64210,1.6931397,12.180145,9
64211,10.416174,2.1700976,6
64212,1.578439,-1.2621338,1
64213,0.2957024,11.5491,9
64214,-4.635195,11.229947,7
64215,-3.347169,11.063079,7
64216,-3.1039586,-2.1901438,1
64217,1.2965819,13.922005,4
64218,-0.14630173,6.483338,8
64219,3.7984154,7.105215,5
64220,6.215355,6.3070326,3
64221,-0.18024741,12.948342,4
64222,6.763418,4.129743,3
64223,1.6558633,14.644049,4
64224,-4.2392187,11.924057,9
64225,-3.357297,10.973677,7
64226,4.0251484,7.403182,5
64227,14.097497,6.794158,0
64228,-3.4162343,10.873895,7
64229,0.94663155,14.560777,4
64230,-0.90790445,5.974131,8
64231,0.7178642,7.2901855,8
64232,-1.585979,-3.8157978,1
64233,3.2358558,5.5840425,5
64234,6.671956,4.394345,3
64235,1.6956685,12.515504,9
64236,3.581129,5.845851,5
64237,0.7429148,12.118292,9
64238,-3.2924857,10.31559,7
64239,10.528636,2.963274,6
64240,1.6312048,12.667739,9
64241,14.308076,7.59381,0
64242,6.6316257,4.3403106,3
64243,10.078593,2.8333504,6
64244,5.7825875,5.7423983,3
64245,1.1883913,11.768772,9
64246,1.3098723,7.6513467,8
64247,2.3152802,-0.9475245,2
64248,-3.020193,-2.4440885,2
64249,-1.1105689,-3.3543587,1
64250,2.6312232,-1.3104819,2
64251,0.8203209,6.3726463,8
64252,10.309513,3.3287947,6
64253,1.6766115,7.1389246,8
64254,4.3599596,5.9293942,5
64255,5.805872,7.0247283,5
64256,7.0728993,5.4278493,3
64257,1.2837899,11.561287,9
64258,-0.14813918,14.094964,4
64259,-0.25005895,12.335564,9
64260,1.9619037,-0.99561894,2
64261,4.8282094,7.7930913,5
64262,-3.7828012,1.473601,1
64263,5.224305,7.2011204,5
64264,-1.8806368,-4.005609,1
64265,9.53056,3.7144618,4
64266,-0.3253007,14.322243,4
64267,-3.2256813,-0.9320403,1
64268,1.3629824,14.392976,4
64269,1.8338127,14.554527,4
64270,5.895098,3.9163494,3
64271,5.497178,7.080016,5
64272,0.93752795,12.334984,9
64273,-2.7052941,-3.2729602,1
64274,1.5712755,-0.41030505,2
64275,4.1673455,-0.8265521,2
64276,5.7702117,5.1702957,3
64277,6.832416,6.321558,3
64278,14.710054,8.058854,0
64279,3.8741019,-0.36825794,2
64280,-1.0930983,11.891197,9
64281,14.863487,6.067377,0
64282,16.143435,7.9698825,0
64283,1.1963856,11.498784,9
64284,4.5312138,6.9210644,9
64285,10.868409,3.2236023,6
64286,14.778029,8.81498,0
64287,1.9411527,12.312587,9
64288,5.7696795,5.101993,3
64289,-4.874275,8.603984,2
64290,1.0938942,7.250971,8
64291,1.4360918,14.1703825,4
64292,-1.5835463,-2.1503174,1
64293,1.6271336,12.220494,9
64294,-5.2373376,12.202731,9
64295,-3.568863,11.308745,7
64296,3.9398098,-1.3927174,2
64297,-3.3460371,8.514795,7
64298,2.001921,12.551947,9
64299,-1.4533414,10.809313,9
64300,4.171157,6.123924,5
64301,0.5635819,11.246488,9
64302,2.6474528,4.4348288,5
64303,-3.8736541,0.7117489,1
64304,-2.6487532,-3.3053339,1
64305,-0.39080876,6.434796,8
64306,-4.2232985,9.491951,3
64307,3.1132033,5.93213,5
64308,-3.485447,-0.16259749,1
64309,-0.12489634,11.857347,9
64310,2.6397223,5.5739536,5
64311,6.342605,5.6833744,3
64312,2.980163,5.4903784,5
64313,-1.1796242,12.400556,4
64314,-1.4987088,11.439934,9
64315,4.7098613,7.8153563,5
64316,-1.6710533,11.242778,9
64317,5.653774,6.9243417,3
64318,-3.4671836,-0.28616637,1
64319,0.92939055,12.18361,9
64320,16.321547,7.6220655,0
64321,0.42542338,11.418006,9
64322,-5.1236544,11.165361,7
64323,3.26991,6.3506446,5
64324,0.6684593,13.503498,4
64325,-1.3184469,11.581776,9
64326,3.1801293,-1.3810563,2
64327,14.928398,8.875158,0
64328,-1.5873625,-2.2810066,1
64329,14.483983,8.070787,0
64330,4.6360307,6.4833317,5
64331,-1.8401247,-3.9694476,1
64332,-0.5751468,13.959591,4
64333,0.6537009,12.207389,9
64334,6.963624,6.1096354,3
64335,5.3988466,4.204514,3
64336,10.475654,5.01237,6
64337,-1.2802861,-3.801169,1
64338,5.4768643,7.325611,5
64339,1.8884555,-0.89861596,2
64340,5.0586414,7.0582976,5
64341,5.848913,4.4693503,2
64342,3.3665736,-1.3496268,2
64343,14.854847,7.2673945,0
64344,2.3589277,12.824295,9
64345,4.773436,-0.9666661,2
64346,10.544959,4.978618,6
64347,10.295511,4.056831,6
64348,16.01517,7.6481776,0
64349,-1.7068832,-2.8640182,1
64350,2.1640015,-0.0071363533,2
64351,15.04541,8.508521,0
64352,5.52251,4.515676,3
64353,14.148888,6.555097,0
64354,2.0157647,-0.64284974,2
64355,4.6833224,7.011401,5
64356,4.025854,6.025361,5
64357,-5.2007246,12.316718,7
64358,-1.7844052,10.603022,9
64359,4.1235747,6.3622346,5
64360,4.4872823,6.5994735,5
64361,14.076614,6.555076,0
64362,1.0328507,6.686713,8
64363,1.2553396,12.09182,9
64364,2.848259,5.651871,5
64365,14.839604,6.7148695,0
64366,6.3324647,4.728218,3
64367,2.19823,0.29030055,2
64368,5.7450943,7.5504503,5
64369,-2.0816839,14.232569,9
64370,14.877234,6.3413324,0
64371,0.065619096,5.390696,8
64372,0.7498991,7.0654063,8
64373,0.4081189,13.420305,4
64374,5.942317,7.647623,5
64375,0.9658346,6.048366,8
64376,1.0459087,6.89031,8
64377,-0.27934667,14.603341,4
64378,4.3922215,7.437719,5
64379,0.089825295,13.79031,4
64380,1.8781122,7.345069,8
64381,4.8755126,7.474101,5
64382,-0.69874096,12.618443,4
64383,1.4932555,12.521057,9
64384,2.5700378,-0.26974374,2
64385,1.8343486,-0.50636894,2
64386,-2.258387,-2.447597,1
64387,3.0799108,-0.6794957,2
64388,10.924382,5.5894403,6
64389,1.0029272,6.634152,8
64390,0.23629288,7.217351,8
64391,-4.9452477,12.27605,7
64392,15.195166,8.584222,0
64393,6.636296,6.0048985,3
64394,11.143381,5.0286746,6
64395,11.697166,6.5640006,6
64396,-1.3465251,14.691665,4
64397,6.3777823,6.459987,3
64398,0.14551573,6.1386557,8
64399,2.0843728,6.8688164,8
64400,-4.3672853,11.676482,7
64401,3.0101016,-1.426015,2
64402,1.9361697,-0.7790595,2
64403,15.3738165,8.946466,0
64404,14.191713,7.6756344,0
64405,0.40256572,12.562541,9
64406,6.0147033,6.0148525,3
64407,-1.6233617,10.44947,9
64408,1.789849,12.1433935,9
64409,-2.451925,-0.45964396,1
64410,-1.4915097,10.548405,9
64411,0.726414,6.7286415,8
64412,10.784668,3.8581045,6
64413,10.225237,2.4215217,6
64414,0.24295105,14.416343,4
64415,4.545065,-1.0131088,2
64416,11.272867,5.9452906,6
64417,1.0543734,12.074095,9
64418,3.3929827,-1.7377065,2
64419,1.1576194,6.5790086,8
64420,4.9526124,7.2406344,5
64421,1.35044,14.300221,4
64422,4.770787,6.8870225,5
64423,-3.2376778,9.561043,7
64424,-0.40145385,11.978592,9
64425,0.6275529,12.101326,9
64426,-1.2863219,11.565166,9
64427,1.398411,-0.5981679,2
64428,-2.8049946,-2.0739474,1
64429,1.4103556,6.836333,8
64430,5.9584055,6.371515,3
64431,-0.19750312,13.53817,4
64432,14.807713,6.5504627,0
64433,-0.46250832,-4.2573977,7
64434,1.5162668,7.5306606,8
64435,-3.5183563,11.347912,3
64436,0.50628453,12.067144,9
64437,6.1923976,4.9009166,3
64438,-0.9741326,13.039562,4
64439,11.304199,6.233198,6
64440,4.499722,7.2360215,5
64441,11.605099,6.471267,6
64442,2.7027032,-0.5888415,2
64443,2.419886,-1.2940904,3
64444,0.8362452,11.845121,9
64445,3.213819,-1.3526953,2
64446,11.0031185,5.712736,6
64447,14.489886,6.462653,0
64448,15.271975,7.284095,0
64449,11.392433,5.943314,6
64450,-1.1792881,-2.7732291,1
64451,1.3558183,-0.3615856,2
64452,1.4948909,7.1082625,8
64453,-3.5421994,9.779748,7
64454,-2.2158375,9.697236,9
64455,-0.7514302,6.303742,8
64456,2.0077057,-0.34235767,2
64457,14.526486,6.861185,0
64458,1.3306168,14.500516,4
64459,-4.289139,11.167433,7
64460,-3.9001184,11.28967,7
64461,4.0226316,6.575079,5
64462,14.47583,8.240956,0
64463,3.6853695,6.905648,5
64464,11.725738,6.401895,6
64465,-0.040297892,12.95726,4
64466,10.670303,5.4788294,6
64467,-4.093342,8.868549,7
64468,-1.6040488,14.636882,4
64469,5.994674,5.4448495,3
64470,14.666352,6.5454993,0
64471,-4.899486,10.432915,7
64472,3.1461797,6.4100475,5
64473,14.151823,6.346999,0
64474,-4.7085834,11.85247,7
64475,1.0387106,14.199886,4
64476,2.139144,-0.49955192,2
64477,14.010425,5.8926044,0
64478,1.5156399,7.3338294,8
64479,0.7266529,12.639085,9
64480,0.46566927,11.963753,9
64481,-1.0653845,13.4977,4
64482,3.7623992,-1.9613533,2
64483,-0.8628358,12.950676,4
64484,11.176789,4.4990077,6
64485,-4.883821,9.25421,7
64486,0.32158092,6.831624,8
64487,-3.9896302,8.239264,7
64488,10.330865,4.6175675,6
64489,4.8809795,5.0460405,9
64490,0.28832927,14.768644,4
64491,-0.47142977,-4.4568615,1
64492,5.067359,5.7814136,3
64493,-3.639045,10.605293,7
64494,6.7767577,5.012265,3
64495,15.483139,6.601186,0
64496,1.2255608,7.25967,8
64497,-5.243374,11.264287,8
64498,-3.166129,9.717975,7
64499,10.992259,5.450525,6
64500,-1.243053,-4.212553,9
64501,6.973553,4.350942,3
64502,0.7755311,12.341956,9
64503,1.8337333,-0.1790563,2
64504,-3.839238,8.947203,2
64505,1.4321475,12.581041,9
64506,4.327074,-1.8154553,2
64507,-3.9809775,1.8484133,1
64508,1.1629946,7.0788693,8
64509,4.916165,5.3423233,3
64510,3.3405662,-1.280777,2
64511,2.2171347,13.147638,9
64512,10.136098,3.3922732,6
64513,0.41720164,5.7132535,8
64514,-1.7938691,14.505462,4
64515,14.599104,6.558295,0
64516,-2.3660834,-2.9248064,1
64517,3.8361068,-1.7126503,2
64518,0.8282525,6.647598,8
64519,-0.31162634,14.117793,4
64520,2.9283602,5.8005056,5
64521,2.9330478,0.18348026,2
64522,-4.865244,11.912116,7
64523,0.22146367,5.6067104,8
64524,-2.7517147,-1.9641988,1
64525,-1.9845395,-3.5061264,1
64526,5.9768367,6.4266396,3
64527,15.0707245,7.516031,0
64528,5.8091445,5.6489954,3
64529,2.9691195,5.8372884,5
64530,-5.099259,12.154596,7
64531,14.209531,7.242308,0
64532,6.941256,4.695245,3
64533,-2.648751,-3.308869,1
64534,0.085677356,10.713032,9
64535,5.3632913,4.851432,3
64536,10.536768,4.8063,6
64537,6.6546016,5.336343,3
64538,-0.66230416,-4.313577,1
64539,-4.9554987,11.28329,7
64540,-3.3973422,8.366305,7
64541,5.212647,4.185376,3
64542,15.007403,7.519731,0
64543,1.144634,7.1434927,8
64544,-0.3289687,14.39456,4
64545,0.3808933,6.6888433,8
64546,1.9481769,-0.7272759,2
64547,11.402246,5.6555195,6
64548,6.206035,7.446033,5
64549,2.5078628,-0.9655564,2
64550,0.9544445,12.033223,9
64551,-4.4026933,11.262203,7
64552,6.215869,6.460272,3
64553,0.23369387,11.096104,9
64554,15.177462,8.616652,0
64555,1.1706828,12.536991,9
64556,-0.5273825,12.208066,9
64557,10.919235,5.4190197,6
64558,0.41643894,14.95126,4
64559,3.775489,-1.4540738,2
64560,1.7751744,12.036511,9
64561,-3.778434,9.83703,7
64562,4.4659085,-1.7028375,2
64563,-3.2693393,-0.29678687,1
64564,-2.89417,-0.7961582,1
64565,10.045805,3.5768878,6
64566,-3.5679548,11.108805,7
64567,-1.7300049,13.356017,4
64568,-3.836078,9.748546,7
64569,4.619734,7.3332,5
64570,-1.3531635,9.519556,9
64571,11.817721,5.5995607,6
64572,1.7423815,6.3469124,8
64573,2.441163,-1.3491117,2
64574,-1.9155282,-2.2448726,1
64575,1.2040118,11.927964,4
64576,0.43274358,14.129528,4
64577,2.4909496,4.7871914,5
64578,-3.912868,11.878156,7
64579,9.9338665,3.9070706,6
64580,-3.8392234,-0.5639804,1
64581,6.2122197,4.738,3
64582,3.0627985,-1.0412958,2
64583,2.5365646,4.4785843,5
64584,0.17490645,10.739249,9
64585,1.6036688,12.206486,9
64586,6.659912,4.782008,3
64587,11.336486,4.903689,6
64588,-1.0620141,-4.2738132,1
64589,-3.1234434,0.57902616,1
64590,-0.44245073,13.9691515,4
64591,11.313533,3.3383121,6
64592,1.3273777,11.640477,9
64593,-4.992095,12.045568,7
64594,2.5126226,-1.3317509,2
64595,-1.8024166,-3.2208762,1
64596,4.237125,7.575434,5
64597,-2.4816766,-0.750742,1
64598,0.21087374,13.639706,4
64599,9.959849,3.7877939,6
64600,5.8310523,4.2898097,3
64601,1.2225807,7.7875824,8
64602,-2.658004,-0.11892642,1
64603,-1.550809,-3.809183,1
64604,16.263145,8.312604,0
64605,5.725958,4.5984764,3
64606,-3.8328795,0.28091785,1
64607,10.23506,3.5274913,6
64608,0.94686466,5.9486327,8
64609,-1.2414056,14.410515,4
64610,0.15951633,11.677106,9
64611,15.321276,8.379816,0
64612,-4.2887244,10.32283,7
64613,6.359152,4.166929,3
64614,15.962481,8.729375,0
64615,4.1787667,-0.6183591,2
64616,1.1226721,11.896876,9
64617,15.965385,8.858498,0
64618,11.818831,4.5291224,6
64619,10.458309,3.2596,6
64620,10.830892,2.471138,6
64621,7.010787,5.329061,3
64622,11.342166,6.275374,6
64623,-4.9473023,11.614443,7
64624,-4.106215,10.568764,7
64625,1.6385993,-0.5007283,2
64626,1.073626,6.4696155,8
64627,11.181949,5.297247,6
64628,14.818792,8.583735,0
64629,0.2971471,6.988245,8
64630,5.907563,6.1666837,3
64631,14.882678,7.6348715,0
64632,2.9786074,-0.42411104,2
64633,0.7251459,11.985954,9
64634,1.1221349,7.072478,8
64635,5.4591537,6.7686357,3
64636,3.968068,-0.83654255,2
64637,4.158327,7.5859184,5
64638,7.071732,5.6191735,3
64639,0.49040836,12.07585,8
64640,0.7092467,6.428134,8
64641,14.222277,7.8776493,0
64642,14.436205,7.130259,0
64643,-1.2365129,-3.4466496,1
64644,-0.7191686,11.144992,9
64645,3.2461226,6.8206835,5
64646,-1.3528801,-2.1620686,1
64647,5.244793,5.596036,3
64648,-0.834028,11.682672,9
64649,10.328073,3.2979386,6
64650,15.507684,8.834201,0
64651,-2.3469908,-3.576237,1
64652,1.0611087,13.853741,4
64653,-2.9983337,-2.4166348,1
64654,-4.9226294,11.748342,7
64655,-1.0837404,-3.3176126,1
64656,3.6075766,0.4561932,2
64657,4.946528,5.164684,3
64658,-3.1649156,9.813682,7
64659,1.7692716,12.7492075,9
64660,-3.7863815,11.424939,7
64661,0.6208707,14.328159,4
64662,1.329166,12.484802,9
64663,0.1597224,11.677831,9
64664,6.2045074,4.801674,3
64665,0.4200313,12.955186,9
64666,1.7000277,-0.5545533,2
64667,0.8705114,6.4763093,8
64668,3.4066143,-0.57466716,2
64669,-3.977569,11.10617,7
64670,-2.3368971,-1.116748,1
64671,5.8610263,6.688392,8
64672,15.067558,6.045183,0
64673,-0.27252576,10.62039,9
64674,-3.4134626,-0.4085541,1
64675,14.599236,6.709912,0
64676,-2.7006319,-3.3365731,1
64677,-3.5929184,9.687868,7
64678,-4.290136,11.834037,7
64679,1.4822341,12.181119,9
64680,11.1831875,5.4904547,6
64681,2.1136546,12.548749,9
64682,0.46360847,12.533303,9
64683,-0.14722088,11.029622,9
64684,3.4625702,-1.4967405,2
64685,-1.435867,-4.2900047,1
64686,11.682968,5.9789534,6
64687,-2.0749898,-1.5817475,1
64688,6.1733365,6.444518,3
64689,4.4205775,7.1034646,5
64690,1.6191725,11.948506,7
64691,-2.4537718,-0.48257273,1
64692,0.8124319,11.972219,9
64693,-4.8582354,12.343296,7
64694,10.662583,4.1332626,6
64695,-0.69316286,14.612274,4
64696,5.635244,7.242254,5
64697,-4.858152,10.744716,7
64698,11.423639,4.957084,6
64699,-2.460722,-2.1241052,6
64700,0.6556469,12.455929,9
64701,1.1687814,12.3042145,9
64702,10.136584,3.9905465,6
64703,6.8212175,6.485336,3
64704,10.235394,2.569328,6
64705,2.1956437,-0.2924037,2
64706,-0.54478157,10.555088,9
64707,0.41825572,6.224394,8
64708,-2.5113053,-2.4596462,1
64709,2.2988098,0.1107286,2
64710,1.9382539,-0.19250245,2
64711,3.962097,6.773267,5
64712,-1.0132107,9.942253,5
64713,2.4080749,0.0809355,2
64714,6.8826995,5.305825,3
64715,-4.8646264,11.849648,7
64716,3.9059305,-0.8826843,2
64717,-3.729108,-0.22822715,1
64718,15.113976,8.09517,0
64719,-1.9825668,-1.3038062,1
64720,14.402651,6.7129517,0
64721,0.44821426,13.969083,4
64722,2.7022872,4.4658513,5
64723,2.1523242,-1.1251671,2
64724,2.1944873,6.7886386,8
64725,2.6782289,-1.0489368,2
64726,1.0782955,6.7506685,8
64727,4.965651,5.5163345,3
64728,3.001183,5.5047374,5
64729,-1.5833972,-3.7270038,1
64730,-5.0522237,12.156627,7
64731,0.5377672,6.604203,8
64732,-3.7405636,-0.5013303,1
64733,-2.9921749,0.037458718,1
64734,2.2183967,-0.31456524,2
64735,0.992995,12.594622,9
64736,-3.8589008,9.795295,7
64737,5.0714245,6.936805,8
64738,-0.7815508,12.882591,4
64739,16.688147,8.059637,0
64740,5.175886,5.8853292,3
64741,14.481959,8.194473,0
64742,-3.7505295,11.33559,7
64743,2.134667,7.734042,8
64744,1.0349693,6.4216805,8
64745,-0.3354748,12.880977,4
64746,-4.790865,11.873746,7
64747,-4.723608,9.461109,7
64748,0.22636463,7.2811723,8
64749,3.9810128,6.6356087,5
64750,1.423452,6.9289393,8
64751,-0.70707643,12.974028,4
64752,-0.45154724,11.418431,9
64753,0.6656468,6.0364265,8
64754,-2.4985049,-2.11377,1
64755,5.070912,5.2192593,3
64756,-0.6800889,5.567701,8
64757,15.167764,7.852947,0
64758,5.423016,5.1663585,3
64759,-2.9803743,-2.8077626,1
64760,-3.8493168,11.453614,7
64761,-2.1754189,10.370071,9
64762,4.2137103,6.925704,5
64763,5.170831,6.0317554,5
64764,-2.6487458,-1.5305756,1
64765,11.573863,6.2235975,6
64766,5.038094,7.4322224,5
64767,-5.369895,10.736681,7
64768,1.5280068,14.7182255,4
64769,0.713899,12.176471,9
64770,5.714933,5.4899945,3
64771,3.3395174,6.5119944,5
64772,-0.5158328,13.571265,4
64773,-3.7366607,9.905937,7
64774,-2.268963,-3.2484853,1
64775,2.6117635,-0.0023484838,2
64776,16.214249,8.42582,0
64777,0.6103092,6.2543793,8
64778,-0.63358957,-4.130452,1
64779,11.580336,6.049435,6
64780,14.669644,7.086928,0
64781,-4.2244887,9.468482,7
64782,5.308223,4.88018,3
64783,-0.23537308,12.827234,4
64784,-4.7036033,10.534908,7
64785,0.48288995,7.172139,3
64786,-0.7039627,10.2141905,9
64787,10.748202,4.3454876,6
64788,14.848417,6.0101686,0
64789,1.2131823,6.707049,8
64790,10.063303,3.429001,6
64791,-0.18250021,12.967855,4
64792,1.1097672,7.0607343,8
64793,-4.235012,9.38532,7
64794,-4.7870727,11.413072,7
64795,-0.044766407,10.717552,9
64796,5.6700244,4.5012307,3
64797,0.29273537,6.987225,8
64798,9.982922,3.1199303,6
64799,0.8166776,11.701139,9
64800,-4.7350087,10.2090025,7
64801,2.9544177,-0.48131555,2
64802,5.8125234,6.167108,3
64803,-0.85332996,14.086145,4
64804,15.704525,7.788512,0
64805,1.7154771,-0.6572643,2
64806,-0.81267095,-3.3409295,1
64807,15.213153,6.003427,8
64808,5.822457,6.882283,3
64809,2.934638,5.67233,5
64810,2.8527324,6.188143,5
64811,-4.8991556,11.03007,7
64812,1.7827675,-0.3761681,2
64813,-1.3798007,15.2847395,4
64814,11.514403,6.515718,6
64815,-4.2118826,10.234605,7
64816,3.0468671,0.5493606,2
64817,1.1248393,6.818309,8
64818,5.443057,4.999418,3
64819,15.444488,6.4929028,0
64820,1.3117352,7.4653735,8
64821,-4.9317923,11.511748,7
64822,1.2145494,6.404374,8
64823,0.45564803,13.824557,9
64824,14.8746,5.992059,0
64825,0.90012205,7.559673,8
64826,1.2532209,13.912728,4
64827,-0.08186401,13.062253,4
64828,5.27788,7.324459,5
64829,1.8149208,7.1462197,8
64830,3.7400148,6.001905,5
64831,11.181587,6.0582995,6
64832,10.116399,3.6990314,6
64833,5.840807,5.4831448,3
64834,15.868732,8.901242,0
64835,-0.062885955,11.320574,9
64836,5.6536303,5.201699,3
64837,-3.5645711,0.60352486,7
64838,10.379018,2.3197615,6
64839,0.74646384,6.2426543,8
64840,0.31495544,12.17847,9
64841,5.791699,4.9571996,3
64842,1.4378561,14.0377655,4
64843,-0.56336683,11.638096,9
64844,5.7951164,7.2804723,5
64845,1.1251856,6.696276,8
64846,1.0799351,12.190629,9
64847,-0.61072147,-4.0295506,1
64848,1.7686871,-0.21449769,2
64849,0.9350774,6.189777,8
64850,0.4991198,6.5072827,8
64851,10.819797,4.1383953,6
64852,1.8726431,7.421241,8
64853,-2.6635442,-1.582318,1
64854,6.3224483,5.7049074,3
64855,-4.3275795,9.3582735,7
64856,-0.24370162,11.746611,9
64857,14.113834,6.3818235,0
64858,-3.3138556,-2.1013186,1
64859,-3.0316653,-2.4795053,1
64860,-0.48732302,10.606114,4
64861,-3.6515772,10.028699,7
64862,15.088796,8.378203,0
64863,0.96931684,7.5963373,8
64864,-1.3390713,-2.154297,1
64865,-4.7440686,9.8714075,7
64866,0.894463,13.774515,4
64867,5.221711,7.3650565,5
64868,-3.6726882,8.346977,7
64869,-1.706209,-2.974626,1
64870,3.1719117,-1.2000327,2
64871,-2.7026622,-3.3889794,1
64872,-3.4711518,-0.21448703,1
64873,4.964459,5.3303933,3
64874,2.1701381,12.266604,9
64875,11.375823,4.8829894,6
64876,3.3871868,0.6003076,2
64877,-2.1003232,-3.2385378,1
64878,4.4396753,-1.8792222,2
64879,10.098069,4.354117,8
64880,14.578077,7.394903,0
64881,-4.72665,8.494535,7
64882,11.434351,5.087076,6
64883,11.143099,5.9026437,6
64884,-0.2717599,11.851187,9
64885,5.2391834,4.241097,3
64886,-3.77581,-0.29570976,7
64887,14.080304,6.879162,0
64888,6.0169673,7.5415716,5
64889,2.1369774,-0.02339398,2
64890,1.4825276,5.5489855,8
64891,15.024411,8.659935,0
64892,3.7371175,6.8341665,5
64893,0.40032554,13.253453,4
64894,5.8416867,4.5175743,3
64895,0.66663307,6.766919,8
64896,-0.091651104,13.039508,4
64897,10.731914,2.545915,6
64898,10.220957,2.5159328,6
64899,4.123621,-1.3858322,2
64900,-3.5512376,8.440998,7
64901,-0.43856195,11.356521,9
64902,4.284526,6.585604,5
64903,-0.6753898,-3.9319468,1
64904,5.796938,5.5530405,3
64905,1.7856673,-0.72726446,2
64906,0.008059029,14.745719,4
64907,5.296691,5.7114916,3
64908,10.65522,4.8197923,6
64909,-0.7464303,-4.4893837,1
64910,-0.24945365,11.611887,9
64911,-0.0013348311,12.027851,4
64912,0.19081612,13.89639,4
64913,-3.943757,11.089379,7
64914,11.732828,5.8105555,6
64915,3.7795534,7.4731255,5
64916,0.021213852,13.980245,4
64917,-2.3697796,-0.6306301,1
64918,0.17808399,12.156804,9
64919,0.11601855,11.898177,9
64920,4.148458,-1.1226852,2
64921,-3.2620513,8.763796,7
64922,1.2452235,6.743941,8
64923,16.218208,8.477881,0
64924,-1.2837939,-4.1312284,1
64925,6.0665584,6.5772185,3
64926,10.689552,4.3353643,6
64927,-2.4868262,-2.963379,1
64928,5.748243,4.122915,3
64929,-0.5615956,13.493558,4
64930,-0.86460656,-4.29325,1
64931,-2.2593865,-3.156701,1
64932,-3.6827192,0.19352087,1
64933,3.384935,7.084718,5
64934,11.268764,4.542312,6
64935,14.891452,7.123799,0
64936,-4.28584,8.754394,7
64937,15.445887,8.414503,0
64938,-4.5772996,12.04942,7
64939,1.8944645,-0.76764596,2
64940,6.324967,6.375395,3
64941,2.2957618,0.03640876,2
64942,5.041799,7.08945,5
64943,-4.479118,9.414973,2
64944,3.1433,0.031855922,2
64945,0.52842015,12.078659,9
64946,-1.330183,14.728937,4
64947,-0.05019288,11.310136,9
64948,1.0543156,7.4010644,8
64949,-2.149857,-3.185092,1
64950,4.0620527,-1.9870639,2
64951,-4.202572,2.0590904,1
64952,10.268348,2.7122211,6
64953,-1.9736078,-3.858249,1
64954,1.6292882,-0.64294904,2
64955,-5.046973,12.12985,7
64956,1.2659899,7.707435,8
64957,15.551716,8.791666,0
64958,15.694042,7.4182816,0
64959,14.18403,6.4050283,0
64960,0.3862065,6.5572267,8
64961,1.9851679,-0.17654043,2
64962,2.2005887,0.22635515,2
64963,-1.7060155,9.950885,9
64964,1.9320949,-0.239186,2
64965,1.9708108,-0.32011923,2
64966,-1.1679747,-2.567887,7
64967,0.90864223,11.526512,9
64968,2.1686363,12.33144,9
64969,1.6539448,-0.7702545,2
64970,-3.8354871,10.812498,7
64971,4.477885,7.1835337,5
64972,-3.5995603,-1.2516558,1
64973,5.898375,5.8767824,3
64974,0.20246935,14.267341,4
64975,-0.31058288,10.7279415,9
64976,0.38389066,13.9184885,4
64977,-1.3981764,-2.492,1
64978,0.47782227,7.4617352,8
64979,5.452003,7.683631,5
64980,10.760488,5.339859,6
64981,1.995588,-0.10507838,2
64982,1.7537513,7.1019983,8
64983,6.347766,4.674584,3
64984,-1.0072322,-4.2536526,1
64985,3.2325845,0.42040044,2
64986,1.4745926,6.931632,8
64987,-0.6703018,13.269806,4
64988,-0.036735136,11.488599,9
64989,-0.15832895,11.662877,9
64990,4.7641106,4.807742,3
64991,-3.9883986,10.547554,7
64992,14.645203,8.697431,0
64993,-4.2789235,11.350057,7
64994,-4.8413944,11.636197,7
64995,1.7933149,-0.35821736,2
64996,6.724788,6.2002587,3
64997,2.2123504,0.046727065,2
64998,-0.25023943,13.206949,4
64999,15.137849,8.554294,0
65000,5.7965336,6.04744,3
65001,-0.10665467,11.251315,9
65002,-0.26650754,10.547599,9
65003,-0.14929788,6.080574,8
65004,-0.3871477,14.83354,4
65005,-3.9865255,-0.1178038,1
65006,16.268425,7.1891675,0
65007,11.47561,3.517601,6
65008,16.710608,7.137646,0
65009,-0.9125299,10.587284,9
65010,10.703563,3.223398,6
65011,-0.046010155,5.3793635,8
65012,11.560964,4.644786,6
65013,-2.4603171,-0.39601594,1
65014,-3.470646,-0.9097938,1
65015,-0.21090408,10.671987,9
65016,0.17886245,6.9861393,8
65017,0.35170582,10.977688,9
65018,3.7271657,-0.87364274,2
65019,6.6591434,4.6667213,3
65020,4.274053,6.1240067,5
65021,4.019164,5.7427073,5
65022,0.009312797,10.905539,9
65023,-1.7142309,13.98835,4
65024,2.7493403,-0.01775594,2
65025,-3.804648,1.0016937,1
65026,-0.5262001,10.514674,9
65027,-1.6740187,13.553819,4
65028,5.5277896,4.909566,3
65029,-0.3060749,10.770204,9
65030,11.474331,3.3686416,6
65031,16.33008,7.017844,0
65032,-1.752461,14.459418,4
65033,16.236904,6.639436,0
65034,11.084216,3.7839067,6
65035,16.502811,7.9962544,0
65036,-3.36204,0.33123577,1
65037,2.9012,-0.16616322,2
65038,6.711228,4.049795,3
65039,-1.1943296,14.829436,4
65040,-4.066324,9.179162,7
65041,0.19456756,6.09176,8
65042,-0.96074784,10.846546,9
65043,16.190706,8.201064,0
65044,-3.2163415,-0.40160525,1
65045,2.5332289,-0.81094635,2
65046,6.82582,4.0762043,3
65047,-1.9342413,14.454499,4
65048,-3.714189,8.324628,7
65049,0.28572646,5.4946256,8
65050,-1.2093421,10.476715,9
65051,16.462925,7.720441,0
65052,-3.6669593,0.28867137,1
65053,3.4544983,0.07876272,2
65054,6.5483346,3.909855,3
65055,-1.9016448,14.5960865,4
65056,2.5954697,4.732776,5
65057,11.71976,4.050762,6
65058,-3.7125416,8.359335,7
65059,-0.13803677,5.466883,8
65060,-0.73763955,10.269796,9
65061,0.9257315,6.5791883,8
65062,5.604829,4.1330366,3
65063,-1.854569,13.824288,4
65064,-3.905497,9.320549,7
65065,0.2712035,5.396005,8
65066,11.612042,3.7209744,6
65067,6.4621615,3.5664427,3
65068,-2.1468606,13.960497,4
65069,16.381714,7.5550103,0
65070,-0.29008737,10.32605,9
65071,-4.96292,9.400458,7
65072,-3.4920902,0.6024249,1
65073,-0.62291706,10.72241,9
65074,6.290547,4.0416927,3
65075,-0.00067357585,5.5207834,8
65076,-1.768465,14.530953,4
65077,-3.9906876,9.040068,7
65078,6.385473,3.6066058,3
65079,16.148369,7.3618274,0
65080,-0.37955973,10.566748,9
65081,-2.9090962,-0.31849098,1
65082,-1.1409578,15.176227,4
65083,2.5448892,4.6851606,5
65084,-1.7709602,14.729882,4
65085,11.422297,3.6603613,6
65086,3.7608955,-0.13976793,2
65087,16.041441,7.4423304,0
65088,11.571668,3.8548412,6
65089,4.4783397,-0.5856207,2
65090,-3.1048892,1.0833073,1
65091,-3.1314478,1.2722324,1
65092,-3.1509147,0.87915766,1
65093,-4.183548,0.92778385,1
65094,-4.6574097,9.32845,7
65095,4.277091,-0.8182134,2
65096,-1.4984442,14.438575,4
65097,-5.103231,10.264749,7
65098,3.137763,5.7866535,5
65099,3.9354167,-0.82618946,2
65100,-0.99141496,10.249358,9
65101,-1.686978,14.446513,4
65102,2.9005034,5.271172,5
65103,-0.30728406,6.3300705,8
65104,-1.5661958,14.803172,4
65105,4.286987,-0.65115607,2
65106,-0.82819986,10.126026,9
65107,-4.402688,8.845905,7
65108,16.34831,7.741034,0
65109,16.228418,7.313758,0
65110,-4.1514425,8.698547,7
65111,2.6489239,4.7636437,5
65112,-3.854289,1.4642477,1
65113,-3.6736598,0.37935865,1
65114,-4.7190065,9.874417,7
65115,11.4887705,4.1392593,6
65116,11.644285,3.6621654,6
65117,11.747807,4.8424716,6
65118,0.7079755,5.5406904,8
65119,3.578262,-0.8027037,2
65120,4.0371814,-0.7187018,2
65121,-3.9674258,9.1915245,7
65122,-4.33912,8.88024,7
65123,-1.5830387,14.930147,4
65124,16.400408,7.5058327,0
65125,3.8127148,-0.43875954,2
65126,-1.7031906,14.658948,4
65127,3.8625298,-0.8202712,2
65128,-2.7860522,0.14082809,1
65129,-0.055601828,6.3758006,8
65130,-1.0254959,10.656635,9
65131,11.016053,3.210754,6
65132,-3.4155054,1.5462041,1
65133,16.200272,7.2318687,0
65134,2.5680957,4.581614,5
65135,-0.879889,10.552833,9
65136,11.711448,4.616815,6
65137,-1.2781539,10.723083,9
65138,0.1612935,5.544996,8
65139,16.07113,7.284274,0
65140,6.4670043,3.5200083,3
65141,16.03469,7.411592,0
65142,-0.21396305,5.787744,8
65143,6.841965,4.3394723,3
65144,-1.5809361,10.247217,9
65145,11.382977,4.1971045,6
65146,5.972418,3.4232445,3
65147,16.149218,7.732691,0
65148,-3.0453577,0.14464167,1
65149,2.164991,-0.1356018,2
65150,6.393209,4.114166,3
65151,0.7691889,14.025041,4
65152,4.580034,7.130873,5
65153,11.782331,5.6427965,6
65154,-3.7223551,9.103069,7
65155,16.768085,7.893261,0
65156,-2.9196324,-1.357881,1
65157,1.6389778,-0.003919348,2
65158,6.7458506,4.323132,3
65159,-1.0332762,12.344486,4
65160,3.8306444,6.7199087,5
65161,11.523458,5.770747,6
65162,-3.8189993,10.061276,7
65163,-0.05035287,5.8894424,8
65164,-1.2982891,10.200889,9
65165,16.159517,8.3529005,0
65166,-4.317572,1.4887884,1
65167,2.1848226,-0.037599456,2
65168,5.7709513,4.0264697,3
65169,0.44798496,13.9490385,4
65170,3.606704,5.5071716,5
65171,11.33463,5.2752256,6
65172,-4.3815007,10.100546,7
65173,0.9376316,5.9731708,8
65174,3.460549,6.2365336,5
65175,0.21015884,13.600115,4
65176,0.2245802,7.4668593,8
65177,-4.399231,10.262838,7
65178,-0.15306343,13.7329,4
65179,-5.087938,11.143598,7
65180,-4.237963,10.296721,7
65181,5.1442776,4.7890706,3
65182,-1.4924392,10.954246,9
65183,0.27101958,7.205039,8
65184,0.35572267,6.837402,8
65185,5.33354,5.0859823,3
65186,-2.2545416,-0.8387281,1
65187,4.7899146,7.0598063,5
65188,0.036709275,6.515046,8
65189,2.1463668,-0.054406,2
65190,-3.862897,8.740014,7
65191,0.96761084,14.87681,4
65192,1.8142235,-0.5480003,2
65193,-3.542796,-0.5606195,1
65194,3.4856393,5.7375803,5
65195,0.66036946,14.223466,4
65196,3.8018022,6.535489,5
65197,3.8618119,6.5651217,5
65198,-0.2922786,6.2277412,8
65199,11.060156,5.168082,6
65200,0.20674413,13.550406,4
65201,1.009621,14.644961,4
65202,0.8910564,14.337669,4
65203,-2.1782885,-3.4773288,1
65204,0.49109998,6.6995063,8
65205,-3.9004164,8.389063,7
65206,4.88403,6.972774,5
65207,4.173143,6.102487,5
65208,-2.8520293,-0.6906414,1
65209,4.565143,6.864065,8
65210,0.36490762,11.751224,9
65211,-3.3657935,-1.733316,1
65212,5.4449706,4.138124,3
65213,10.682363,4.519861,6
65214,5.290864,4.839258,3
65215,5.1921134,5.180981,3
65216,2.160664,-0.0016197541,2
65217,1.6633159,-0.18632504,2
65218,11.633555,5.7123857,6
65219,-1.2788557,10.717083,9
65220,-0.123617135,11.108,9
65221,11.679129,5.726523,6
65222,3.2860985,5.7568164,5
65223,3.3155541,5.602022,5
65224,6.0488033,3.7471986,3
65225,5.9134865,3.741889,3
65226,-0.35309783,6.07462,8
65227,-2.5700824,-0.28701267,1
65228,10.430562,4.3331027,6
65229,3.7988522,6.1053934,5
65230,11.248741,5.271784,6
65231,-0.11460522,6.287016,8
65232,-2.629601,-0.1851475,1
65233,-0.47693917,10.895032,9
65234,-3.6054044,10.0722,7
65235,11.511762,5.6118054,6
65236,0.9170996,6.4916525,8
65237,5.8093,3.8450124,3
65238,-4.0563693,9.646507,7
65239,-0.24787007,13.397122,4
65240,-4.0902734,10.222543,7
65241,15.633394,8.384888,0
65242,-1.264425,10.668243,9
65243,16.679113,8.109009,0
65244,16.305674,8.532171,0
65245,5.1960535,4.3333464,3
65246,-3.35586,8.567438,7
65247,-1.5141578,9.995818,9
65248,6.4118752,3.8577147,3
65249,16.339645,7.729214,0
65250,2.7340682,-0.03732362,2
65251,16.62138,8.186867,0
65252,-4.0283613,1.2129202,1
65253,16.072472,6.4893546,0
65254,-2.9983478,0.7505211,1
65255,15.802049,6.6939926,0
65256,-0.028489465,14.982079,4
65257,15.896671,6.6756797,0
65258,-3.8609028,1.4930586,1
65259,16.250523,7.8032737,0
65260,-1.3405824,15.353295,4
65261,-3.5467424,8.600853,7
65262,-1.9115745,9.811769,9
65263,11.49446,4.7409186,6
65264,1.875952,-0.3081389,2
65265,11.725432,4.9000893,6
65266,2.0985458,-0.057271298,2
65267,2.2888787,-0.077659085,2
65268,-1.6521795,9.680377,9
65269,-2.0083532,9.832427,9
65270,15.156041,6.7392764,0
65271,-2.7024868,-0.881348,1
65272,3.7506125,-1.0477937,2
65273,6.0418215,6.0418663,3
65274,-0.39370137,13.766325,4
65275,4.5258293,7.149068,5
65276,10.846889,4.8833237,6
65277,-4.3302484,10.023214,7
65278,-0.084900215,7.382295,8
65279,0.15309331,12.081367,9
65280,15.012989,6.9603534,0
65281,-3.025569,0.898392,1
65282,4.191102,-1.205667,2
65283,6.0928044,6.181091,3
65284,-0.5647825,14.534934,4
65285,4.4231596,7.3649216,5
65286,10.796608,4.1648145,6
65287,-5.2235284,11.072362,7
65288,-0.9337131,6.2457576,8
65289,0.37537602,11.932189,9
65290,15.732892,7.33768,0
65291,-3.39855,0.3784,1
65292,4.706494,-1.1120449,2
65293,6.984036,5.2539034,3
65294,-0.05302641,14.967639,4
65295,4.235294,7.2341,5
65296,10.568386,3.3548927,6
65297,-5.037555,9.60817,7
65298,-0.9231389,6.044554,8
65299,-1.0103811,11.231013,9
65300,0.2847918,6.5455275,8
65301,14.459616,6.3004513,0
65302,4.93829,6.8929853,5
65303,10.493426,4.8027477,6
65304,10.54128,4.2747407,6
65305,15.395167,7.1415586,0
65306,-0.03885657,5.9843693,8
65307,14.9747925,6.4006467,0
65308,4.66168,-1.4226707,2
65309,7.069706,4.9785705,3
65310,-5.1177964,10.209133,7
65311,-1.9373138,10.412863,9
65312,-1.1624041,14.7449255,4
65313,-4.970804,10.835348,7
65314,-3.5675821,0.69371027,1
65315,-0.26950252,11.000723,9
65316,-3.7806199,0.95011896,1
65317,-5.100783,10.254253,7
65318,-3.0682797,0.32083476,1
65319,-0.8888846,14.565007,4
65320,15.201031,6.860032,0
65321,14.62121,6.6931205,0
65322,-0.7685627,13.488958,4
65323,-4.115357,0.5378664,1
65324,-4.2073054,9.940773,7
65325,4.3441453,6.7438602,5
65326,-4.8124003,10.435764,7
65327,-3.3725436,0.954039,1
65328,5.9644885,5.353551,3
65329,6.8976927,5.270171,3
65330,6.7363906,5.1207485,3
65331,-1.9257715,-0.95227313,1
65332,11.14077,3.6257687,6
65333,-0.030427072,11.182649,9
65334,-4.7208896,9.912694,7
65335,-1.0278046,14.444034,4
65336,5.695951,4.8204007,3
65337,14.514958,7.5302362,0
65338,4.659966,-1.2308198,2
65339,4.593184,6.9392877,5
65340,4.312001,-1.4309417,2
65341,10.6874485,5.3348036,6
65342,14.93708,7.111403,0
65343,0.08150771,6.5897956,8
65344,0.71606445,11.744944,9
65345,-0.1955812,13.672317,4
65346,6.6746287,4.802599,3
65347,4.754894,7.306991,5
65348,-0.54950845,13.5213175,4
65349,-0.30933633,5.916215,8
65350,-2.8565876,0.0516764,1
65351,4.4341044,6.7381225,5
65352,0.15982354,11.045954,9
65353,15.1690645,7.004327,0
65354,10.466389,4.529576,6
65355,-0.5952527,14.873649,4
65356,5.5699387,4.8519053,3
65357,10.815995,2.6403077,6
65358,6.727351,4.3248515,3
65359,6.302088,4.45342,3
65360,-0.039662104,6.822545,8
65361,-2.9262762,0.6076519,1
65362,-1.0507218,14.160386,4
65363,-4.780755,10.04213,7
65364,4.5380144,7.6739926,5
65365,-5.090593,10.014773,7
65366,4.184533,-1.0020264,2
65367,4.557862,-1.0642538,2
65368,14.651278,6.9136214,0
65369,14.635156,7.8722305,0
65370,-2.7053034,-1.9219494,1
65371,-4.693201,10.154406,7
65372,-4.0995507,9.314176,7
65373,0.3094547,11.045676,9
65374,3.7440338,6.0120473,5
65375,-0.9473219,11.529043,9
65376,-0.2169491,6.2770476,8
65377,1.273109,11.919434,9
65378,10.894894,3.3889065,6
65379,-0.6778871,5.725587,8
65380,-0.02122752,7.0967474,8
65381,4.3716154,-1.5074272,2
65382,6.8590083,6.1891465,3
65383,10.622492,5.1451144,6
65384,-2.0013108,-1.5906209,1
65385,3.5867147,-1.6772704,2
65386,0.59555733,11.612908,9
65387,0.047697052,5.837954,8
65388,0.15938435,11.642108,9
65389,4.6659203,6.8937144,5
65390,4.7736993,-1.1330761,2
65391,10.352691,4.573917,6
65392,3.6295662,-1.7942421,2
65393,-0.46769896,14.447169,4
65394,-0.55276436,5.5440784,8
65395,-1.3414747,14.148158,4
65396,10.072637,3.5186775,6
65397,5.0654674,7.3484764,5
65398,15.110979,6.457343,0
65399,-2.738637,-0.07514276,1
65400,3.6649978,5.9593096,5
65401,10.697374,4.1760607,6
65402,-3.9438946,10.046705,7
65403,0.9545398,6.7663894,8
65404,-0.8123234,10.8970785,9
65405,15.535345,7.277075,0
65406,-3.7205153,0.44561332,1
65407,3.0886855,-0.023182165,2
65408,6.628716,4.141801,3
65409,-1.4311286,14.380515,4
65410,3.9694066,6.137443,5
65411,11.795114,5.4177833,6
65412,-4.8811827,10.132765,7
65413,0.7577715,6.77751,8
65414,-0.91694653,11.057686,9
65415,15.508677,8.320554,0
65416,-3.14114,-0.99257696,1
65417,3.1936529,-1.0455045,2
65418,5.7577906,3.9806435,3
65419,-1.5675765,14.251446,4
65420,3.5971878,5.3935413,5
65421,11.602883,4.633406,6
65422,-5.395473,11.09589,7
65423,0.40386918,6.722111,8
65424,-0.3801922,11.010662,9
65425,-4.5499883,10.283738,7
65426,-1.4782115,14.119853,4
65427,3.374089,-0.8896581,2
65428,16.063438,8.1349125,0
65429,-1.0706519,10.593153,9
65430,16.060982,8.086182,0
65431,-3.4071872,-0.2315461,1
65432,4.0166388,6.407397,5
65433,0.90780413,6.3857436,8
65434,1.0404245,6.594708,8
65435,14.375172,6.382066,0
65436,4.078563,-1.2192049,2
65437,-4.894273,10.109213,7
65438,0.61992574,6.6123133,8
65439,-1.5869751,13.787816,4
65440,-1.2255187,14.292336,4
65441,11.510079,5.479332,6
65442,-3.0775344,0.87113214,1
65443,16.171915,8.33261,0
65444,-1.7852671,13.989253,4
65445,3.5347822,5.3161917,5
65446,5.5643554,4.87319,3
65447,-0.9335302,10.9928465,9
65448,-1.3409935,14.494764,4
65449,3.9184675,-0.7825986,2
65450,15.808292,8.441743,0
65451,3.45923,6.696293,5
65452,15.73451,8.601318,0
65453,-3.1277602,-1.2709398,1
65454,6.5000253,3.8860505,3
65455,2.4055605,-0.57211643,2
65456,0.2872124,11.414598,9
65457,-1.8562988,-0.85013735,1
65458,11.723346,5.998106,6
65459,16.30548,8.256623,0
65460,-3.90585,-0.47630933,1
65461,-3.5333157,0.6338638,1
65462,0.5505665,6.773225,8
65463,15.450727,7.351265,0
65464,-1.3099557,14.198268,4
65465,-5.091898,11.061458,7
65466,-4.9249935,10.489805,7
65467,11.628651,5.036194,6
65468,6.0592723,3.5181608,3
65469,11.593257,5.7494,6
65470,16.264742,8.302834,0
65471,-3.5530813,9.2424965,7
65472,6.030445,3.9281857,3
65473,4.685026,6.981346,5
65474,-0.8131349,14.15533,4
65475,2.538432,-0.19152483,2
65476,-1.1989765,14.435586,4
65477,-3.6224563,0.18571664,1
65478,0.71732676,6.7538567,8
65479,6.8520637,4.495796,3
65480,3.3592534,6.2762675,5
65481,11.759075,5.5761275,6
65482,-4.9665213,10.347916,7
65483,15.840089,7.008002,0
65484,11.642093,5.0528364,6
65485,-4.4265733,10.607306,7
65486,-3.3521926,1.4084233,1
65487,3.5836098,-0.96239203,2
65488,5.0167775,7.118752,5
65489,0.3136211,6.219443,8
65490,-4.1216974,0.43429905,1
65491,-0.25900555,10.498247,9
65492,6.0456786,3.7671137,3
65493,0.72231305,6.647878,8
65494,2.1479614,-0.06966426,2
65495,1.1102777,7.4262905,8
65496,-3.849842,8.809047,7
65497,11.646459,5.042955,6
65498,-4.34331,9.598181,7
65499,-4.2009473,0.5391799,1
65500,-1.7903376,14.413373,4
65501,11.787204,5.2443433,6
65502,3.0507922,-0.23438716,2
65503,-0.3566757,10.54559,9
65504,6.6723104,3.8833182,3
65505,14.080648,6.9345694,0
65506,-1.3633269,-3.9706674,1
65507,2.1393442,0.010043865,2
65508,6.7845798,5.166981,3
65509,0.8473406,13.586067,4
65510,5.3072877,7.4668374,5
65511,10.629301,5.113744,6
65512,-4.3364315,11.452562,7
65513,14.277192,7.319236,0
65514,-1.4464357,-4.0222397,1
65515,2.0283263,-0.004663318,2
65516,6.967182,6.058939,3
65517,0.8391333,13.761823,4
65518,5.507113,7.559681,5
65519,14.080582,6.457883,0
65520,-1.433193,-3.8685951,1
65521,2.0691743,0.2548978,2
65522,2.3928142,7.082607,8
65523,0.88919115,12.377379,9
65524,-1.948131,-3.6714163,1
65525,-0.46402684,12.922391,4
65526,14.780041,6.1252213,0
65527,0.8186242,11.852782,9
65528,5.0548487,7.143513,5
65529,14.323176,6.4553328,0
65530,2.2354124,7.0242996,8
65531,15.187922,7.337637,0
65532,-3.5273597,10.91583,7
65533,-4.3003306,10.009595,7
65534,-2.373092,-2.6729782,1
65535,-2.085372,-3.5376832,1
65536,1.7158221,-0.42473847,2
65537,0.77138597,11.764585,9
65538,5.9288616,5.451419,3
65539,11.402663,5.1516204,6
65540,-4.388885,10.288424,7
65541,1.9614568,-0.57913035,2
65542,5.6665273,4.2867002,3
65543,2.2006862,7.020998,8
65544,-1.832941,-3.0368936,1
65545,2.7705731,-0.0015775216,2
65546,0.40284944,11.6113,9
65547,2.409487,7.1308913,8
65548,2.2097056,7.0438304,8
65549,-4.583541,11.261839,7
65550,-1.5754204,-3.5760007,1
65551,-4.6905284,11.212099,7
65552,-1.8714204,-2.940182,1
65553,-1.54368,-3.562249,1
65554,14.222054,7.2919483,0
65555,6.11062,5.586727,3
65556,-0.61111027,13.065969,4
65557,1.9496621,-0.10640305,2
65558,11.705787,5.8024774,6
65559,-0.22013696,13.03608,4
65560,-4.600819,10.733038,7
65561,-0.5262628,13.099513,4
65562,2.050575,-0.208825,2
65563,-3.8459756,9.965716,7
65564,-1.2632185,13.392689,4
65565,0.30115062,11.911485,9
65566,-1.7338158,-2.4443316,1
65567,14.437511,6.148579,0
65568,11.253015,5.9897704,6
65569,2.413684,7.0708776,8
65570,4.6203117,6.9622154,5
65571,5.3676844,7.2307844,5
65572,5.138297,7.610792,5
65573,5.9269857,5.5044556,3
65574,5.162365,7.5022964,5
65575,0.1245907,11.216474,9
65576,-4.3584614,9.490332,7
65577,-0.8309276,12.992729,4
65578,1.2647486,6.181973,8
65579,4.1426525,7.5207577,5
65580,0.7311742,11.5809,9
65581,11.1570635,5.599598,6
65582,1.0741158,11.942378,9
65583,5.6231465,5.62151,3
65584,14.798307,7.956045,0
65585,5.780423,4.9159155,3
65586,14.883958,5.864137,8
65587,-0.017506648,11.74317,9
65588,-1.6442131,-2.3737226,1
65589,0.5423312,7.052401,8
65590,-1.9235399,-2.852692,1
65591,10.882902,4.272494,6
65592,14.399355,7.0549664,0
65593,16.19185,8.025082,0
65594,-0.7697206,-3.9144938,1
65595,2.819538,0.11372481,2
65596,6.0240064,5.816237,3
65597,-0.3099538,12.947996,4
65598,3.346568,6.470528,5
65599,10.924448,5.6245217,6
65600,-1.4344354,11.68766,7
65601,0.19309641,6.584424,8
65602,-0.37473008,11.956946,9
65603,14.965493,8.886169,0
65604,-1.5933481,-3.5561829,1
65605,2.213802,0.050383426,2
65606,6.0466394,5.87785,3
65607,-0.358545,12.972898,4
65608,2.7365773,4.6628456,5
65609,11.550443,6.0241866,6
65610,-4.6018786,11.937774,7
65611,0.08488115,6.1439447,8
65612,-0.1456506,12.0981655,9
65613,15.577752,8.8425665,0
65614,-0.8996792,-3.8750794,1
65615,2.0676334,0.0003273494,2
65616,7.06308,5.2784247,3
65617,-0.1596313,13.014795,4
65618,4.053704,6.3934383,5
65619,10.919508,5.740344,6
65620,-4.4779034,12.035667,7
65621,0.9435403,7.1772757,8
65622,-0.5655737,12.181679,9
65623,6.3593845,6.498382,3
65624,3.5231144,5.830847,5
65625,6.8174157,5.0368237,3
65626,2.0918856,0.008057211,2
65627,0.49603245,12.340768,9
65628,7.0615225,5.230966,3
65629,2.0731301,0.0059816497,2
65630,-1.4381521,-3.8604589,1
65631,-0.5469193,12.865422,4
65632,3.8649971,6.4208207,5
65633,3.1661704,6.0941553,5
65634,2.220039,0.08193412,2
65635,5.7441974,5.7020926,3
65636,2.853887,0.021830307,2
65637,-0.96779776,-3.3316824,1
65638,6.8175335,6.440942,3
65639,0.3880206,12.663704,9
65640,-4.5798397,11.780199,7
65641,2.3985121,0.0022186495,2
65642,-2.0462396,-1.1308258,1
65643,2.4382102,-0.13938607,2
65644,0.78846043,6.9816265,8
65645,-1.2398579,11.478046,9
65646,-1.9637719,-2.1720588,1
65647,0.855082,7.009196,8
65648,0.7672534,7.252576,8
65649,-4.12484,11.186907,7
65650,1.0761232,7.3861575,8
65651,-1.926913,-3.427035,1
65652,14.581498,7.205157,0
65653,14.476292,7.4278774,0
65654,-3.204593,10.160673,7
65655,-3.2374966,9.6466,7
65656,0.97829,6.430334,8
65657,-4.143225,11.035793,7
65658,3.2336845,5.146977,5
65659,14.835638,7.3603315,0
65660,10.579847,4.9911776,6
65661,-2.049932,-1.5028603,1
65662,4.965338,6.6025114,5
65663,-4.0385427,11.174656,7
65664,-1.0152112,13.238208,4
65665,10.334996,4.6385818,6
65666,-2.8174384,-1.9671031,1
65667,2.8372138,0.06480275,2
65668,3.6750684,7.0712314,5
65669,14.763932,8.418071,0
65670,-4.7735553,11.445914,7
65671,-0.5746219,11.14954,9
65672,0.22252275,11.689724,9
65673,15.1382265,8.4893875,0
65674,7.016884,5.428037,3
65675,0.9537603,6.437878,8
65676,-0.21236111,13.472523,4
65677,-1.1487876,12.993007,4
65678,9.791789,2.74407,8
65679,-2.2114193,-3.4015381,1
65680,1.1840769,6.6841726,8
65681,10.56247,5.3070703,6
65682,3.771963,7.100104,5
65683,1.0881546,12.70407,9
65684,14.586169,8.326616,0
65685,14.48948,8.091783,0
65686,14.558052,8.405794,0
65687,5.9621816,5.9603653,3
65688,-4.1771383,11.311803,7
65689,-1.9160467,-3.3634043,1
65690,10.946698,5.9651566,6
65691,-2.0726197,-3.8861086,4
65692,2.3747897,-0.0893543,2
65693,10.498095,5.0996575,6
65694,11.39536,5.7011433,6
65695,14.933161,8.509794,0
65696,0.23268136,13.210406,4
65697,4.067451,6.6938715,5
65698,-0.45540264,12.887909,4
65699,-1.6878039,-3.628681,1
65700,6.1046467,4.8768787,3
65701,0.49815,6.8026924,8
65702,10.943511,5.629961,6
65703,6.115785,6.268885,3
65704,1.2922271,12.251177,9
65705,0.5025723,12.465653,9
65706,2.99989,5.9068093,5
65707,0.63813925,11.850623,9
65708,6.042663,5.4766254,3
65709,-3.559186,10.695176,7
65710,1.1587745,6.91609,8
65711,4.1837196,6.9547048,5
65712,10.881091,5.6090937,6
65713,-0.02158846,13.238935,4
65714,-0.5699362,11.876572,7
65715,10.599708,5.3887324,6
65716,2.1660614,0.06976178,2
65717,1.9551485,-0.12550469,2
65718,14.617922,8.11021,0
65719,0.31553853,12.063473,9
65720,-0.5390277,12.823109,4
65721,14.456615,6.788519,0
65722,-2.0623622,-1.279518,1
65723,3.8116803,-1.1015009,2
65724,5.951635,5.676675,3
65725,0.84387517,14.723171,4
65726,4.338446,7.39179,5
65727,11.062252,4.728629,6
65728,-4.931802,10.961757,7
65729,-0.047038402,6.3741837,8
65730,-0.8489181,10.750538,9
65731,14.842134,6.6586432,0
65732,-2.3636487,-1.044584,1
65733,3.4761631,-1.0238705,2
65734,-3.817336,11.361119,3
65735,4.926002,6.2056184,5
65736,11.191204,4.4860215,6
65737,15.495766,8.133492,0
65738,-2.767596,-0.6816985,1
65739,3.9141717,-1.1023003,2
65740,6.1772375,6.3528123,3
65741,-0.25109714,14.759077,4
65742,4.5656557,6.5951157,5
65743,10.7988405,3.8152423,6
65744,0.049855087,5.5906734,8
65745,-3.423287,9.600335,7
65746,-3.0553405,0.670498,1
65747,5.6619716,4.933072,3
65748,4.353885,-0.9779614,2
65749,0.29313225,6.00099,8
65750,16.021067,7.5506983,0
65751,-4.559427,8.950658,7
65752,5.0819182,6.022404,5
65753,-0.5330778,10.221236,9
65754,1.4187242,11.76329,9
65755,11.778756,4.745916,6
65756,16.524183,7.921655,0
65757,-2.0776963,10.508676,9
65758,-1.032886,15.113148,4
65759,-3.1677935,0.6366982,1
65760,6.422598,3.9009175,3
65761,4.5709047,-1.3192405,2
65762,-2.393819,-0.5821555,1
65763,4.4017763,-1.302632,2
65764,5.8072243,5.0615,3
65765,-0.50188404,6.1856847,8
65766,5.6405687,4.8842845,3
65767,3.4089632,-1.0827494,2
65768,11.615579,5.2286515,6
65769,10.013638,4.273292,5
65770,11.298748,4.05532,6
65771,0.16611588,5.976313,8
65772,2.8952866,-1.1880733,2
65773,-4.557326,11.954822,7
65774,-0.41762072,13.751091,4
65775,-0.09020276,6.3392334,8
65776,-3.142611,-1.5388993,1
65777,0.12964006,6.4821115,8
65778,15.450903,6.4757395,0
65779,4.385478,6.7339544,5
65780,6.2406373,3.9318247,3
65781,-1.0214292,10.837593,9
65782,1.1733005,14.780611,4
65783,-2.000972,-1.5383104,1
65784,1.3653561,11.857765,9
65785,3.9888852,-0.9610315,2
65786,-2.0883093,-1.1257968,1
65787,-0.6462581,10.486576,9
65788,11.475505,4.9148808,6
65789,-4.327264,9.92519,7
65790,-0.092428386,11.117211,9
65791,15.861542,8.04649,0
65792,-1.2737087,15.275587,4
65793,10.7734995,4.2607927,6
65794,-3.3473163,-0.66205704,1
65795,-4.377169,9.592402,7
65796,6.697158,4.928151,3
65797,0.027869644,5.499301,8
65798,-4.2745867,10.360878,7
65799,2.802227,-1.1471899,2
65800,1.4404612,11.929939,9
65801,11.836993,4.91651,6
65802,4.6047034,7.214227,5
65803,0.15027837,5.5079145,8
65804,5.90721,4.6047335,3
65805,-1.3588175,10.279541,9
65806,15.845767,7.4418783,0
65807,4.436804,6.8593507,5
65808,-4.0538807,9.426705,7
65809,-3.179563,1.026878,1
65810,11.283301,3.8086104,6
65811,-3.3432178,0.016126266,1
65812,15.476663,6.202668,0
65813,-0.21924159,10.96361,9
65814,6.5584507,6.6340985,3
65815,6.834424,5.9447093,3
65816,-0.066210546,14.985705,4
65817,-0.22680698,14.83268,4
65818,15.037215,6.443748,0
65819,10.421413,3.8337262,6
65820,4.1805286,-1.0168656,2
65821,5.051597,6.6176157,5
65822,-0.20025806,14.975668,4
65823,3.2426395,-1.2887408,2
65824,4.9065676,5.2722473,3
65825,0.86150706,14.923806,4
65826,11.2784195,5.9440246,6
65827,14.925762,6.5077763,0
65828,14.5928135,7.63467,0
65829,3.2187982,-0.20651302,2
65830,15.721765,8.528029,0
65831,-1.6038916,-2.5234017,1
65832,-0.8393008,13.563786,4
65833,4.8304405,7.273369,5
65834,11.296088,3.9861808,6
65835,0.7964064,11.483602,7
65836,0.94823277,6.0814514,8
65837,0.55315036,12.018571,9
65838,16.145176,7.7942405,0
65839,-4.1015625,0.65117985,1
65840,3.6748965,-0.15687664,2
65841,6.518946,6.6188393,3
65842,-0.93665415,12.422686,4
65843,5.492029,7.021689,5
65844,11.706261,5.7610707,6
65845,-3.9043126,10.646635,7
65846,-0.24779293,5.737406,8
65847,16.205477,6.767946,0
65848,-3.208168,-1.2571074,1
65849,2.5692868,-0.22314756,2
65850,6.999955,4.916959,3
65851,-0.5178653,13.0078335,4
65852,4.979648,6.7716713,5
65853,10.240466,3.2929335,6
65854,-3.870176,11.072794,7
65855,0.29876965,5.7274795,8
65856,0.052811623,11.059164,9
65857,0.14948921,5.6354766,8
65858,-3.8657203,10.507724,7
65859,-1.5968328,-3.7461016,1
65860,6.8520117,4.4636254,3
65861,-3.716637,11.009218,7
65862,5.479361,7.0628815,5
65863,1.9612383,-0.10563934,2
65864,1.0121562,7.198078,8
65865,15.278772,6.9711323,0
65866,-3.7031941,11.370959,7
65867,5.6177306,6.9128666,5
65868,-0.19938439,11.248406,9
65869,0.08009871,11.433306,9
65870,15.032282,6.9628263,0
65871,0.010419378,11.007272,9
65872,-2.0942519,-1.5485045,1
65873,-1.5306298,-1.8857893,1
65874,5.06183,6.7629848,5
65875,1.0380986,6.615971,8
65876,0.87778103,6.671084,8
65877,10.480425,4.3504977,6
65878,6.830239,4.772006,3
65879,2.3557208,-0.13535658,2
65880,-1.9449656,-3.9277823,1
65881,0.22782077,6.5128055,8
65882,6.1095643,4.961593,3
65883,2.6656108,-0.15908484,2
65884,11.2578,5.5578456,6
65885,5.3554926,7.2933908,5
65886,10.196811,3.5716481,6
65887,2.1103113,12.286202,7
65888,11.643176,3.6458838,4
65889,-1.9245148,-3.8398325,1
65890,14.112463,6.176975,0
65891,5.8215475,6.834251,5
65892,6.964566,4.9956026,3
65893,-1.2105695,-3.0783908,1
65894,0.99311095,12.005562,9
65895,2.3800523,-0.052718136,2
65896,-1.8578564,-3.6691163,1
65897,1.753356,12.04642,9
65898,10.675735,4.694567,6
65899,14.74066,6.4457083,0
65900,0.27887952,13.612894,4
65901,10.293038,3.3397481,6
65902,-3.0504208,-2.0222485,1
65903,-3.9053743,11.193905,7
65904,5.1396255,4.7028203,3
65905,0.89434195,6.5629187,8
65906,-0.45415407,11.593956,7
65907,2.4560885,-0.24767466,2
65908,0.20319952,11.494439,9
65909,11.0929165,3.9392352,6
65910,5.144701,7.046999,5
65911,0.11863566,6.365191,8
65912,7.011704,6.31207,3
65913,6.2398844,6.6011076,5
65914,-3.934618,11.278827,7
65915,-2.614539,-2.7161949,1
65916,10.180604,4.7221756,6
65917,-2.1496208,-3.3601313,1
65918,14.55021,7.04221,0
65919,0.41255772,11.670666,9
65920,10.139131,3.7098756,6
65921,2.24776,-0.6673554,2
65922,5.976823,7.08631,5
65923,-0.6095669,12.999037,4
65924,2.2852702,-0.47412828,2
65925,6.717442,4.752923,3
65926,-0.41680205,13.100748,4
65927,1.2760588,14.440283,4
65928,10.39209,5.1506515,6
65929,14.168634,7.2356243,0
65930,14.6982975,7.919746,0
65931,2.5274806,-0.15838692,2
65932,14.772891,8.488224,0
65933,-0.7740175,-4.276349,1
65934,2.919711,-1.4625422,2
65935,5.7874684,5.8836527,3
65936,0.33396947,12.487208,4
65937,5.4678946,6.736553,5
65938,11.098282,5.9053245,6
65939,-4.287736,12.053105,7
65940,1.8113284,7.0282598,8
65941,1.742441,12.775716,9
65942,15.90054,8.673256,0
65943,-0.60137767,-4.1719356,1
65944,2.5403025,-1.1676419,2
65945,5.6964955,6.2136903,3
65946,1.1332794,13.58624,4
65947,5.084343,7.4801507,5
65948,10.905954,5.5671115,6
65949,-4.8449,12.307897,7
65950,1.6288476,6.93231,8
65951,1.031965,12.704303,9
65952,14.761819,8.287942,0
65953,-0.65125316,-4.460292,1
65954,3.1963954,-0.5012198,2
65955,5.369107,7.2475924,3
65956,1.160933,13.835473,4
65957,4.998871,7.4341125,5
65958,11.118529,5.969855,6
65959,-4.31523,12.048419,7
65960,1.9026533,6.8892574,8
65961,0.9817421,12.708864,9
65962,2.2120838,7.4453793,8
65963,10.555823,5.0226507,6
65964,5.373755,7.054061,5
65965,14.869738,8.569242,0
65966,10.960034,5.531211,6
65967,1.8196825,7.1851897,8
65968,1.4840503,12.6024885,9
65969,1.1427971,13.565327,4
65970,-0.54252255,-4.2760134,1
65971,0.7091334,12.548125,9
65972,5.419031,7.5796003,5
65973,5.47096,6.922587,3
65974,14.244965,6.561013,0
65975,0.2562011,13.10392,4
65976,1.5216331,7.68461,8
65977,1.571992,12.653534,9
65978,-0.55320245,-4.4136047,1
65979,1.4534191,13.93812,4
65980,14.223359,7.395989,0
65981,5.458235,6.899799,5
65982,5.5583043,7.202629,5
65983,2.747217,-1.363952,2
65984,-0.50366867,-4.403686,1
65985,5.2260485,7.6553345,5
65986,1.1286079,13.533965,4
65987,14.242939,7.5185027,0
65988,-4.7497053,12.304568,7
65989,10.137401,4.191147,6
65990,14.5603,7.70923,0
65991,-1.1279045,-4.288057,1
65992,-4.888257,12.3337345,7
65993,14.699669,8.182528,0
65994,10.583442,4.867108,6
65995,1.7477846,7.127998,8
65996,1.8468655,12.559079,9
65997,5.4620914,6.9393315,5
65998,-0.88516015,-4.518813,1
65999,-5.019631,12.357793,7
66000,0.94711936,12.373597,9
66001,1.3670129,6.6277347,8
66002,10.394967,4.8724656,6
66003,14.34601,7.525653,0
66004,1.7418557,7.713957,8
66005,-0.40610045,-4.382691,1
66006,-3.662461,11.559427,7
66007,-4.7915497,12.312656,7
66008,-0.5503132,-4.3440976,1
66009,5.8504567,6.370254,3
66010,3.0832453,-0.090856366,2
66011,5.7634645,7.195091,3
66012,-0.7602263,-4.2952104,1
66013,1.0504384,13.806092,4
66014,2.557392,-1.0304884,2
66015,14.579701,8.415564,0
66016,14.7907295,8.391469,0
66017,-3.9321864,11.328797,7
66018,1.6695658,7.1326776,8
66019,0.3423656,13.133696,4
66020,10.235733,4.7271094,6
66021,0.35965863,13.0927725,4
66022,1.325911,12.556772,9
66023,5.557385,6.4709997,3
66024,1.5644581,7.724001,8
66025,1.6209631,14.174493,4
66026,-4.2569327,12.077257,7
66027,2.497781,-1.1568674,2
66028,5.3322563,6.987361,5
66029,10.466915,5.2343745,6
66030,5.82398,6.806442,3
66031,10.564785,5.23804,6
66032,1.2445502,12.737606,9
66033,10.341195,4.4814353,6
66034,5.9341564,4.9122314,3
66035,14.249943,6.161321,2
66036,3.061513,-1.3093203,2
66037,1.0434071,13.22703,4
66038,10.995503,5.972637,6
66039,0.36837178,12.474765,9
66040,14.144587,6.7912345,0
66041,2.60477,-0.97056854,2
66042,5.611404,7.7881145,5
66043,4.9579678,7.5141406,5
66044,-0.6181356,-4.1943064,1
66045,5.514304,7.182134,3
66046,6.517419,5.7369156,3
66047,1.2613672,12.760254,9
66048,-3.5394292,11.411681,7
66049,1.3927108,6.874003,8
66050,-4.273562,12.041508,7
66051,2.669474,-1.1568884,2
66052,2.5426645,-1.1574264,2
66053,5.485233,7.670317,5
66054,-4.277828,12.0608835,7
66055,1.1646371,12.571962,9
66056,2.3185194,7.1993213,8
66057,2.8878946,-1.2242863,2
66058,-0.7968414,-3.7700584,1
66059,5.5257287,7.0497,3
66060,-0.8790699,-4.135729,1
66061,6.6714783,5.394779,3
66062,16.216204,7.839614,0
66063,-2.125882,-2.0596035,1
66064,2.212019,-0.08100913,2
66065,5.604582,5.97374,3
66066,0.9325862,14.375658,4
66067,3.8820257,6.4338927,5
66068,11.636006,6.219586,6
66069,-4.976497,11.220454,7
66070,1.584026,6.5256424,8
66071,-0.8459516,9.350198,9
66072,16.516434,8.117845,0
66073,-2.1784654,-2.0710962,1
66074,2.0964162,-0.33327731,2
66075,5.7807407,6.4913306,3
66076,1.3104227,14.525367,4
66077,3.5679932,6.509564,5
66078,11.373372,5.1681376,6
66079,-4.819188,11.360839,7
66080,2.4958966,7.2394767,8
66081,-0.6549771,9.474317,9
66082,16.317492,8.332148,0
66083,-2.0445333,-2.1024926,1
66084,2.2913508,-0.2710155,2
66085,5.6766243,5.887617,3
66086,0.70078754,14.405638,4
66087,2.8424,4.8977537,5
66088,11.748365,4.3810534,6
66089,-4.960784,10.929361,7
66090,2.1240053,6.8532414,8
66091,-0.6357165,9.502071,9
66092,-1.7735419,-2.9366832,1
66093,2.345544,-0.23905928,2
66094,11.359556,4.7289987,6
66095,3.3002098,5.165159,5
66096,5.773059,4.975986,3
66097,15.969736,8.3711815,0
66098,-4.384808,10.6875725,7
66099,16.107824,8.2716255,0
66100,0.8468005,14.368364,4
66101,-2.0087485,-1.9061825,1
66102,0.2857892,14.425532,4
66103,5.93053,6.169118,3
66104,11.66928,5.513612,6
66105,-4.7252374,10.253809,7
66106,2.6193194,0.06910555,2
66107,5.7589073,5.2427964,3
66108,-2.8897336,0.45204523,1
66109,3.1398222,0.5326476,2
66110,-2.2378402,-1.6340748,1
66111,1.9852374,-0.67968106,2
66112,-0.61759377,9.554757,9
66113,11.720739,4.861669,6
66114,15.619081,7.9080687,0
66115,-2.6281245,-1.565234,1
66116,5.6949472,5.040425,3
66117,15.604802,8.010803,0
66118,2.4705124,-0.45169112,2
66119,-4.7953563,10.121452,7
66120,3.364488,5.133131,5
66121,-5.343047,10.726085,7
66122,11.503945,4.78511,6
66123,2.147753,-0.13690507,2
66124,-0.55667573,9.532904,9
66125,-1.8137116,-3.166754,1
66126,-0.6028195,9.611992,9
66127,15.19722,8.402251,0
66128,11.230547,5.836995,6
66129,15.291609,8.44564,0
66130,11.6431265,5.6145515,6
66131,15.72057,8.065647,0
66132,2.1401541,-0.39460763,2
66133,15.170076,7.7372594,0
66134,11.15588,3.9598067,6
66135,-2.3149397,-1.5004762,1
66136,2.7613668,4.9921894,5
66137,1.7788863,6.7585707,8
66138,0.2196371,14.407898,4
66139,5.963468,5.1395645,3
66140,16.289497,8.160156,0
66141,-2.4645374,-2.2468696,1
66142,3.0678837,5.1808825,5
66143,-0.75807256,13.984161,4
66144,-0.035983764,14.454361,4
66145,1.0289255,6.628028,8
66146,3.6251159,6.6363935,5
66147,-4.9235873,11.527753,7
66148,3.1943026,5.2058015,5
66149,-4.672224,10.041261,7
66150,1.657539,6.950095,8
66151,5.802167,5.6443496,3
66152,0.08794462,13.820809,4
66153,2.392572,7.2404695,8
66154,2.1350458,6.981392,8
66155,4.303679,6.523589,5
66156,2.655197,0.22706954,2
66157,-0.63578606,9.528633,9
66158,-4.0816884,10.521066,7
66159,-2.1221485,-1.8744406,1
66160,5.3236213,5.047407,3
66161,2.6314092,7.3340087,8
66162,-1.9512569,-2.3287663,1
66163,16.277119,8.18084,0
66164,-4.9211164,11.4015,7
66165,4.8037496,7.2462583,5
66166,-0.9226105,9.300505,9
66167,11.592741,4.9594946,6
66168,-1.0113407,9.355375,9
66169,-0.27029327,14.935201,4
66170,-4.201422,9.557716,7
66171,-4.5154905,9.269711,7
66172,-0.62756604,9.493133,9
66173,-0.72854304,9.462751,9
66174,5.941586,5.845921,3
66175,-0.5980186,13.930256,4
66176,0.6078574,14.407998,4
66177,5.7692995,4.8673663,3
66178,2.2570083,7.096448,8
66179,11.365616,4.087738,6
66180,2.7399678,0.23832628,2
66181,16.001892,7.044261,0
66182,-2.7203271,-1.6050341,1
66183,3.6792645,-1.2963647,2
66184,5.5317135,4.0403748,3
66185,-0.6924404,14.6012,4
66186,4.0352917,6.8075013,5
66187,11.655077,5.060849,6
66188,-4.503218,9.503187,7
66189,1.2108773,6.506769,8
66190,-0.9034591,11.118025,9
66191,16.01462,7.8441358,0
66192,-2.93357,-0.9655806,1
66193,3.6125443,-1.2070214,2
66194,6.7750974,4.5162997,3
66195,0.37021238,14.940996,4
66196,4.4299707,6.705353,5
66197,11.348573,4.4769964,6
66198,-4.572262,10.489457,7
66199,1.3554847,6.779694,8
66200,0.67259157,11.529873,9
66201,15.297694,7.3098245,0
66202,-2.3345673,-0.6455955,1
66203,4.126669,-1.096818,2
66204,5.8481493,4.613958,3
66205,-0.86856997,15.063353,4
66206,3.956529,5.829175,5
66207,11.433935,3.900123,6
66208,-4.233577,9.200708,7
66209,0.25029013,5.87091,8
66210,-0.5599996,10.437785,9
66211,15.2613,6.8321733,0
66212,0.655399,6.5621014,8
66213,6.6528387,4.70272,3
66214,-1.1018968,10.915812,9
66215,3.9529321,5.5124917,5
66216,4.823777,6.645808,5
66217,3.749754,-1.2016699,2
66218,11.5451355,5.3506627,6
66219,1.0779167,6.459038,8
66220,-0.17700121,14.569299,4
66221,-0.7327189,11.067438,9
66222,-2.2891102,-1.1072218,1
66223,-4.626287,10.779641,7
66224,-3.3337169,-1.5052365,1
66225,4.2023883,-1.097125,2
66226,6.989198,4.8475695,3
66227,3.9176378,6.386466,5
66228,1.2559258,11.945978,9
66229,11.008228,3.9517307,6
66230,-0.25546604,11.344245,9
66231,-3.2213297,-1.3093058,1
66232,-3.1788924,-1.264778,1
66233,-2.6108534,-0.55357355,1
66234,3.715392,-0.830828,2
66235,-0.32053214,10.775984,9
66236,3.4583094,5.4932976,5
66237,11.036306,4.359285,6
66238,1.5026846,6.839642,8
66239,-3.992304,0.4309841,1
66240,4.0946183,-0.8786713,2
66241,15.292836,6.15168,0
66242,-4.738838,10.988605,7
66243,-5.108605,10.664701,7
66244,3.6187854,5.529837,5
66245,0.18260162,5.6664186,8
66246,4.397325,-1.0430822,2
66247,-0.24217539,10.8623905,9
66248,0.41300538,6.3482895,8
66249,-0.58910155,10.397937,9
66250,15.163577,6.674243,0
66251,-0.20465124,13.732302,4
66252,10.874356,4.671531,6
66253,-4.461823,10.302068,7
66254,-3.7188554,-0.50758386,1
66255,6.492343,4.279779,3
66256,-0.5049399,14.474057,4
66257,4.259318,7.032669,5
66258,10.992544,4.227361,6
66259,14.480583,8.158098,0
66260,5.718849,4.540797,3
66261,11.324779,4.8597665,6
66262,0.629918,6.2648196,8
66263,-5.194415,10.261469,7
66264,15.690731,7.75973,0
66265,-1.5229021,14.991564,4
66266,4.3860216,-0.9450444,2
66267,-4.1095443,10.207684,7
66268,-0.14198516,14.932062,4
66269,-5.073961,10.486972,7
66270,3.9755595,6.1668844,5
66271,-0.3602603,14.601081,4
66272,6.0465918,5.809554,3
66273,-0.94257516,15.178664,4
66274,3.9393504,-1.6341351,2
66275,0.24271232,6.4221706,8
66276,-3.6226773,0.6554136,1
66277,4.7625756,6.5940604,5
66278,-3.2579663,0.73985547,1
66279,3.7472668,-0.14851479,2
66280,14.872239,7.181572,0
66281,4.083088,-0.69084644,2
66282,4.073941,6.863669,5
66283,11.026387,3.8364663,6
66284,-1.0866838,14.698702,4
66285,6.450589,3.822231,3
66286,16.179659,7.1324625,0
66287,15.975818,6.9916906,0
66288,15.600865,7.239708,0
66289,5.942778,5.2587748,3
66290,6.8500967,4.6487403,3
66291,4.6559606,6.5698214,5
66292,-4.9481444,10.080362,7
66293,15.358111,7.0590525,0
66294,11.163219,5.046149,6
66295,-0.64465547,14.479018,4
66296,0.78911746,6.1020665,8
66297,0.947837,6.6364627,8
66298,10.492644,2.960832,6
66299,7.0405655,5.0741568,3
66300,-0.24053705,14.976856,4
66301,11.671053,5.5253744,6
66302,-0.76123,10.361695,9
66303,-0.25861025,10.555641,9
66304,0.64881355,5.8389874,8
66305,4.741188,-1.2461876,2
66306,-4.311044,8.810718,7
66307,-4.4989734,9.139363,7
66308,-3.8239489,-0.66778296,1
66309,14.604616,7.2641897,0
66310,-2.7328062,-1.436841,1
66311,4.474812,-1.1502069,2
66312,5.1520605,5.101027,3
66313,-0.17494409,13.950518,4
66314,4.817615,7.0398355,5
66315,11.287067,5.018756,6
66316,-4.5181775,11.019883,7
66317,0.009601495,5.6268106,8
66318,-0.36938578,10.938744,9
66319,14.771997,7.480458,0
66320,-2.5591323,-0.43057933,1
66321,3.3143032,-1.6104292,2
66322,6.7295866,4.9382787,3
66323,0.64796054,14.74701,4
66324,4.872373,7.2030444,5
66325,11.438199,5.791526,6
66326,-4.8296833,11.765243,7
66327,0.21534316,5.5519485,8
66328,15.070181,6.9020085,0
66329,-2.2663863,-0.75711286,1
66330,3.6397943,-1.0405637,2
66331,6.923183,4.687103,3
66332,0.43782485,14.817498,4
66333,4.795722,7.003498,5
66334,11.719628,4.788046,6
66335,-5.1146326,11.772926,7
66336,-0.11735029,5.821425,8
66337,3.6489666,-0.64958274,2
66338,-2.7836006,-3.1205652,1
66339,-4.7213917,11.471599,7
66340,3.9942856,-1.334179,2
66341,4.2242837,6.8696976,5
66342,14.424695,7.127019,0
66343,0.29436436,6.113746,8
66344,15.182132,6.602808,0
66345,3.6523852,-1.5892619,2
66346,-4.733082,11.266888,7
66347,1.1690481,6.1998425,8
66348,0.5957349,6.587278,8
66349,7.033986,5.6502123,3
66350,11.200686,5.3434863,6
66351,15.6969185,7.898825,0
66352,4.678685,-1.331489,2
66353,-5.0229826,11.972111,7
66354,11.308534,5.7514815,6
66355,11.233107,5.16287,6
66356,-1.9417901,-1.5325764,1
66357,3.479769,-1.0353662,2
66358,1.1425761,6.1742554,8
66359,0.9052605,5.985205,8
66360,-5.26059,12.231554,7
66361,-4.294517,10.837462,7
66362,-0.45538807,13.902249,4
66363,-5.1464972,11.599046,7
66364,-5.1456842,11.218181,7
66365,6.4916873,5.0780544,3
66366,-5.041001,11.153118,7
66367,0.3374263,14.559997,4
66368,3.2591074,5.32591,5
66369,-0.4900898,13.446104,4
66370,6.5758204,5.6029463,3
66371,5.4344387,5.7358236,3
66372,0.7514619,5.808345,8
66373,-0.6591879,13.900211,4
66374,-1.90053,-1.6822464,1
66375,-1.5132663,-3.4737482,1
66376,-0.42398912,12.001829,9
66377,-4.0237737,11.00257,7
66378,0.64404964,14.053628,4
66379,5.3273973,5.708395,3
66380,-4.551933,11.64876,7
66381,6.5213084,5.469636,3
66382,5.850814,5.329445,3
66383,14.313126,6.398911,0
66384,3.9490273,-1.3859625,2
66385,5.1644077,6.831996,5
66386,4.055581,5.832072,5
66387,11.730817,5.6957684,6
66388,11.120882,5.402767,6
66389,7.070736,5.698778,3
66390,3.6090684,5.494398,5
66391,4.0966887,-0.77603316,2
66392,3.340804,5.1641912,5
66393,-0.85470223,12.11443,9
66394,0.2944235,11.451687,9
66395,0.4223503,7.3658676,8
66396,-1.164736,13.325816,4
66397,-2.4898837,-3.3240163,1
66398,14.413006,6.5548615,0
66399,11.443731,5.864357,6
66400,14.903405,6.26821,0
66401,-0.82421964,11.46415,9
66402,11.396373,5.4224772,6
66403,0.20858246,5.9553657,8
66404,0.19290201,5.690154,8
66405,4.7055097,7.0800753,5
66406,11.307869,5.9013944,6
66407,-3.1585302,-1.8877547,1
66408,-0.86325794,-3.2583318,1
66409,1.2895569,12.162199,9
66410,0.9079145,6.2419796,8
66411,-0.47271785,11.443976,9
66412,4.5143795,-1.5526869,2
66413,6.9522586,5.084495,3
66414,3.7038414,5.6968813,5
66415,3.4815059,5.767765,5
66416,1.0571165,11.858512,9
66417,-1.5675232,13.699968,4
66418,3.4664443,0.5176007,2
66419,-2.3768544,-3.3169987,1
66420,-0.41904733,12.083968,9
66421,6.5456705,5.2837954,3
66422,0.017527,11.472434,9
66423,4.0871825,-1.1866373,2
66424,15.609323,7.570262,0
66425,11.65739,6.296758,6
66426,14.693285,7.052183,0
66427,-0.8289105,13.682056,4
66428,14.57573,6.8618875,0
66429,15.5715475,8.055985,0
66430,-2.9038458,0.24248107,1
66431,4.2715364,-0.95625764,2
66432,5.540653,4.47704,3
66433,-1.4044676,14.1312,4
66434,-4.5558734,9.544045,7
66435,-0.51888824,5.821688,8
66436,-0.32145533,10.646488,9
66437,15.452568,7.8447905,0
66438,-3.8302622,0.83889866,1
66439,4.2440834,-0.7807846,2
66440,6.5483856,4.2673435,3
66441,-4.9990244,10.369987,7
66442,-0.4571271,5.7236156,8
66443,0.006661499,10.9491825,9
66444,15.515326,6.573066,0
66445,-3.4069114,1.4235678,1
66446,4.566453,-0.9756792,2
66447,7.038707,5.084601,3
66448,-1.6639897,14.410296,4
66449,-4.6061764,9.812983,7
66450,-0.18376717,5.2193356,8
66451,-0.07974192,10.812032,9
66452,-5.1172304,10.204517,7
66453,6.5926576,4.219154,3
66454,15.849126,6.5242677,0
66455,6.8078365,4.4401593,3
66456,-2.8474631,0.21136484,1
66457,-0.56607354,5.726782,8
66458,-4.3855295,9.522209,7
66459,11.39373,3.2748992,6
66460,-1.7481431,14.856807,4
66461,15.606216,6.8164487,0
66462,4.5778427,-0.9066599,2
66463,11.730246,3.781199,6
66464,-0.39638576,6.177604,8
66465,7.1267185,5.0550814,3
66466,4.5265393,-1.0727272,2
66467,-0.1286952,5.590283,8
66468,-3.3447664,0.9819593,1
66469,4.2595787,-0.9396615,2
66470,15.88942,6.07497,0
66471,-3.934939,9.211487,7
66472,-3.8280907,1.2409434,1
66473,15.879108,6.068409,0
66474,-1.8440421,14.28771,4
66475,-0.8781042,14.962351,4
66476,3.3396673,5.9344296,5
66477,-0.5278243,6.121221,8
66478,15.88597,6.826463,0
66479,11.145977,2.999671,6
66480,3.201255,0.4198941,2
66481,6.786057,4.920015,3
66482,-3.4850593,0.6335014,1
66483,3.930279,5.966364,5
66484,-2.7505155,0.092586026,1
66485,-0.30215776,5.8863816,8
66486,3.5334659,5.4831467,5
66487,-0.42719635,10.636164,9
66488,-1.7339879,14.433861,4
66489,16.055958,7.148073,0
66490,-4.7294044,9.397045,7
66491,3.566293,5.3510594,5
66492,-0.6336545,6.085211,8
66493,-0.3601438,5.7995396,8
66494,6.8304114,4.470986,3
66495,-1.04987,5.598635,8
66496,-1.3526647,10.251228,9
66497,4.533066,-0.95864695,2
66498,11.498868,3.031708,6
66499,4.4606724,-0.7368207,2
66500,3.2573252,6.0921144,5
66501,6.8166113,4.4803267,3
66502,-3.3551748,1.2809519,1
66503,-4.6730328,9.46422,7
66504,6.060837,4.5965705,3
66505,16.395119,7.3210664,9
66506,-3.7106512,1.7330266,1
66507,0.11280748,10.636928,9
66508,-0.4895616,11.139908,9
66509,11.346602,3.5960832,6
66510,16.374908,7.561674,0
66511,7.0177293,4.8529983,3
66512,0.21208017,10.741453,9
66513,3.7905009,-0.9280496,2
66514,0.04792551,6.307727,8
66515,-3.3083813,1.1315175,1
66516,-1.8853266,14.536586,4
66517,7.0379944,4.41779,3
66518,3.2071881,6.257785,5
66519,4.437158,-1.0220613,2
66520,-0.7125714,10.379894,9
66521,3.964872,-0.9464869,2
66522,2.9487832,5.4305663,5
66523,-0.2532823,6.2682004,8
66524,-0.08645662,10.841402,9
66525,3.6213837,6.4759026,5
66526,15.762196,8.774804,0
66527,-3.440742,0.52373415,1
66528,4.2730417,-0.6763345,2
66529,-0.58576614,14.3531,4
66530,2.8005385,5.4861317,5
66531,11.730781,5.5998774,6
66532,14.886313,8.422966,0
66533,-2.281138,-0.80991507,1
66534,3.2381566,-1.2962285,2
66535,5.376351,4.2744403,3
66536,-0.6267183,14.225164,4
66537,3.4588392,6.6687226,5
66538,10.996605,3.9210413,6
66539,-4.8440633,10.384069,7
66540,-2.3684669,-3.602646,1
66541,2.7298608,-1.1541784,2
66542,5.9486666,4.696877,3
66543,0.44472495,14.864987,4
66544,4.6096015,6.6156063,5
66545,-2.2583785,-1.3324815,1
66546,16.370464,8.364933,0
66547,-0.75725394,15.195501,4
66548,4.404355,6.5056214,5
66549,11.546183,5.6620564,6
66550,11.0076,3.7860985,6
66551,6.2703714,4.763833,3
66552,-0.9803608,15.258666,4
66553,-1.1117564,14.657613,4
66554,4.2340736,-0.45240545,2
66555,-4.3292813,8.950537,8
66556,-3.9080822,-0.29184857,1
66557,15.777006,6.6612906,0
66558,11.016217,4.2672,6
66559,0.4211295,14.173456,4
66560,0.709109,12.345576,9
66561,-3.0629385,9.352395,7
66562,3.2570193,-1.2897199,2
66563,6.401706,4.616547,3
66564,5.5716486,4.59814,3
66565,-1.3028781,10.537368,9
66566,4.099736,-0.9720953,2
66567,16.459387,7.9804025,0
66568,-2.1947439,10.0735855,9
66569,3.5346437,0.24801685,3
66570,5.376529,5.723701,3
66571,-2.856358,10.573918,9
66572,-2.026231,-1.161787,1
66573,4.5349193,6.5450163,5
66574,4.111103,-0.20098048,2
66575,5.7031217,4.8419986,3
66576,-3.0974252,9.913947,7
66577,-3.283832,8.631949,7
66578,0.74206436,5.780509,8
66579,-0.6186337,14.377615,4
66580,15.369342,8.51101,0
66581,2.9991112,-0.5761685,2
66582,-1.5207675,14.82699,4
66583,14.838401,7.454155,0
66584,3.1716397,-1.3117186,2
66585,-1.0571591,14.490121,4
66586,-4.0180664,10.603124,7
66587,-0.32495204,5.675968,8
66588,14.958911,6.3362646,0
66589,-3.819534,9.725335,7
66590,15.108652,8.262149,0
66591,11.236838,6.117443,6
66592,-0.3692344,11.886155,9
66593,5.1896906,5.5204196,3
66594,3.467787,-0.27083117,2
66595,-0.38742927,5.9826736,8
66596,10.284745,4.9296184,6
66597,-4.2553134,9.8876915,0
66598,10.787667,3.9199207,5
66599,-3.4575076,9.706479,7
66600,4.0794525,6.207138,5
66601,-2.4660034,-0.41480413,1
66602,14.854582,7.1509523,0
66603,-0.08847462,7.2955656,8
66604,-2.0917454,-1.0523218,1
66605,9.974501,3.896461,6
66606,-5.012523,11.02749,7
66607,3.7273486,-1.4312732,2
66608,-0.6987024,11.2619,9
66609,-3.7756712,8.86587,7
66610,-1.1395556,10.5983515,9
66611,2.5179405,4.558738,5
66612,0.45461413,6.93076,8
66613,10.900811,5.7118335,6
66614,3.6964061,-1.5664157,2
66615,10.773958,5.331235,6
66616,3.9741242,-1.5880482,2
66617,0.102982044,6.9644485,8
66618,-2.526773,-0.4920994,1
66619,-5.075965,11.139725,7
66620,2.7486708,5.0478435,5
66621,14.9009285,6.639515,0
66622,-3.6744525,-0.7856079,1
66623,-2.0007367,-1.1632981,1
66624,5.6192503,5.338697,3
66625,-3.6765394,10.882494,8
66626,-1.4737124,13.661578,4
66627,-1.4650497,10.2424135,9
66628,-1.4581777,-2.230041,1
66629,1.5483104,6.9155416,8
66630,11.504018,5.0099044,6
66631,-0.0027710989,6.3666553,8
66632,-1.5241928,11.523798,9
66633,15.720144,6.3734493,0
66634,-3.5146585,-0.58450395,1
66635,4.0446963,-0.99713665,2
66636,5.912207,5.567929,3
66637,-1.0191181,13.605763,4
66638,4.1963835,6.2378817,5
66639,10.69396,3.147185,6
66640,-4.8769526,9.619485,7
66641,0.88972235,6.0064716,8
66642,-1.8291817,10.095652,9
66643,16.02654,5.9396157,0
66644,-4.1144705,1.0979537,1
66645,4.6004796,-0.63029695,2
66646,6.2294617,4.83313,3
66647,-1.2686101,14.251961,4
66648,-4.1187205,8.6698885,7
66649,-0.3450023,5.7922516,8
66650,-1.4768583,9.518151,9
66651,2.7124414,4.5333095,0
66652,-4.0538397,2.4076273,1
66653,-4.4406524,8.538689,7
66654,-0.09816594,5.6402707,8
66655,-0.9112549,9.860322,9
66656,-1.4528427,9.629402,9
66657,-0.40102378,5.547489,8
66658,-1.3223369,9.794838,9
66659,-0.84818953,5.182288,8
66660,-1.6848013,14.959563,4
66661,-4.0688696,2.7241836,1
66662,-4.804919,9.0409775,7
66663,-4.0768275,8.671209,7
66664,6.166491,4.5993395,3
66665,5.7521563,5.7552876,3
66666,-4.945825,9.264208,7
66667,10.799466,2.514357,6
66668,11.475234,3.2270186,6
66669,11.4542265,3.2059672,6
66670,-4.3258133,1.4568752,1
66671,-1.3379318,10.112567,9
66672,16.777758,6.9915066,0
66673,-4.280237,2.0690608,1
66674,-5.0577264,9.481911,7
66675,11.423204,3.254987,6
66676,6.3837175,6.3918805,3
66677,3.7121716,0.07487562,2
66678,-4.0133805,-0.049535695,1
66679,-4.0342193,8.351805,7
66680,-4.2622457,0.7015087,1
66681,6.2426753,3.7965803,3
66682,-1.1549045,10.33454,9
66683,-4.277148,0.9365918,1
66684,-4.375027,8.707559,7
66685,11.32066,3.2692268,6
66686,-0.6929848,5.162902,8
66687,-1.9724503,14.855027,4
66688,-4.013759,2.820696,1
66689,-2.006068,14.867935,4
66690,6.2269907,6.099851,3
66691,11.703646,3.8131917,6
66692,-1.4987158,9.4576645,9
66693,11.197514,2.6879005,6
66694,-4.0316668,2.8329098,1
66695,-1.3259426,14.148317,4
66696,-1.2872748,13.937595,4
66697,-4.1397295,9.73702,7
66698,4.709792,-1.2357044,2
66699,-1.5293393,15.12742,4
66700,-1.845095,14.158781,4
66701,15.385811,7.150057,0
66702,-3.124979,-0.38797656,1
66703,3.5054672,-1.1136632,2
66704,5.627885,4.0916314,3
66705,-0.25661284,14.442954,4
66706,3.7961385,5.058793,5
66707,10.904006,3.1260695,6
66708,-4.280323,8.317184,7
66709,-0.5818609,5.5432005,8
66710,-0.35782856,10.231793,9
66711,16.044664,7.4208455,0
66712,-2.9313178,0.6994868,1
66713,4.228648,-1.3772779,2
66714,5.9137983,4.544253,3
66715,-1.1051673,15.3331175,4
66716,2.5958593,4.377061,5
66717,11.463438,3.3999248,6
66718,-0.8774199,9.780418,9
66719,16.381721,7.5199695,0
66720,-3.005494,0.8025212,1
66721,3.5889318,0.6456974,2
66722,6.1070657,3.459214,3
66723,-1.24847,15.321282,4
66724,-4.430066,8.4496,7
66725,-1.0105909,5.228573,8
66726,-3.421645,0.42525744,1
66727,5.9596524,5.4309077,3
66728,4.7084823,6.3711233,5
66729,-3.292877,1.2200302,1
66730,-4.2808537,8.275022,7
66731,-4.02241,8.324344,7
66732,3.2635798,0.25642657,2
66733,-3.6101635,2.0789852,1
66734,-1.553284,14.863608,4
66735,-0.8027694,5.216956,8
66736,6.216006,4.2230387,3
66737,-1.8456022,15.26932,4
66738,-1.187891,14.738965,4
66739,5.8020325,3.600608,3
66740,0.7386905,11.072579,9
66741,-4.2927346,8.266837,7
66742,-0.6099959,15.095843,4
66743,-3.917003,2.202871,1
66744,3.5975997,0.67034775,2
66745,6.745579,4.3806973,3
66746,2.4640048,4.3363175,5
66747,-1.3839954,9.490952,9
66748,-3.9369655,2.0225217,1
66749,11.2371,3.4529731,6
66750,16.7341,7.7446017,0
66751,-3.8581045,1.6250179,1
66752,16.047731,7.0949287,0
66753,16.42682,7.986152,0
66754,3.395841,-0.004220274,2
66755,-3.8442705,8.131973,8
66756,-3.9899285,8.128514,7
66757,-3.7844238,1.4604092,1
66758,-3.6778579,1.9402472,1
66759,-1.9199106,15.289534,4
66760,16.220406,7.898502,0
66761,-1.4981502,15.354005,4
66762,-3.7162414,8.26281,7
66763,6.163582,3.5528443,3
66764,11.193869,2.5866237,6
66765,-0.84989727,5.0871196,8
66766,16.119946,6.8786955,0
66767,6.0667386,4.075739,3
66768,-3.7129424,8.032498,7
66769,-2.004002,15.240948,4
66770,15.995763,7.5321755,0
66771,11.351922,2.692203,6
66772,-0.50545996,10.156103,9
66773,4.111727,-1.5342675,2
66774,11.284378,2.6564574,6
66775,2.901191,4.4040575,5
66776,-0.0639626,5.898424,8
66777,11.595427,4.3234763,6
66778,-1.1069375,10.209797,9
66779,16.299791,6.785352,0
66780,-1.8122627,15.355526,4
66781,16.05314,7.6662,0
66782,11.495081,3.1335192,6
66783,-2.962657,0.6091089,1
66784,-0.74194604,9.8755665,9
66785,3.5305135,0.6850231,2
66786,15.638342,6.737372,0
66787,-1.9639901,9.972731,9
66788,2.5022533,4.4927316,5
66789,-3.7898216,1.2837679,1
66790,5.9845448,3.3423095,3
66791,-4.1397,8.301027,7
66792,11.391134,2.932578,6
66793,-1.7554152,9.344049,9
66794,6.0951686,4.707404,3
66795,16.15238,6.951238,0
66796,3.8760939,-0.07515889,2
66797,3.6313696,-0.8471709,2
66798,14.443579,8.153338,0
66799,-2.4926248,-2.5785503,1
66800,1.995051,0.2509254,2
66801,6.846673,6.0911927,3
66802,0.025929488,13.661982,4
66803,5.324978,7.0046,5
66804,10.655823,5.3055363,6
66805,-4.03899,11.225553,7
66806,1.0004126,6.9371214,8
66807,-0.3912841,12.064514,9
66808,14.160279,7.169274,0
66809,-2.3761227,-3.4851925,1
66810,1.9388258,-0.23698467,2
66811,6.4194202,5.9180465,3
66812,-0.013417003,13.525183,4
66813,4.9410915,7.5277405,5
66814,10.830763,5.8454494,6
66815,-4.8648376,11.098168,7
66816,1.5599567,6.7497363,8
66817,-0.38101637,12.031815,9
66818,14.11639,6.9827757,0
66819,-2.5867596,-2.297731,1
66820,2.1007135,-0.6796755,2
66821,6.984358,5.787306,3
66822,0.30236468,13.902801,4
66823,4.0092316,5.7026973,5
66824,10.991234,5.5123763,6
66825,-3.9917765,10.766259,7
66826,0.65675265,7.5095677,8
66827,-0.5674892,12.2842045,9
66828,1.9152602,-0.42144153,2
66829,-2.1847565,-2.9235363,1
66830,-4.314624,11.013032,7
66831,1.5797496,-0.25833982,2
66832,5.53713,7.7108183,5
66833,14.799889,7.9440527,0
66834,1.0227771,7.3411784,8
66835,15.090865,8.502719,0
66836,2.261721,0.3552247,2
66837,-4.4336777,10.4502945,7
66838,1.3103899,7.3609037,8
66839,1.8157455,7.147593,8
66840,6.9149456,6.043367,3
66841,14.46728,7.431589,0
66842,11.162729,5.7032347,6
66843,14.10939,6.896229,0
66844,1.8603939,0.058839507,2
66845,-4.2378774,11.32318,7
66846,10.731758,5.5095153,6
66847,10.758874,5.306789,6
66848,-2.475795,-3.2938805,1
66849,1.7903711,-0.18398562,2
66850,1.3428246,7.171135,8
66851,0.79565775,6.6157346,8
66852,-4.0411196,11.333518,7
66853,-3.9554613,11.019247,7
66854,-0.5499073,13.277197,4
66855,-5.1351404,12.051252,7
66856,-4.0954485,11.22507,7
66857,6.376272,5.684347,3
66858,-4.7857714,11.51868,7
66859,-0.7596454,13.530473,4
66860,4.8758273,6.950249,5
66861,0.13247977,14.139704,4
66862,6.5547285,5.6925564,3
66863,6.674704,5.8198495,3
66864,1.5123943,6.7162366,8
66865,0.027001103,14.024142,4
66866,5.0036836,6.8515897,5
66867,-1.3819841,13.299153,4
66868,-2.3233054,-0.6854178,1
66869,-2.3392801,-3.4448216,1
66870,1.1841602,12.672339,9
66871,-4.3702364,11.453515,7
66872,0.05103531,13.5505295,4
66873,6.5846567,5.5600452,3
66874,-4.0718703,11.296632,7
66875,6.633091,4.9857287,3
66876,6.791283,5.7292585,3
66877,14.331817,6.9034915,0
66878,2.248857,0.3622474,2
66879,4.6757426,7.235453,5
66880,4.5264864,7.5588183,5
66881,11.092543,5.729099,6
66882,6.4290786,5.337718,3
66883,-1.0678403,-3.2633605,1
66884,4.019395,6.6928787,5
66885,2.2264533,0.3621919,2
66886,5.3446345,6.896941,5
66887,0.3590088,12.025676,9
66888,-0.47921473,11.852279,9
66889,0.22792505,7.0868645,8
66890,0.15612943,13.76126,4
66891,-2.348887,-3.619147,1
66892,14.18517,7.257337,0
66893,11.155246,6.140899,6
66894,14.2066765,6.0948324,0
66895,-0.7772221,12.074271,9
66896,11.159313,5.9858465,6
66897,0.4823418,7.250298,8
66898,0.8595207,7.644658,8
66899,3.981138,7.2273855,5
66900,10.472124,5.1765285,6
66901,-2.7153876,-2.7281744,1
66902,-2.2209563,-3.727467,1
66903,-1.0142832,11.405654,9
66904,0.12520988,6.868461,8
66905,-1.5537461,11.573405,9
66906,3.1987789,0.63631165,2
66907,6.774334,5.1370378,3
66908,4.0907955,7.183754,5
66909,3.4789977,7.159207,5
66910,0.0054584923,12.361529,9
66911,0.14215551,13.728818,4
66912,3.1490355,0.474943,2
66913,-1.5706694,-2.3827085,1
66914,-0.8511603,12.111471,9
66915,0.23432398,13.382256,4
66916,0.29811653,11.728788,9
66917,-2.3820689,-2.9309123,1
66918,6.623918,5.7569404,3
66919,-1.4322386,11.669765,9
66920,1.8844564,-0.3886483,2
66921,14.784644,7.395214,0
66922,10.315309,4.9236593,6
66923,14.636573,6.3793244,0
66924,-0.3084055,13.258752,4
66925,14.360302,6.1436186,0
66926,10.284347,4.976785,6
66927,14.811401,6.3566413,0
66928,-2.3814719,-0.8192776,1
66929,3.500542,-0.21625838,2
66930,6.4331207,4.231649,3
66931,-1.1642065,14.099869,4
66932,3.7764156,6.445163,5
66933,11.208788,4.8308587,6
66934,-4.6833434,10.177503,7
66935,0.1388778,6.4625344,8
66936,-0.017820708,11.783376,9
66937,15.883534,7.1893225,0
66938,-2.8945093,-1.5409267,1
66939,3.4268978,-1.0991617,2
66940,6.6985855,4.096411,3
66941,-0.94417655,14.74078,4
66942,3.6387355,5.5712094,5
66943,11.1051655,3.2721295,6
66944,-5.014014,10.285801,7
66945,-0.98423934,5.796656,8
66946,-1.4201003,10.802509,9
66947,15.466276,7.929067,0
66948,-2.9254205,-0.9860198,1
66949,4.3180346,-0.9595528,2
66950,5.9970794,3.3833494,3
66951,-1.8368574,14.487863,4
66952,3.0689425,4.7877803,5
66953,11.446412,4.557452,6
66954,-3.925776,8.859503,7
66955,-0.45262414,5.557105,8
66956,-0.95904887,10.418682,9
66957,6.4094753,4.315144,3
66958,-0.046544194,6.322412,8
66959,14.494222,6.4533916,0
66960,-4.5930843,10.283453,7
66961,-3.229774,-1.6540949,1
66962,14.564696,6.3064976,0
66963,-4.6688657,10.079135,7
66964,4.480534,6.0830026,5
66965,3.2958033,5.936505,5
66966,10.97782,4.5986404,6
66967,-1.6134652,10.387495,9
66968,16.152914,7.0234194,0
66969,-2.9721556,0.6367929,1
66970,15.294589,5.9297094,0
66971,14.600358,6.720705,0
66972,-0.06760768,6.728041,8
66973,6.9665823,4.597818,3
66974,-0.81044364,14.437053,4
66975,6.218728,3.5335114,3
66976,-2.9880555,0.57644683,1
66977,3.8560042,6.256577,5
66978,14.775728,6.34474,0
66979,14.353189,6.929702,0
66980,-1.4800432,11.156289,9
66981,4.483625,6.1470003,5
66982,6.5678496,4.5240865,3
66983,-1.2336153,13.815667,4
66984,-0.41488054,11.076426,9
66985,6.5426674,4.1409273,3
66986,-3.9986393,9.077543,7
66987,10.894906,4.1685715,6
66988,-1.5633311,10.398949,9
66989,4.297341,-0.88594323,2
66990,-1.8339692,13.567023,4
66991,4.0366035,6.198213,5
66992,-5.1088667,9.962638,7
66993,4.579466,-0.76691896,2
66994,11.326511,3.864563,6
66995,-2.1011598,14.970611,4
66996,-1.0995965,11.1256,9
66997,-1.8575776,13.593561,4
66998,-0.8155027,10.7560625,9
66999,-1.8643528,13.738107,4
67000,-2.6041045,-0.2582733,1
67001,4.012968,-0.5950435,2
67002,3.794174,-1.3640363,2
67003,4.773877,6.4496937,5
67004,0.84502304,6.1701756,8
67005,-2.551576,-0.4906382,1
67006,6.4765124,4.079093,3
67007,4.388211,-1.092043,2
67008,0.15247764,11.673038,9
67009,-1.2393249,14.417594,4
67010,5.3323526,4.1333623,3
67011,0.035189044,6.638663,8
67012,4.3650403,-1.0496955,2
67013,4.112236,-0.91067445,2
67014,-2.1813674,-1.2350196,1
67015,3.9489222,-0.83252794,2
67016,1.1190581,6.8096423,8
67017,10.790121,4.957032,6
67018,4.557655,6.5057335,5
67019,-2.5264156,-2.0756667,1
67020,10.922999,4.8959274,6
67021,-3.8927343,9.833261,7
67022,3.9080353,-1.2164444,2
67023,-3.6680954,-0.883923,1
67024,6.515748,4.161383,3
67025,-1.2863454,11.040429,9
67026,7.0224614,4.525588,3
67027,-0.39690533,5.894272,8
67028,-4.363308,11.067972,7
67029,3.8021817,5.1410303,5
67030,-3.2586248,8.819433,7
67031,15.379492,6.1057773,0
67032,-3.9619966,10.923785,7
67033,-1.8394544,13.61629,4
67034,0.48724064,6.53845,8
67035,1.3587818,6.164611,8
67036,4.094691,7.012907,5
67037,14.836298,6.4649615,0
67038,11.349088,5.701806,6
67039,10.979197,4.213142,6
67040,6.63406,4.029311,3
67041,-4.4852486,8.714124,7
67042,11.277927,4.257458,6
67043,-1.3687031,11.027613,9
67044,-1.9274656,10.467878,9
67045,-1.9275928,14.490723,4
67046,-0.11319364,5.5041556,8
67047,-1.6446865,14.944353,4
67048,-3.125282,0.9035477,1
67049,15.591197,5.8421636,0
67050,11.278434,3.1709359,6
67051,11.280337,2.7991986,6
67052,15.263126,6.6186695,0
67053,-2.924986,-1.0269859,1
67054,2.9531934,-0.63658726,2
67055,5.005891,4.924058,3
67056,-1.4840063,14.032505,4
67057,2.7838993,5.3382306,5
67058,11.375872,4.406794,6
67059,-4.117173,8.903993,7
67060,0.20418079,5.691094,8
67061,-1.660816,10.397335,9
67062,15.204486,6.542346,0
67063,-3.1294372,-1.6488757,1
67064,3.3674047,0.15077442,2
67065,5.2464347,4.5650496,3
67066,-1.2160224,14.849825,4
67067,3.2530077,5.8470945,5
67068,11.026564,3.0854745,6
67069,-5.0565715,9.364305,7
67070,-0.6506268,5.825379,8
67071,-0.73256844,10.989822,9
67072,15.241783,7.223398,0
67073,-2.764297,-1.7704221,1
67074,3.0169868,-0.88834614,2
67075,6.4394975,4.2900724,3
67076,-1.5974257,14.655489,4
67077,2.8009787,5.8567343,5
67078,11.680622,4.7791476,6
67079,-4.8780103,9.685986,7
67080,-0.3298283,6.3487043,8
67081,-1.7274282,10.147216,9
67082,-4.167495,10.578079,7
67083,-1.4517189,13.508658,4
67084,15.220639,5.770239,0
67085,-0.7205886,14.281421,4
67086,15.622621,6.3614407,0
67087,-3.271034,-1.4813575,1
67088,-4.2447796,8.857187,7
67089,-0.70015925,11.069788,9
67090,2.9927232,5.8330207,5
67091,-3.4762704,0.6374143,1
67092,-1.1845477,14.803817,4
67093,2.919143,-0.7138117,2
67094,-0.18284462,7.1139245,8
67095,-1.2218434,10.5994005,9
67096,-1.1724873,14.912396,4
67097,5.5008283,4.0455585,3
67098,-4.991778,9.416737,7
67099,0.5934749,6.2485924,8
67100,3.3458364,0.07688984,2
67101,-1.2102554,13.992678,4
67102,-1.7294986,13.591535,4
67103,5.1892705,4.566239,3
67104,5.470652,4.8941283,3
67105,11.387441,4.432607,6
67106,-1.8129624,10.564081,9
67107,-1.7826469,10.488291,9
67108,2.8265977,5.933853,5
67109,0.33625385,6.13707,8
67110,11.025049,4.2600026,6
67111,-4.1153398,8.95657,7
67112,15.546941,6.4505877,0
67113,11.325416,3.9950542,6
67114,0.10499978,6.293971,8
67115,3.3655906,0.07418319,2
67116,11.704626,4.4586883,6
67117,5.160554,4.289461,3
67118,-1.5077196,10.422238,9
67119,5.442995,4.7966614,3
67120,3.622424,-0.8245649,2
67121,-0.1130659,7.1609144,8
67122,11.08755,5.0694904,6
67123,-2.5130942,-0.3562632,1
67124,-3.9947174,9.109327,7
67125,-0.807336,14.437704,4
67126,-0.21297319,6.2574244,8
67127,-0.094841376,6.5135546,8
67128,-1.5885664,10.517202,9
67129,15.36564,6.090458,0
67130,4.865145,4.618053,3
67131,5.473725,4.038862,3
67132,-0.78782386,10.626046,9
67133,15.360339,6.0209756,0
67134,3.1425495,6.1064014,5
67135,3.511827,0.43941292,2
67136,-1.1730353,10.0745325,9
67137,-1.8444438,14.638836,4
67138,-3.9349906,1.4993368,1
67139,15.754027,6.150979,0
67140,6.1642256,4.761826,3
67141,-4.4546504,9.358245,7
67142,3.462721,6.1448846,5
67143,-0.20254205,6.302155,8
67144,-4.8874307,9.778631,7
67145,-4.6793847,8.978538,7
67146,-0.25494033,6.5184326,8
67147,3.7196167,-1.2139993,2
67148,-0.32967967,10.422084,9
67149,-4.2869062,8.390036,7
67150,-3.7093856,1.1587173,1
67151,3.5574303,-0.9519375,2
67152,11.692379,3.6783555,6
67153,-1.895188,14.779371,4
67154,3.721684,-0.86645424,2
67155,2.8049424,5.5678015,5
67156,3.6472647,-0.6804194,2
67157,5.128442,4.539979,3
67158,10.827789,3.965764,6
67159,11.16026,3.8391733,6
67160,2.903581,5.8354278,5
67161,15.573927,5.9743433,0
67162,15.317873,5.7502584,0
67163,3.397098,-0.85246503,2
67164,0.058309652,6.4357915,8
67165,-3.6604054,0.81994784,1
67166,11.410425,3.326177,6
67167,-2.999591,0.643548,1
67168,15.978189,6.381424,0
67169,-1.8856565,14.446938,4
67170,5.2569404,4.071427,3
67171,-2.95304,0.78522503,1
67172,11.697754,3.9176679,6
67173,-3.8895328,1.677734,1
67174,-1.6525607,10.248578,9
67175,15.457073,8.280676,0
67176,-1.8136432,-1.5397124,1
67177,-1.3949127,13.451976,4
67178,3.4236958,4.7947783,5
67179,10.2082,3.8691535,6
67180,-4.264104,10.79004,7
67181,0.24583377,5.5924478,8
67182,1.3861685,11.878023,9
67183,-3.1039002,-1.9280696,1
67184,4.4843874,-1.5376616,2
67185,6.124932,5.3453298,3
67186,-1.9830495,14.228744,4
67187,3.0423036,4.702498,5
67188,11.170459,3.5069008,6
67189,-4.313189,9.433918,7
67190,16.271202,8.385426,0
67191,-3.854302,1.3160194,1
67192,4.683545,-0.8888325,2
67193,6.864994,4.153752,3
67194,-1.9511614,14.959553,4
67195,2.6805437,4.4309044,5
67196,11.339094,3.2604883,6
67197,-5.26121,10.28697,7
67198,-0.3992765,5.1532674,8
67199,-0.74507505,10.875494,9
67200,0.51969016,6.015745,8
67201,-1.9259679,14.56867,4
67202,15.994321,8.050239,0
67203,15.822636,6.77541,0
67204,-3.6881695,8.916568,7
67205,4.1883984,-0.24282591,2
67206,-1.8673017,15.16652,4
67207,5.931464,3.7394202,3
67208,-0.7447886,5.8816195,8
67209,10.613306,2.7111576,6
67210,10.420492,3.1279151,6
67211,5.9614077,3.7941227,3
67212,3.7412102,0.25485605,2
67213,11.350052,4.0283275,6
67214,6.2303905,4.8019066,3
67215,5.91865,4.82627,3
67216,10.645063,3.8753834,0
67217,-4.1437063,1.7877097,1
67218,-1.7023056,14.840555,4
67219,-4.756184,10.983123,7
67220,-0.10119043,5.3968296,8
67221,15.922637,7.3567443,0
67222,5.874309,4.8072677,3
67223,-4.2329745,0.88401216,1
67224,-0.6352882,10.254083,9
67225,15.123705,7.5935593,0
67226,-4.308661,1.4161892,1
67227,-1.105282,10.973535,9
67228,-3.3301208,1.087515,1
67229,3.8986745,-0.096605845,2
67230,-4.517385,8.697367,7
67231,15.919292,6.618748,0
67232,-2.5515325,-0.37508032,1
67233,6.4054523,6.655584,3
67234,-0.7639325,5.2003326,8
67235,4.142612,-0.07819826,2
67236,-0.60911936,10.1289835,9
67237,4.760396,-0.73704094,2
67238,-4.1788745,8.579082,7
67239,11.165117,2.6374795,6
67240,2.5935667,4.4328423,5
67241,2.4807863,4.361811,5
67242,-0.3643362,10.505115,9
67243,-1.1219523,9.763588,9
67244,-0.5993055,5.551953,8
67245,4.651799,-0.6484083,2
67246,-0.24732596,10.783111,9
67247,-3.8625784,2.2079356,1
67248,5.7761483,3.4255474,3
67249,4.1165304,0.44739625,2
67250,6.287355,4.3316894,3
67251,-1.611962,15.06757,4
67252,6.377443,6.603187,3
67253,-4.0481234,1.9756329,1
67254,-0.691703,10.050164,9
67255,15.91577,6.641928,0
67256,-0.7255894,10.20832,9
67257,7.0319,4.849378,3
67258,10.742059,2.8813162,6
67259,-0.5848966,6.071378,8
67260,-4.654817,8.998353,7
67261,16.36867,7.1764493,0
67262,-3.951918,2.5688841,1
67263,15.883006,6.2324724,0
67264,3.095115,4.9224086,5
67265,-0.15565184,5.4052706,8
67266,4.635061,-0.9392321,2
67267,-4.84809,9.081231,7
67268,-3.717434,9.042307,7
67269,14.561165,6.1067557,0
67270,-1.6481731,-2.0456905,1
67271,2.789096,-1.1384665,2
67272,5.294711,4.6579113,3
67273,-1.0035592,13.7309265,4
67274,4.032118,6.1744647,5
67275,10.110547,3.3343325,6
67276,-3.5021946,9.768738,7
67277,0.8839155,6.14827,8
67278,-0.7559812,11.952071,9
67279,14.854147,6.856205,0
67280,-2.6339393,-2.9638617,1
67281,3.4756808,-1.2408652,2
67282,6.261115,4.3237877,3
67283,-0.39820626,13.461738,4
67284,3.3043258,6.4602356,5
67285,11.0971775,3.9525094,6
67286,-4.6006036,10.586486,7
67287,0.2533837,5.615829,8
67288,-0.36627343,11.9934025,9
67289,15.423878,7.1721034,0
67290,-2.6643474,-1.9681944,1
67291,3.1016793,-1.07657,2
67292,5.6230345,4.688356,3
67293,-0.026232325,13.4616165,4
67294,4.190757,6.1137123,5
67295,11.068759,4.839732,6
67296,-4.5877733,10.487759,7
67297,0.11647465,5.789729,8
67298,-0.8688091,11.625081,9
67299,-2.8605669,-1.5481112,1
67300,-4.567944,10.859193,7
67301,-1.0834787,14.093847,4
67302,0.8199874,6.13998,8
67303,-2.6242132,-2.2993991,1
67304,4.5092063,6.1981745,5
67305,11.49122,5.1030045,6
67306,3.7985919,6.095467,5
67307,-3.9267406,10.077498,7
67308,3.9862857,-1.1676085,2
67309,-0.39087787,6.0388837,8
67310,11.129788,4.0824494,6
67311,6.421931,4.3360276,3
67312,5.6142945,5.248532,3
67313,0.27880275,6.572391,8
67314,11.138839,4.9865203,6
67315,4.217889,6.775601,5
67316,-1.279728,14.008275,4
67317,15.719877,7.1323047,0
67318,0.22540544,11.542439,9
67319,-2.377664,-1.6519015,1
67320,-4.936477,10.546005,7
67321,3.263323,-0.99070126,2
67322,0.21099705,11.834449,9
67323,-2.4582386,-2.7553704,1
67324,4.21744,6.7358203,5
67325,-2.0676754,-1.4485083,1
67326,6.5635805,4.0416784,3
67327,3.4651816,-0.9749736,2
67328,3.410309,-1.0011644,2
67329,5.9262114,4.5421286,3
67330,15.6290455,6.9448276,0
67331,11.323985,3.5705924,6
67332,-1.0767072,13.70017,4
67333,5.561993,4.4593368,3
67334,-3.816812,8.957221,7
67335,11.090852,4.0882936,6
67336,-0.37912086,11.198843,9
67337,15.556738,6.2944818,0
67338,-1.6554766,14.882264,4
67339,0.75767285,6.541037,8
67340,-2.180201,-1.6525894,1
67341,-0.26150832,13.954304,4
67342,14.962946,6.605215,0
67343,10.61212,3.6888762,6
67344,-3.3764613,-1.2294877,1
67345,2.9608817,-1.2126652,2
67346,11.276479,4.748791,6
67347,0.07918968,11.381753,9
67348,2.7142441,-1.1146444,2
67349,3.119371,-1.1476558,2
67350,5.3074727,4.6143384,3
67351,4.168395,6.1060257,5
67352,4.0764594,6.0195117,5
67353,-2.4316642,-0.6399377,1
67354,14.602826,6.2655115,0
67355,-4.7242007,10.355736,7
67356,-3.8545072,8.879919,7
67357,-1.7568443,10.145769,9
67358,11.202393,3.3934698,6
67359,3.2636812,-0.98040104,2
67360,-0.4349031,11.000292,9
67361,-1.480661,13.828645,4
67362,-4.397551,9.63426,7
67363,15.552754,6.217244,0
67364,3.4225647,-0.5072181,2
67365,5.568866,4.0291543,3
67366,-0.94705486,14.071918,4
67367,15.336145,6.2192626,0
67368,15.310432,6.299283,0
67369,0.26998603,6.482892,8
67370,0.6779447,6.0800724,8
67371,0.21198021,6.35059,8
67372,4.4756036,6.019506,5
67373,-2.3744564,-1.2431062,1
67374,5.6731114,4.131828,3
67375,-3.7704697,8.584592,7
67376,-1.5632646,14.494695,4
67377,-1.7408605,10.282345,9
67378,-0.069744386,5.6941285,8
67379,0.7198704,6.5803065,8
67380,-1.2081048,11.117064,9
67381,15.173185,6.103911,0
67382,-0.8504041,11.6672735,9
67383,0.47047418,6.4433317,8
67384,-1.4630277,11.267257,9
67385,15.623948,6.511418,0
67386,3.2361524,-1.0587054,2
67387,11.637764,4.053476,6
67388,4.072735,6.3127613,5
67389,11.048351,4.5801277,6
67390,-3.889166,8.833718,7
67391,-1.5772398,14.435256,4
67392,-4.0106964,9.232437,7
67393,4.3515077,6.0651903,5
67394,-2.0433347,14.537716,4
67395,-2.943658,0.731623,1
67396,5.5424585,3.950387,3
67397,3.9777563,6.213743,5
67398,6.288115,3.6301897,3
67399,-3.4425683,0.71437037,1
67400,3.4959419,-1.1059204,2
67401,6.874756,4.9337006,3
67402,-2.191893,14.819626,4
67403,4.442195,6.530176,5
67404,11.186243,3.1390262,6
67405,-3.9469693,2.0144403,1
67406,4.4382677,-1.339889,2
67407,6.168976,4.433005,3
67408,-1.9666809,15.181579,4
67409,11.63583,4.544054,6
67410,16.311499,8.336904,0
67411,-4.269842,1.2652199,1
67412,4.5857754,-1.4411331,2
67413,-2.1311457,15.180551,4
67414,2.6616778,5.28086,5
67415,11.341155,3.9559727,6
67416,-3.914111,8.456045,7
67417,0.25449437,6.545567,8
67418,-3.916299,1.2564859,1
67419,-3.2831626,9.06074,7
67420,4.6761436,-1.2428427,2
67421,-1.8987155,14.971558,4
67422,-4.114969,2.4296665,1
67423,-2.0924432,14.476304,4
67424,-3.4813902,1.4095542,1
67425,-1.4844428,15.083573,4
67426,-1.9315947,9.93311,9
67427,10.99784,2.8255231,6
67428,0.2225231,5.8658223,8
67429,-1.2776163,15.314072,4
67430,4.1541033,5.4175334,5
67431,6.013375,4.4153795,3
67432,-4.158935,2.170223,7
67433,-0.29445818,4.993287,8
67434,-3.478922,7.8293076,4
67435,5.6792035,4.2298164,3
67436,5.3408437,3.904106,3
67437,2.5672708,4.939434,5
67438,11.232705,4.226128,6
67439,-3.4440918,8.794723,7
67440,15.717876,5.8805175,0
67441,10.748726,3.682325,6
67442,-3.847462,1.0998602,1
67443,11.225351,4.4329815,6
67444,-0.17425478,5.3688197,8
67445,-3.665282,8.248571,7
67446,16.499634,7.057814,0
67447,-4.117782,2.6873226,1
67448,5.330369,6.893036,5
67449,16.359621,6.4085765,0
67450,-0.26377502,6.0504165,8
67451,2.3969088,4.3869147,5
67452,16.623705,7.338305,0
67453,-3.2546694,1.1242009,1
67454,2.9643826,4.434612,5
67455,0.78949684,5.911,8
67456,-1.4916462,15.21376,4
67457,4.281779,-1.4486644,2
67458,5.826757,5.082388,3
67459,-1.7620763,10.142399,9
67460,-3.6952164,9.089253,7
67461,10.932624,4.4089594,6
67462,-0.2788144,11.106813,9
67463,-4.137103,2.1658955,1
67464,-1.4839852,10.116991,9
67465,16.541834,6.852849,0
67466,10.785696,2.3028874,6
67467,-4.476646,9.581533,7
67468,-4.0354433,2.704525,1
67469,4.372042,-0.41809362,2
67470,5.9913254,4.169364,3
67471,-1.9306275,9.5479355,9
67472,4.0451674,-0.22756407,2
67473,-2.1585655,14.747612,4
67474,2.818686,4.732732,5
67475,3.8440647,6.2171073,5
67476,6.5854564,4.2072363,3
67477,-4.040049,9.470989,7
67478,5.30415,6.981213,5
67479,5.851249,4.35307,3
67480,-3.3445022,1.3736635,1
67481,-0.021548433,5.6342077,8
67482,4.01897,-1.4697325,2
67483,3.6321988,-0.29930392,2
67484,5.6357994,4.1419396,3
67485,15.995958,6.4588456,0
67486,4.281246,-1.3313907,2
67487,-1.7882284,9.712667,9
67488,-1.4767734,15.285447,4
67489,-1.8836759,9.792019,9
67490,-3.595572,8.237744,7
67491,16.733433,6.7947206,0
67492,-4.0187683,9.921089,2
67493,-3.3273106,9.193327,7
67494,-1.2455069,14.937473,4
67495,-2.1809347,10.116495,9
67496,-1.3799721,11.366553,9
67497,3.388847,-0.94833636,2
67498,5.17904,6.0329847,5
67499,-1.8587517,10.742129,9
67500,-0.008836707,5.711315,8
67501,6.3821306,4.0031896,3
67502,-0.061662674,5.3175592,8
67503,11.230045,3.5623655,6
67504,-3.6911454,8.236503,7
67505,16.529778,6.5923467,0
67506,15.287155,6.340986,0
67507,-3.4336364,0.029798573,1
67508,2.5414774,-0.16770288,2
67509,6.04558,3.9588926,3
67510,-1.9047315,14.225722,4
67511,3.928101,5.265425,5
67512,10.926186,2.5977192,6
67513,-5.03736,9.94077,7
67514,1.6720366,6.217347,8
67515,-0.51506704,10.501374,9
67516,16.139263,6.524479,0
67517,-3.598108,1.1481364,1
67518,2.5023842,-0.20868756,2
67519,5.9671535,3.5619392,3
67520,-1.0249847,15.056812,4
67521,3.2116723,4.5169888,5
67522,11.07872,2.5311258,6
67523,-3.9738562,8.415756,7
67524,1.7078292,6.192341,8
67525,-2.0120318,10.169678,9
67526,15.883325,6.2454267,0
67527,-2.5772388,-0.3281764,1
67528,2.4949803,-0.16469082,2
67529,5.9572687,3.5995922,3
67530,-1.8117,14.946674,4
67531,3.0526676,4.5193415,5
67532,11.065137,2.8757021,6
67533,-4.720032,9.002054,7
67534,1.5984864,6.1728177,8
67535,-1.9303,9.785863,9
67536,15.520986,6.0646358,0
67537,15.7047205,6.653426,0
67538,-3.7774675,9.005709,7
67539,2.9589164,-0.82386994,2
67540,11.659772,3.8325768,6
67541,3.1969883,4.4838347,5
67542,3.1521094,4.5077057,5
67543,6.054645,3.506313,3
67544,-4.2661476,8.514278,7
67545,1.527421,6.1368437,8
67546,10.757406,3.5520399,6
67547,11.0222,3.2700603,6
67548,11.416549,3.7108226,6
67549,10.354731,2.9814134,6
67550,-1.8507241,14.69904,4
67551,6.609937,4.2315774,3
67552,0.46852285,6.190954,8
67553,1.2106211,5.9211636,8
67554,6.525129,4.253422,3
67555,15.561462,6.26245,0
67556,-3.3366354,1.0423703,1
67557,-1.2962142,10.458776,9
67558,15.514645,5.7979326,0
67559,5.056196,6.7232747,5
67560,-1.9195185,13.894576,4
67561,-2.9120483,0.45338923,1
67562,-1.7329953,10.3039465,9
67563,-3.6721404,2.0158849,1
67564,3.1778226,-0.2547531,2
67565,-5.1076326,9.56586,7
67566,16.331,6.84393,0
67567,-4.306743,1.1906725,1
67568,5.934722,3.6240618,3
67569,1.6787758,6.5069175,8
67570,2.7580273,-0.10763215,2
67571,-0.711148,10.407723,9
67572,3.6651254,-0.122461125,2
67573,-4.376915,8.862102,7
67574,-2.199388,14.364508,4
67575,2.4755247,-0.39501232,2
67576,11.058124,3.7829611,6
67577,3.0885963,4.678487,5
67578,3.3745117,4.690103,5
67579,-1.1202656,10.115162,9
67580,-1.023907,10.220562,9
67581,-3.7745748,2.0318115,1
67582,-4.3231,1.1288741,1
67583,3.3015525,4.7071404,5
67584,-4.0605755,9.543956,7
67585,10.703118,3.769048,6
67586,1.5620233,6.4479804,8
67587,2.466635,-0.35900626,2
67588,-2.0850048,10.132605,9
67589,-1.0789971,14.578552,4
67590,5.9490914,4.3416276,3
67591,-2.538591,-0.26498416,1
67592,-0.5194022,10.814664,9
67593,16.09237,7.2654204,0
67594,-1.3796668,10.771396,9
67595,5.6188197,4.171235,3
67596,11.495465,4.036596,6
67597,1.8121167,6.342529,8
67598,-5.0221343,9.971263,7
67599,15.456708,5.868402,0
67600,-3.8726852,1.3915325,1
67601,15.713857,6.8086805,0
67602,3.966438,5.332582,5
67603,1.6911225,6.183331,8
67604,2.4818597,-0.38299212,2
67605,-4.260125,9.366578,7
67606,-3.6375482,8.92918,7
67607,14.376153,7.2370534,0
67608,-0.60771173,-4.240523,1
67609,3.973532,-1.9185228,2
67610,5.758286,6.369467,3
67611,0.67047256,14.373188,4
67612,5.4449763,7.34518,5
67613,11.499273,5.6737657,6
67614,-4.843937,10.62178,7
67615,0.1283412,6.6036916,8
67616,0.3213243,11.935063,9
67617,14.745695,8.521748,0
67618,-1.6119636,-3.6611013,1
67619,3.249892,-1.8890147,2
67620,5.1718173,5.7815914,3
67621,1.1100156,14.650704,4
67622,5.4727955,7.338961,5
67623,0.47891957,6.7632155,8
67624,1.137853,11.908222,9
67625,14.302796,7.404323,0
67626,-2.3076863,-3.2667487,1
67627,3.6114285,-1.9054905,2
67628,5.253698,5.9487123,3
67629,0.78056896,14.581223,4
67630,5.531595,7.638464,5
67631,10.653802,4.6713967,6
67632,-4.321625,10.846685,7
67633,0.7892579,6.0247016,8
67634,-0.43652096,11.906237,9
67635,4.2799335,-1.6370412,2
67636,-1.9993409,-3.7190082,1
67637,14.547199,7.2449164,2
67638,-1.2221158,-4.0170245,1
67639,6.0201297,6.360824,3
67640,0.17751233,12.27914,9
67641,-0.10091353,12.065494,9
67642,0.89537823,6.5962915,8
67643,5.6703954,7.2173142,5
67644,6.0477214,5.571941,3
67645,-5.469205,10.40529,7
67646,14.928561,6.66854,0
67647,-4.106434,9.334039,7
67648,-3.8411615,9.109683,7
67649,4.9215875,6.9434485,5
67650,-3.9027004,10.800932,7
67651,-0.87335074,11.780188,9
67652,-0.06228352,11.259282,9
67653,0.40090394,14.670764,4
67654,-4.081406,10.532709,7
67655,14.943414,6.998128,0
67656,5.8147187,6.3731585,3
67657,0.6037737,13.721874,4
67658,-2.2852874,-3.4853096,1
67659,5.0043287,7.7001414,5
67660,1.0032771,6.4939613,8
67661,-2.0783522,-1.7484536,1
67662,-0.014632051,14.118421,4
67663,0.3894095,6.4578996,8
67664,1.1693283,14.7133045,4
67665,-2.9291384,-2.4538713,1
67666,0.29052576,6.9128785,8
67667,11.595687,6.351176,6
67668,10.88552,5.3764873,6
67669,0.36491102,14.295314,4
67670,10.4681835,4.8689766,6
67671,13.988461,7.0736117,0
67672,5.021872,7.718814,5
67673,4.5216417,7.1554418,5
67674,5.72842,5.2473364,3
67675,5.3312893,5.3257065,3
67676,4.6715746,7.1473465,5
67677,-4.217998,10.762874,7
67678,4.510507,-1.5756868,2
67679,5.705175,7.2743044,5
67680,-0.2354575,11.98785,9
67681,10.913485,5.5076833,6
67682,-1.1794252,11.380042,9
67683,4.3405466,-1.9140815,2
67684,11.10284,5.3234353,6
67685,3.942145,-1.83609,2
67686,-2.022358,-3.4292204,1
67687,4.583801,-1.59427,2
67688,14.388889,7.3592176,0
67689,1.6134169,6.793234,8
67690,5.3402796,5.6640644,3
67691,1.6360588,7.635491,8
67692,5.3255777,5.217228,3
67693,14.72799,8.27756,0
67694,1.6349547,7.2829576,8
67695,-5.0708637,12.011407,7
67696,0.73186946,14.029116,4
67697,-0.6677995,11.977862,9
67698,5.6296,7.372057,5
67699,14.6862955,7.772427,0
67700,-0.20761259,11.808675,9
67701,-4.359786,10.342557,7
67702,14.227656,7.1750913,0
67703,14.400516,6.9096065,0
67704,0.06618182,13.71222,4
67705,11.416086,6.17787,6
67706,14.425649,7.11766,0
67707,-0.7156016,11.267104,9
67708,-3.9547029,-0.363385,1
67709,11.692586,6.4819093,6
67710,4.008373,-1.9817792,2
67711,-5.3512135,11.911667,7
67712,11.650184,6.3698854,6
67713,0.81522435,7.157832,8
67714,5.2782016,5.3048887,3
67715,4.9522963,7.3832755,5
67716,4.0007052,-1.7277625,2
67717,-2.3572176,-2.9252725,1
67718,0.6962917,7.1560574,8
67719,5.873454,6.2833056,3
67720,1.7808096,7.2710643,8
67721,11.304621,6.0604596,6
67722,-2.9166455,-1.6232101,1
67723,14.722658,8.632921,0
67724,4.3090353,-1.7652442,2
67725,-1.4394448,-2.201572,1
67726,0.11682498,14.383553,4
67727,15.178551,6.5222282,0
67728,-3.4286065,-0.2633203,1
67729,3.8942986,-0.91230583,2
67730,6.580261,4.108242,3
67731,-1.8085037,14.147902,4
67732,3.3625069,6.5250416,5
67733,11.464354,4.0766487,6
67734,-5.052537,9.617942,7
67735,0.74919206,6.1434007,8
67736,-2.3456485,9.537521,9
67737,15.932284,7.825789,0
67738,-3.7479215,0.88543314,1
67739,3.8586793,-1.1215591,2
67740,6.0637507,4.37661,3
67741,-0.9525881,14.7395735,4
67742,4.221119,6.3198175,5
67743,11.251262,3.6729803,6
67744,-4.7384663,9.750191,7
67745,0.9884144,6.8845086,8
67746,-1.1443406,10.260629,9
67747,16.641502,8.014925,0
67748,-3.6843867,1.1171646,1
67749,4.5007615,-0.9681754,2
67750,6.6079884,3.8453157,3
67751,-1.3855867,15.079304,4
67752,3.3568766,5.4344287,5
67753,11.538918,4.5394554,6
67754,-4.6695414,9.220638,7
67755,0.9992363,6.505145,8
67756,-2.115028,9.476289,9
67757,-4.044379,9.884584,7
67758,11.540191,4.559611,6
67759,-1.5867343,13.977357,4
67760,-4.8175154,9.782629,7
67761,11.648536,4.6518264,6
67762,4.453946,-0.95538473,2
67763,6.1379495,4.412489,3
67764,-1.7470809,14.192668,4
67765,0.089410536,6.4083366,8
67766,-5.1359177,10.141838,7
67767,1.13282,6.426349,8
67768,10.875372,3.7419844,6
67769,-1.0626231,10.282337,9
67770,0.9856608,6.4186974,8
67771,6.392805,4.1873236,3
67772,4.0321217,-1.0571064,2
67773,3.4619746,-0.98441935,2
67774,0.7346234,7.162696,8
67775,-1.0862527,14.647233,4
67776,1.274947,6.457359,8
67777,5.0572805,6.775407,5
67778,11.608416,4.0465856,6
67779,3.8509831,5.1774836,5
67780,16.089949,8.023882,0
67781,3.3886,-0.9431408,2
67782,16.311256,8.103857,0
67783,-3.4735591,0.45523462,1
67784,-3.7478652,1.0931461,1
67785,3.5313904,-1.0854865,2
67786,-0.44128114,11.00912,9
67787,11.6275015,4.975366,6
67788,0.9660699,6.579914,8
67789,4.017725,-0.9095938,2
67790,-3.335679,0.25312543,1
67791,16.600924,8.099272,0
67792,11.633902,5.302284,6
67793,3.6797328,6.191852,5
67794,3.392123,-0.20676471,2
67795,-0.4847473,10.841754,9
67796,-4.635405,9.20383,7
67797,4.1361103,5.6302867,5
67798,6.6538897,3.899029,3
67799,-1.4126606,10.173333,9
67800,7.0577,4.4200993,3
67801,-4.6550226,10.680505,7
67802,-3.0991588,0.65535593,1
67803,2.1512637,6.903083,8
67804,6.72212,4.2812915,3
67805,0.9953913,7.0029764,8
67806,-3.1871655,1.1793221,1
67807,-1.0237806,10.137818,9
67808,3.3868728,4.8475447,5
67809,3.6745338,5.152415,5
67810,15.642751,7.799922,0
67811,-3.716237,0.75739557,1
67812,-3.2532163,0.24692792,1
67813,-1.7428796,10.013724,9
67814,1.0663462,6.872539,8
67815,4.03848,-1.1357074,2
67816,11.606255,4.170687,6
67817,16.304712,8.164921,0
67818,-1.305858,14.345711,4
67819,2.8888814,4.846048,5
67820,16.627779,8.087138,0
67821,7.0335,4.282947,3
67822,-2.9529877,0.77738905,1
67823,2.2193725,6.8874297,8
67824,11.695916,5.3069715,6
67825,-4.8278866,9.801513,7
67826,2.6296113,4.439991,5
67827,-0.19662283,10.967973,9
67828,-0.44718564,10.744162,9
67829,6.5894117,3.9180717,3
67830,16.238699,8.448469,0
67831,6.9046774,4.425754,3
67832,-3.5563552,1.0669312,1
67833,-0.9039974,14.176847,4
67834,-1.1988741,13.700364,4
67835,16.159185,8.03022,0
67836,-1.1776093,14.106293,4
67837,-1.8016336,10.451107,9
67838,15.790134,7.5959244,0
67839,-2.847092,0.49064103,1
67840,3.8235977,-0.4122262,2
67841,7.078378,5.173596,3
67842,2.6680648,4.653621,5
67843,11.661654,4.890989,6
67844,-5.153388,10.750843,7
67845,0.055829898,6.214471,8
67846,16.080301,7.1731524,0
67847,-3.544892,1.8991352,1
67848,4.0236998,-0.35928857,2
67849,6.002001,3.2542887,3
67850,2.6902134,4.5890136,5
67851,11.580729,3.6633897,6
67852,-5.042152,9.502159,7
67853,0.22291061,6.2973824,8
67854,-0.4828557,10.418682,9
67855,16.066366,7.6159124,0
67856,-3.5684307,1.9494357,1
67857,4.1982465,-0.22309233,2
67858,6.1041217,3.4483857,3
67859,2.546498,4.3735776,5
67860,11.587587,3.6643422,6
67861,-4.796841,9.123681,7
67862,-0.3478667,5.9265943,8
67863,-1.4490253,10.097906,9
67864,0.08521479,10.936106,9
67865,-4.822198,9.756792,7
67866,16.249039,7.602232,0
67867,-0.56137973,10.375638,9
67868,15.9873085,7.5152454,0
67869,-3.6566803,2.084683,1
67870,3.0898426,4.42817,5
67871,0.44952673,6.3371387,8
67872,0.46325186,6.0195246,8
67873,16.293913,7.65297,0
67874,-0.7474005,9.978272,9
67875,6.0383015,3.3223267,3
67876,3.8897538,-0.046101563,2
67877,-4.12273,8.55206,7
67878,0.08158572,6.2435308,8
67879,-1.6015247,14.653988,4
67880,11.136487,3.0574977,6
67881,-3.8116286,1.6031566,1
67882,16.337626,6.8933086,0
67883,-1.7618024,14.216362,4
67884,-0.38885295,10.435226,9
67885,-0.8431964,14.955396,4
67886,3.9148493,-0.048451334,2
67887,16.402044,7.8615003,0
67888,2.7777393,4.345401,5
67889,16.331106,8.116051,0
67890,-4.0389123,1.4604958,1
67891,11.7102995,4.15821,6
67892,-1.1843427,10.420371,9
67893,6.662559,4.07917,3
67894,3.8946233,-0.28690648,2
67895,-0.48627916,10.449265,9
67896,-3.7408462,1.0841471,1
67897,11.415807,3.9734347,6
67898,16.344704,7.86558,0
67899,-3.619925,1.1001081,1
67900,-3.528662,1.8220618,1
67901,0.21537413,6.1828623,8
67902,-4.292772,8.615431,7
67903,-4.6021266,8.880094,7
67904,11.674228,3.8129532,6
67905,6.4203944,3.8567421,3
67906,11.729014,3.9923797,6
67907,16.185537,7.8521237,0
67908,-4.512246,8.810727,7
67909,3.9476416,-0.4457484,2
67910,-0.924455,14.745403,4
67911,-3.7315826,2.1891255,1
67912,-4.2048807,8.620735,7
67913,15.932318,7.0770864,0
67914,11.550132,3.7574816,6
67915,-4.4074388,8.677624,7
67916,-3.5371344,1.9129765,1
67917,4.19725,-0.49287906,2
67918,2.458364,4.351816,5
67919,0.22596139,6.196015,8
67920,-3.5484166,1.9236542,1
67921,0.9299447,5.155744,8
67922,3.954294,-0.26396653,2
67923,0.14980583,6.1869373,8
67924,-4.5849733,8.834588,7
67925,11.621376,4.0711403,6
67926,0.17380793,6.2412486,8
67927,-3.8204918,8.323888,7
67928,-3.5689058,1.905694,1
67929,11.572503,3.7467065,6
67930,3.7924058,-0.19973135,2
67931,-0.7466136,10.678416,9
67932,6.722274,4.255196,3
67933,16.224049,7.6210136,0
67934,-2.8754995,-0.97346395,1
67935,3.4360929,-0.6053784,2
67936,5.7529016,5.6036277,3
67937,-0.82538575,14.068919,4
67938,4.0239816,6.642173,5
67939,10.670464,4.7377443,6
67940,-4.453132,9.719128,7
67941,-0.38293442,6.0990343,8
67942,-1.4566702,10.793636,9
67943,15.619843,8.730155,0
67944,-2.902063,0.64290243,1
67945,4.0475764,-0.78547925,2
67946,6.5804977,5.338465,3
67947,-0.9250016,14.011705,4
67948,3.3137836,6.604754,5
67949,11.135309,4.389882,6
67950,-4.476852,9.775007,7
67951,0.2525491,7.192849,8
67952,-1.1777871,11.798292,9
67953,15.62977,8.046694,0
67954,-3.6646266,0.5220518,1
67955,3.8794005,-0.6204129,2
67956,6.9410305,5.7480364,3
67957,-1.806585,14.087199,4
67958,3.4665232,5.417948,5
67959,11.497936,5.3158455,6
67960,-4.374187,8.974936,7
67961,-0.06102837,6.4759574,8
67962,-0.6427967,11.408521,9
67963,0.22680756,6.8638678,8
67964,-0.83474386,11.593116,9
67965,4.624963,7.307947,5
67966,-4.2150016,9.464385,7
67967,15.778258,7.670721,0
67968,6.8324895,4.864503,3
67969,-3.3310447,0.16313219,1
67970,10.7978945,3.3514454,6
67971,-0.85297155,5.913833,8
67972,-1.2540821,14.160203,4
67973,-3.422339,0.5880149,1
67974,3.1061134,5.2756386,5
67975,11.175957,4.5386176,6
67976,-0.83924663,14.884847,4
67977,3.1302817,-0.30201402,2
67978,-4.9254656,9.416821,7
67979,-0.1746314,6.606779,8
67980,-2.4752588,-0.9180803,1
67981,6.9772816,5.085572,3
67982,-1.284879,13.593282,4
67983,6.8266263,5.4023776,3
67984,-1.7040696,14.55119,4
67985,-4.018788,8.702685,7
67986,3.3023453,-1.5835458,2
67987,15.734169,7.6197767,0
67988,3.498695,5.0348167,5
67989,16.33136,8.057527,0
67990,-3.516732,0.91667634,1
67991,-1.8108354,10.440435,9
67992,3.2835605,-0.2891759,2
67993,6.4549236,5.639628,3
67994,3.7645156,-0.4198066,2
67995,6.8256545,5.00266,3
67996,2.7670228,4.82135,5
67997,3.0605257,5.1799827,5
67998,-4.659223,8.745468,7
67999,-0.8872987,6.2044487,8
68000,-0.83598375,14.889403,4
68001,-0.049536888,11.227865,9
68002,-1.5117362,10.781815,9
68003,-3.4058049,8.3978405,7
68004,-2.8117466,0.38246572,1
68005,-3.419897,-0.22137845,1
68006,-0.67722034,10.987659,9
68007,16.090181,7.3491817,0
68008,-4.018845,8.512604,7
68009,0.06918098,6.746589,8
68010,6.9791694,5.156726,3
68011,-1.6508406,13.895345,4
68012,-0.040920623,6.573829,8
68013,11.693805,5.8255563,6
68014,6.983644,5.4077077,3
68015,-0.40175456,6.6036687,8
68016,16.629374,7.8600893,0
68017,-0.33166355,11.019962,9
68018,11.630454,4.9587703,6
68019,3.1717901,-1.2633189,2
68020,-1.0266596,-3.2659757,1
68021,16.280104,8.339269,0
68022,-2.9200385,0.5381574,1
68023,16.140486,7.3652806,0
68024,11.447102,4.1150246,6
68025,3.9453292,-0.8084119,2
68026,6.9812593,4.9329376,3
68027,0.15256032,6.77449,8
68028,-1.2741182,11.434889,9
68029,16.121424,7.4482327,0
68030,-4.491018,9.342713,7
68031,3.315281,0.132359,2
68032,6.202563,6.2377806,3
68033,-0.8444398,13.816022,4
68034,3.9788625,6.4210696,5
68035,3.872151,6.1777954,5
68036,3.7534366,-0.35352957,2
68037,-0.10576827,6.7215505,8
68038,3.4213889,6.5541444,5
68039,-1.6519202,14.550717,4
68040,11.399064,5.30559,6
68041,11.10966,4.4709244,6
68042,11.04958,4.153384,6
68043,-3.9161067,8.51695,7
68044,-1.8252429,10.652342,9
68045,-3.1910963,1.0989367,1
68046,-0.32251585,6.3705688,8
68047,3.7008655,-0.7376747,2
68048,-2.122101,-1.8744125,1
68049,4.2289085,6.9639044,5
68050,7.048934,4.387362,3
68051,-0.8417624,14.034397,4
68052,-4.4635386,9.084348,7
68053,-0.27034402,11.02556,9
68054,-1.1161257,14.468553,4
68055,15.749513,6.9298134,0
68056,15.763978,8.015335,0
68057,15.584668,7.996176,0
68058,-2.153274,-2.0915754,1
68059,2.2289248,-0.48620462,2
68060,6.3628764,4.152435,3
68061,-0.6011976,12.904767,4
68062,3.241071,5.9652195,5
68063,10.603263,3.0945663,6
68064,-3.723058,8.523937,7
68065,0.5676253,6.580715,8
68066,-1.6796802,10.85295,9
68067,15.406179,7.8166723,0
68068,-2.2888691,-2.2001882,1
68069,2.2576714,-0.6675211,2
68070,6.583934,4.702483,3
68071,-0.8016605,12.979069,4
68072,3.7267213,6.260548,5
68073,10.78938,4.229931,6
68074,-4.729566,9.53386,7
68075,0.51046115,6.2563376,8
68076,-1.4710131,11.228937,9
68077,14.866105,6.8846254,0
68078,-1.7430842,-2.800973,1
68079,2.1862535,-0.36470464,2
68080,6.384864,4.763329,3
68081,-0.5376011,12.94742,4
68082,4.1481404,6.7432456,5
68083,10.827327,4.2099743,6
68084,-0.08159461,11.582117,9
68085,15.303578,6.8427367,0
68086,-2.7536108,-1.9928353,1
68087,5.661521,4.459317,3
68088,-2.325805,-1.975188,1
68089,3.5798314,6.0287037,5
68090,-2.09676,-1.9512652,1
68091,2.0857031,-0.27306473,2
68092,-0.7205763,12.94826,4
68093,-0.9957165,11.298453,9
68094,2.1838708,-0.8207202,2
68095,-0.7387482,12.887148,4
68096,10.6831665,3.1708112,6
68097,2.0910773,7.004277,8
68098,16.21863,7.5450478,0
68099,-2.833576,-0.55359906,1
68100,-2.4040463,-1.7131553,1
68101,-0.7069585,11.144719,9
68102,2.1890316,-0.4404299,2
68103,10.587661,3.0794444,6
68104,10.9699745,2.6004715,6
68105,0.11458768,6.1009593,8
68106,-3.3801305,8.879329,7
68107,-0.56098056,12.953122,4
68108,2.9974413,-0.6697011,2
68109,-1.2099509,11.202802,9
68110,-3.7671556,10.066012,7
68111,15.833777,7.69294,0
68112,2.277773,-0.5384594,2
68113,-3.2414258,-1.4940484,1
68114,16.334158,8.062613,0
68115,5.473211,6.494264,3
68116,11.750521,4.5288205,6
68117,15.59518,8.136994,0
68118,-3.3505325,1.4704003,1
68119,3.6815686,0.17017765,2
68120,5.431667,4.0836415,3
68121,-1.7865974,14.628189,4
68122,2.8902128,5.029317,5
68123,11.601599,3.3541338,6
68124,-4.623082,9.657705,7
68125,0.15474956,6.904697,8
68126,0.12601796,10.812791,9
68127,15.223349,7.6156,0
68128,-3.1057959,0.73683417,1
68129,3.5913424,-0.3287987,2
68130,5.997667,4.447789,3
68131,-1.3993306,15.02596,4
68132,2.8030233,4.852728,5
68133,11.722159,4.4965773,6
68134,-4.1731586,10.3041115,7
68135,0.4011487,7.229346,8
68136,-0.19950946,10.733652,9
68137,15.910226,7.3242397,0
68138,-3.6144555,1.1198692,1
68139,3.629306,-0.20037267,2
68140,6.0466285,4.9060225,3
68141,-1.8843697,15.273758,4
68142,3.4791002,4.953083,5
68143,11.310296,2.6294274,6
68144,-3.621288,8.716107,7
68145,-0.28174347,5.7029243,8
68146,-1.5976266,10.961808,9
68147,-0.46162245,6.174216,8
68148,11.347854,4.656333,6
68149,3.3813896,6.0792484,5
68150,-0.6217554,11.061262,9
68151,-3.317197,8.801767,7
68152,15.714231,7.9562354,0
68153,3.3352814,-0.24119194,2
68154,5.8844595,4.8073573,3
68155,-1.523099,14.636681,4
68156,5.491249,4.321338,3
68157,-0.662513,6.097689,8
68158,2.8646467,4.710547,5
68159,-4.2139554,0.7237392,1
68160,3.2788439,4.795677,5
68161,3.708542,-0.5100628,2
68162,5.8927608,4.378574,3
68163,16.478586,8.105224,0
68164,-3.9587622,2.1536295,1
68165,3.6479805,0.4316646,2
68166,-3.216206,1.04947,1
68167,5.800508,4.8765593,3
68168,3.2041461,0.25904527,2
68169,11.863384,5.0326686,6
68170,2.6441982,4.554944,5
68171,6.049937,4.7241755,3
68172,16.319447,7.8210635,0
68173,-4.000288,8.756769,7
68174,3.4247448,-0.2791815,2
68175,-3.9081202,9.210102,7
68176,-1.6683607,14.795807,4
68177,11.7228775,4.488305,6
68178,-2.09296,15.370363,4
68179,15.970904,8.042101,0
68180,3.4166906,5.1660404,5
68181,-1.3631427,9.600992,9
68182,-0.8926166,9.746092,9
68183,-0.7288105,5.0076675,8
68184,-1.392595,9.475695,9
68185,4.897089,6.671433,5
68186,5.443883,4.462382,3
68187,-4.3443856,1.3334149,1
68188,-4.851432,9.541389,7
68189,-0.89482826,15.167489,4
68190,-4.312872,8.712325,7
68191,11.433288,3.4858317,6
68192,3.878924,5.7029552,5
68193,-1.585801,15.350376,4
68194,16.526411,7.140544,0
68195,15.56229,8.519622,0
68196,11.8786745,4.9944654,6
68197,11.719407,3.7860374,6
68198,3.8064938,0.18501054,2
68199,16.602375,7.4185853,0
68200,11.703604,3.9136505,6
68201,5.9599776,3.6954527,3
68202,-4.339362,9.359943,7
68203,-4.908851,9.61602,7
68204,-0.903945,15.307875,4
68205,-0.6053824,14.966443,4
68206,5.958478,3.9831212,3
68207,-0.90759337,10.375386,9
68208,4.181892,-0.7535009,2
68209,-0.017861163,5.548568,8
68210,0.34261686,11.484307,9
68211,11.654546,4.663571,6
68212,16.493452,8.08749,0
68213,1.3282622,11.580984,9
68214,3.8658404,6.2982855,5
68215,5.631167,4.8500304,3
68216,0.07073732,6.0195966,8
68217,0.43825814,6.5708632,8
68218,-3.3817015,9.16725,7
68219,-3.6339717,1.0124571,1
68220,-1.8404646,14.880416,4
68221,16.116875,7.6161675,0
68222,-1.4983006,14.930271,4
68223,-0.12906669,5.9441285,8
68224,3.4895008,5.728679,5
68225,3.6399214,-0.27849308,2
68226,5.8630676,4.8895526,3
68227,-1.0684477,9.694625,9
68228,16.817564,7.362679,0
68229,-4.0207205,2.1835473,1
68230,-0.9405655,9.877056,9
68231,-4.017944,2.5114958,1
68232,3.168382,4.7178645,5
68233,-4.1519732,1.9286072,1
68234,-4.2195253,9.200559,7
68235,-0.80426836,15.240012,4
68236,-0.8052054,5.6030574,8
68237,11.51091,4.108904,6
68238,4.1351123,-0.24562877,2
68239,-3.7283485,1.2219247,1
68240,11.188266,3.0782254,6
68241,-0.6602602,5.4784045,8
68242,-0.6939502,5.312807,8
68243,16.53847,8.186285,0
68244,-3.8525693,2.4074683,1
68245,3.9167356,-0.19396053,2
68246,5.5697174,6.5112014,3
68247,-1.1954235,15.274141,4
68248,-4.866931,9.525574,7
68249,-0.7548087,5.812218,8
68250,-0.8058001,9.965313,9
68251,15.893981,8.064521,0
68252,-4.320269,1.0646534,1
68253,3.9519253,0.019565575,2
68254,6.0866904,4.5153184,3
68255,-1.7473755,15.367345,4
68256,11.483612,2.8804028,6
68257,-3.7638376,9.067457,7
68258,-0.64655185,5.7475057,8
68259,-0.069024675,10.851319,9
68260,16.254738,8.630683,0
68261,-3.8616428,1.5314418,1
68262,3.6692247,0.28504887,2
68263,5.7666945,4.850344,3
68264,-1.295483,15.24158,4
68265,-4.4542766,10.1806345,7
68266,-0.039038688,6.5656114,8
68267,-0.4779884,10.308397,9
68268,-4.038283,2.6767688,1
68269,-1.4925797,14.951765,4
68270,2.5458863,4.733478,5
68271,5.8578334,4.530149,3
68272,5.202606,5.825074,3
68273,16.755138,7.929797,0
68274,-0.8492617,9.946636,9
68275,2.7476687,4.6487455,5
68276,-2.1028988,15.104341,4
68277,5.6808953,4.914685,3
68278,16.906015,7.7563415,0
68279,-0.8976634,6.503276,8
68280,-1.9641736,15.113871,4
68281,10.955055,2.487447,6
68282,-3.6595733,8.612467,7
68283,16.767605,7.8811936,0
68284,-5.387289,10.585448,7
68285,-3.9504561,8.734077,7
68286,-4.3136616,1.8659272,1
68287,11.30942,3.32377,6
68288,0.15975322,10.956459,9
68289,-4.148387,1.6920857,1
68290,5.637117,6.6577463,3
68291,11.179209,3.1659098,6
68292,3.5926304,-1.1394368,2
68293,5.7193475,4.8358107,3
68294,0.2858709,7.3827167,8
68295,3.9686408,-0.6911882,2
68296,5.7091537,4.9351444,3
68297,-0.004702804,7.0915585,8
68298,-1.1966639,10.2458315,9
68299,2.5988288,4.664871,5
68300,-0.05108207,6.7566376,8
68301,-0.21850261,6.6354804,8
68302,-4.9074736,9.283888,7
68303,-3.8669586,2.2376435,1
68304,-4.941733,9.705971,7
68305,-3.8695254,2.2593532,1
68306,-3.97048,1.8201417,1
68307,15.860089,7.982158,0
68308,5.7816644,5.6815333,3
68309,-1.8602322,14.935531,4
68310,3.369374,0.27092454,2
68311,11.739835,4.743962,6
68312,-1.8207171,15.2274885,4
68313,-4.126752,9.5821905,7
68314,-1.9709061,15.06944,4
68315,3.7993052,-0.2667518,2
68316,-3.7554116,8.546757,7
68317,-1.3949323,15.327082,4
68318,4.0717177,-1.3626494,2
68319,-0.7645787,10.562972,9
68320,3.6761458,-0.43286765,2
68321,-5.289484,10.602351,7
68322,-0.5494174,10.122056,9
68323,4.359323,-1.6013794,2
68324,-4.033758,2.6920028,1
68325,11.217461,2.734791,0
68326,11.012717,2.4761863,6
68327,2.970395,4.643213,5
68328,6.9837747,5.235474,3
68329,-1.9826196,15.092244,4
68330,0.3839952,6.572873,8
68331,2.7430198,4.96479,5
68332,-0.10737448,10.872866,9
68333,11.84631,5.071294,6
68334,-0.8115575,10.403724,9
68335,16.3786,7.463768,0
68336,11.718901,3.827731,6
68337,6.027054,6.089203,3
68338,16.245909,7.631576,0
68339,-0.54822063,5.302132,8
68340,-3.479655,0.7018026,1
68341,11.90813,5.032802,6
68342,16.751839,7.766584,0
68343,16.149374,7.019795,0
68344,-3.0772867,-0.0023953863,1
68345,3.5055158,-0.19983152,2
68346,6.001933,4.7904997,3
68347,-0.29001012,14.008444,4
68348,3.370526,5.6007285,5
68349,11.696569,5.0725136,6
68350,-4.6321154,9.826031,7
68351,16.498674,7.9861965,0
68352,-3.7585971,-0.27151138,1
68353,3.7940178,-0.002342861,2
68354,6.2688813,6.3832545,3
68355,-0.025294954,14.414561,4
68356,-5.147827,10.111336,7
68357,-0.28312504,5.4593234,8
68358,-1.4970856,10.329033,9
68359,16.643902,7.501664,0
68360,-3.7466383,1.3889554,1
68361,3.8152611,-0.08673155,2
68362,6.9477816,4.6487203,3
68363,0.12126444,14.815433,4
68364,-4.2591367,9.072677,7
68365,4.60133,-0.97294855,2
68366,4.27916,7.384503,5
68367,-2.9227169,0.5418062,1
68368,11.243542,3.2828577,6
68369,-0.8712998,13.956814,4
68370,6.9887,4.8778915,3
68371,0.050608918,10.955328,9
68372,-0.62056226,10.324344,9
68373,16.669064,7.7714577,0
68374,0.16773249,10.856586,9
68375,-4.612541,10.049344,7
68376,-2.3826005,-2.0453925,1
68377,11.282385,3.2134626,6
68378,-1.2333562,14.448427,4
68379,5.7830796,5.103273,3
68380,11.603525,4.3305492,6
68381,3.5589879,0.24967021,2
68382,16.573574,8.156905,0
68383,0.070472546,10.831413,9
68384,-0.2507671,5.7339,8
68385,11.553152,3.8686895,6
68386,3.7292829,6.3855667,5
68387,-4.7199144,8.81412,7
68388,16.731855,7.3164077,0
68389,16.728724,7.2819557,0
68390,-4.219655,0.62458134,1
68391,-5.2727947,9.951887,7
68392,-0.79742765,14.526377,4
68393,5.758639,4.6386437,3
68394,4.343508,-0.60703963,2
68395,-0.99655324,14.919698,4
68396,-3.3627484,-0.4111608,1
68397,6.784781,6.176957,3
68398,-4.3321004,9.491934,7
68399,11.141394,3.728953,6
68400,0.062945545,14.541179,4
68401,-4.933673,10.619795,7
68402,-5.1505394,10.21448,7
68403,-5.126652,10.16363,7
68404,0.15208463,11.1479845,9
68405,-0.6655587,5.7274623,8
68406,0.025182325,14.604702,4
68407,6.3750267,5.531495,3
68408,2.330471,4.368496,8
68409,3.5758092,-0.28671324,2
68410,1.1027225,6.0861874,8
68411,5.828856,4.690514,3
68412,2.9635108,4.653796,5
68413,-0.4546031,5.8073435,8
68414,16.537079,7.632752,0
68415,3.5241659,4.9368973,5
68416,-3.7015533,-1.0514443,4
68417,-5.436225,10.943274,7
68418,-3.1925464,-0.23814529,1
68419,5.8158493,6.2988296,3
68420,-2.4025574,-0.47397733,1
68421,-4.6392217,10.342391,7
68422,-1.1893656,10.473667,9
68423,11.509547,3.859724,6
68424,4.514416,-0.92530197,2
68425,16.59441,7.733295,0
68426,0.69861734,11.121457,9
68427,-3.3857515,-0.070343085,1
68428,-5.1428156,10.031749,7
68429,5.8337317,4.3486147,3
68430,5.933865,5.2152276,3
68431,0.009650821,10.809817,9
68432,-3.5256424,0.65711606,1
68433,11.61144,3.8331985,6
68434,0.37578642,15.034919,4
68435,6.500238,6.610903,3
68436,-0.06667497,10.826558,9
68437,-0.18711182,6.308086,8
68438,3.9995427,-0.46617228,2
68439,-3.082841,-1.2962222,1
68440,-0.7170719,6.0128818,8
68441,11.523842,4.846065,6
68442,-0.55717415,13.83405,4
68443,-2.5208182,-0.37892896,1
68444,2.633017,4.403319,5
68445,2.92059,4.869402,5
68446,11.507401,3.8674686,6
68447,3.719773,6.8438053,5
68448,14.512925,8.376755,0
68449,-1.4276831,-3.3270314,1
68450,3.027956,-1.3361483,2
68451,6.587474,5.0691442,3
68452,0.33786964,13.856629,4
68453,3.584022,5.4833717,5
68454,11.531518,5.769519,6
68455,-4.5694523,11.013784,7
68456,2.6049376,7.217576,8
68457,-0.1527839,11.025797,9
68458,15.497713,8.697228,0
68459,-1.6595352,-3.0815253,1
68460,3.3405173,-1.2648218,2
68461,6.3054457,4.2619505,3
68462,-0.5998583,13.680871,4
68463,3.3507674,5.0682073,5
68464,11.688461,5.9272904,6
68465,-3.8737793,11.317083,7
68466,2.0826821,6.9612775,8
68467,1.5308795,12.09443,9
68468,15.4306755,8.760044,0
68469,-1.2758486,-3.3208857,1
68470,3.105041,-0.36526588,2
68471,6.4733605,4.985875,3
68472,0.32556894,13.863778,4
68473,3.729385,5.593514,5
68474,11.518439,4.5920634,6
68475,-4.8356957,10.70767,7
68476,1.363445,6.1213183,8
68477,-0.30825502,10.816617,9
68478,10.761936,4.961058,6
68479,0.3218738,11.865923,9
68480,-4.8262653,10.89016,7
68481,14.900779,8.149117,0
68482,3.3818436,-1.439982,2
68483,6.702495,5.285556,3
68484,0.6222125,13.997863,4
68485,5.8144608,5.7211046,3
68486,1.498995,6.4248486,8
68487,3.5707204,5.4653835,5
68488,-2.1774492,-1.7529612,1
68489,6.653783,5.1958213,3
68490,16.219864,8.46531,0
68491,-1.3103045,-3.2678828,1
68492,3.1894777,0.42555737,2
68493,-1.326712,-3.0505228,1
68494,6.419265,5.0916986,3
68495,2.2726092,0.15253015,2
68496,15.28867,8.477857,0
68497,-3.5812595,10.646091,7
68498,2.6063063,-0.48496833,2
68499,11.181465,5.0850644,6
68500,1.1093508,14.166179,4
68501,15.169575,6.9894443,0
68502,3.9918566,6.4771266,5
68503,-0.35843724,11.803601,9
68504,-0.47008651,11.840776,9
68505,-0.017575968,6.286643,8
68506,-0.16741939,12.054151,9
68507,2.8524003,4.827264,5
68508,6.7858114,4.194402,3
68509,-1.4542677,-2.9692347,1
68510,-3.6756697,10.82995,7
68511,0.3825249,13.917826,4
68512,-3.7638397,10.016841,7
68513,16.026697,8.710836,0
68514,15.569566,8.588233,0
68515,10.838993,4.971698,6
68516,11.17938,5.255394,6
68517,11.175722,5.3213363,6
68518,6.9362164,5.0292172,3
68519,-3.7426052,11.051819,7
68520,-0.14088184,12.386625,4
68521,2.5448623,-1.0252186,2
68522,1.639385,7.0103736,8
68523,0.84494627,12.573825,9
68524,0.84566045,6.305465,8
68525,-3.5619915,10.784038,7
68526,-0.8691164,-3.6624362,1
68527,1.3402818,12.419635,4
68528,15.016621,8.307341,0
68529,1.4253193,14.427976,4
68530,0.60216624,5.963427,8
68531,4.459027,6.4402337,5
68532,2.4871,0.231793,2
68533,6.5846066,4.792054,3
68534,0.96173,11.8414955,9
68535,15.217361,8.5627365,0
68536,-0.6821895,-4.2946134,1
68537,1.0863137,12.335826,9
68538,-0.97607964,-3.817154,1
68539,4.4471917,6.2085752,5
68540,-0.9227491,-4.0425005,1
68541,-3.67319,11.308567,7
68542,10.376663,4.401895,6
68543,-0.7489288,-4.2040925,1
68544,4.808277,-1.1234043,2
68545,-0.6886501,-4.2606497,1
68546,10.5662365,4.491992,6
68547,0.23987003,5.982603,8
68548,14.731696,8.650671,0
68549,-1.7459484,-3.0073533,1
68550,3.1459892,-0.50986147,2
68551,6.998088,5.999047,3
68552,0.6318532,14.101246,4
68553,5.811665,7.457003,5
68554,11.541337,6.022199,6
68555,-4.853268,11.406204,7
68556,-0.10940089,6.5503516,8
68557,0.9402552,11.59486,9
68558,14.179377,7.8011274,0
68559,-2.5014281,-1.4825214,1
68560,4.424647,-1.4224142,2
68561,5.9535575,5.996629,3
68562,0.6806894,13.95586,4
68563,4.968042,7.6767826,5
68564,11.506992,5.489352,6
68565,-3.4490883,10.86011,7
68566,0.6513278,6.8250294,8
68567,14.956261,8.300881,0
68568,-1.6962537,-3.3713346,1
68569,3.694464,-1.2498494,2
68570,6.161753,6.1781416,3
68571,5.760338,7.4962277,5
68572,11.397087,5.885509,6
68573,-5.1441193,12.000038,7
68574,0.36615494,6.9780345,8
68575,-2.129424,-3.3073215,1
68576,14.271383,7.227595,0
68577,-0.44692165,13.4976425,4
68578,5.569323,6.991248,5
68579,11.644009,6.0031047,6
68580,10.849716,5.247507,6
68581,5.7493243,5.243065,3
68582,0.3767873,13.725774,4
68583,0.35326588,14.01987,4
68584,4.817638,-1.0850495,2
68585,0.4414049,6.669225,8
68586,-2.8067768,-1.7515371,1
68587,14.701841,7.6140428,0
68588,11.577988,6.0788364,6
68589,0.24895777,13.701406,4
68590,0.17383876,11.551278,9
68591,-3.4885213,10.885865,7
68592,4.365076,-1.3773663,2
68593,0.14498994,11.861087,9
68594,3.5407093,-1.4289781,2
68595,14.859578,8.149359,0
68596,0.8989368,11.733613,9
68597,5.5181475,5.0576153,3
68598,6.8255906,4.985117,3
68599,0.5002024,11.494277,9
68600,-2.198351,-1.214877,1
68601,5.163949,7.621715,5
68602,4.240835,-1.8264567,2
68603,7.0176964,5.746325,3
68604,-2.9630048,-2.2022793,1
68605,11.138886,5.086687,6
68606,-3.458468,10.849342,7
68607,5.81961,5.542331,3
68608,-4.286806,11.633775,7
68609,-0.12474563,6.513184,8
68610,0.16162299,14.2632,4
68611,14.549283,7.203759,0
68612,3.7007508,-0.9172122,2
68613,0.42304918,13.800834,4
68614,14.9676285,6.777877,0
68615,4.0900564,-1.881707,2
68616,0.0026366706,13.550647,4
68617,-4.4822326,10.64458,7
68618,0.4408708,6.4720097,8
68619,15.341205,8.213222,0
68620,-4.6669946,11.279637,7
68621,14.678458,7.4426727,0
68622,10.847452,5.265289,6
68623,0.3896057,11.936337,9
68624,7.0196767,5.6746397,3
68625,4.4965806,-1.0148214,2
68626,-0.023339061,13.626535,4
68627,0.0216596,6.761452,8
68628,10.9175625,5.442527,6
68629,14.749092,7.400702,0
68630,4.82038,7.4259553,5
68631,-4.794605,11.056658,7
68632,5.5224204,7.215984,5
68633,-2.2121427,-2.76753,1
68634,14.302969,7.018623,0
68635,1.1245514,7.1187773,8
68636,-1.7850285,-2.9754584,1
68637,11.675969,6.490109,6
68638,-4.968401,11.177292,7
68639,4.1364107,-1.8738556,2
68640,-0.21646024,11.73427,9
68641,-4.573911,10.449801,7
68642,0.19063799,11.092739,9
68643,5.044416,7.411821,5
68644,10.832629,5.106474,6
68645,5.4935393,7.0196176,5
68646,3.7967756,-1.819517,2
68647,10.803348,5.3912406,6
68648,4.04124,-1.8933396,2
68649,0.40191844,6.7266726,8
68650,-3.2866447,-1.3198892,1
68651,-4.776809,11.077141,7
68652,5.24396,6.97799,5
68653,5.764878,7.316122,5
68654,-4.43055,10.817219,7
68655,7.0273166,5.8183465,3
68656,5.5397215,7.2351995,5
68657,15.369654,8.433406,0
68658,-2.7268152,-1.7505708,1
68659,-2.3651137,-2.6628783,1
68660,5.8968973,5.492918,3
68661,0.29151645,7.0579205,8
68662,0.46167645,14.265282,4
68663,0.07832807,11.379396,9
68664,0.43233937,14.211439,4
68665,5.6270413,7.325922,5
68666,-2.9357965,-2.4515674,1
68667,0.92494035,6.674726,8
68668,11.581292,5.961854,6
68669,0.19135584,7.0078297,8
68670,0.08254959,10.925881,9
68671,15.578818,7.62936,0
68672,-2.7923288,0.16468951,1
68673,3.349998,-1.0490206,2
68674,6.7262697,5.1828785,3
68675,-0.41429392,14.147043,4
68676,3.7366576,6.271528,5
68677,11.636793,4.34039,6
68678,-4.721171,9.473262,7
68679,0.5943325,6.799649,8
68680,-0.6819223,11.3489065,9
68681,16.24181,7.0396085,0
68682,-3.2622848,-0.95755506,1
68683,3.2638829,-0.98323214,2
68684,6.158298,3.9364586,3
68685,-0.4922284,14.380324,4
68686,3.661791,6.1625795,5
68687,11.152357,3.7075884,6
68688,-4.270778,10.024193,7
68689,0.72713923,6.687984,8
68690,-1.0574415,11.383078,9
68691,16.249043,7.5461082,0
68692,-3.1973689,-0.37368613,1
68693,4.0340257,-1.1042813,2
68694,5.9413075,4.973853,3
68695,-0.63009804,14.122891,4
68696,2.8395195,5.4810786,5
68697,11.388033,4.5924897,6
68698,-4.819377,9.633367,7
68699,0.31990907,6.443651,8
68700,-1.1663831,10.869053,9
68701,6.6309032,4.5306244,3
68702,3.4679098,6.352291,5
68703,6.972672,4.9674444,3
68704,2.8918104,-1.2173994,2
68705,-0.5956993,10.909553,9
68706,6.5865126,4.9732304,3
68707,3.5711274,-0.38530636,2
68708,-3.0770843,-0.2003106,1
68709,-0.07834357,14.161094,4
68710,3.6651921,6.4368434,5
68711,4.098421,6.522055,5
68712,3.7763336,-0.98761505,2
68713,6.710743,5.604123,3
68714,3.4019413,-0.51161057,2
68715,-2.3474424,-1.2818971,1
68716,6.776889,4.3975363,3
68717,-0.44369128,11.049928,9
68718,-3.9976788,8.867435,7
68719,3.2774103,-0.27522862,2
68720,-3.3329144,-0.18336812,1
68721,3.5619526,-0.9492511,2
68722,0.918055,6.7988796,8
68723,-1.4254652,11.267748,9
68724,-2.5554245,-0.412415,1
68725,0.77725136,7.051314,8
68726,0.8193029,7.14659,8
68727,-4.3065805,10.275105,7
68728,0.68977255,7.217746,8
68729,-3.4684682,0.82416624,1
68730,15.363987,7.1228986,0
68731,15.69751,6.8211904,0
68732,11.429862,5.2026377,6
68733,-4.5274034,10.685178,7
68734,-4.5947733,11.11644,7
68735,-0.12952322,6.6421514,8
68736,-4.4293184,9.498877,7
68737,3.5129702,6.0384035,5
68738,15.5079155,6.3870745,0
68739,11.744306,4.900992,6
68740,-2.3624537,-1.1589983,1
68741,4.3119926,6.410787,5
68742,-4.3850813,9.997355,7
68743,-1.0486937,14.680936,4
68744,11.345542,3.932,6
68745,-2.7933962,0.21100739,1
68746,4.1413765,-1.1369721,2
68747,3.849626,6.761542,5
68748,15.81195,6.6706495,0
68749,-4.3008647,10.16282,7
68750,0.19994405,11.209827,9
68751,-0.24327488,11.149809,9
68752,15.492792,5.9659204,0
68753,6.5380716,4.0243073,3
68754,-0.07624378,14.752853,4
68755,0.027889905,14.05558,4
68756,0.9095914,7.484168,8
68757,-0.45950353,14.352559,4
68758,-3.0282834,0.256386,1
68759,0.8747149,6.9908032,8
68760,11.412649,4.260326,6
68761,3.2879725,5.970304,5
68762,-1.4990051,10.21114,9
68763,15.423044,6.8362703,0
68764,16.159801,6.976288,0
68765,16.149323,7.0348883,0
68766,6.9853973,4.512708,3
68767,-5.0239253,10.747669,7
68768,-3.006326,0.786531,1
68769,11.336003,4.3255477,6
68770,-0.1576632,14.620138,4
68771,11.721575,4.3058553,6
68772,15.730122,6.7929792,0
68773,-1.1542609,14.225525,4
68774,3.562866,5.491321,5
68775,-0.64741135,14.5584755,4
68776,-3.3338642,-0.01915911,1
68777,5.7717586,5.2701073,3
68778,1.3256196,7.4891624,8
68779,11.157719,4.704737,6
68780,5.906464,5.892534,3
68781,-0.39179388,10.93411,9
68782,-0.34406888,11.143107,9
68783,3.1737306,6.5062213,5
68784,-0.46532112,11.665849,9
68785,6.8078804,4.026778,3
68786,-5.0416923,11.003905,7
68787,0.63777035,6.9850717,8
68788,4.6314893,6.5173435,5
68789,11.655603,4.6379776,6
68790,-0.40712178,14.537837,4
68791,-4.648335,9.974397,7
68792,11.630666,4.4480114,6
68793,3.8597677,-1.6673074,2
68794,3.2046375,-1.0084702,2
68795,15.592054,6.5962253,0
68796,-0.3457792,11.420395,9
68797,-0.7330518,14.062882,4
68798,15.244924,7.8479843,0
68799,-3.2884095,-0.20147556,1
68800,4.0962067,-1.0629473,2
68801,6.6365643,4.4408464,3
68802,-0.868358,15.070844,4
68803,3.0774033,6.151922,5
68804,11.164495,4.0021214,6
68805,-3.866227,9.166827,7
68806,-0.24661595,5.9373207,8
68807,-0.21755557,11.238585,9
68808,15.98984,7.3100276,0
68809,-4.341078,1.4214643,1
68810,3.198631,-0.2614924,2
68811,6.7286234,4.694206,3
68812,-1.1132916,14.76591,4
68813,3.4168313,5.871321,5
68814,10.949094,3.5458992,6
68815,-4.288503,9.687094,7
68816,-0.3520881,5.0431523,8
68817,-0.8749262,10.810135,9
68818,16.294832,7.319044,0
68819,-4.28627,2.1739147,1
68820,4.6509905,-0.7910188,2
68821,7.0981774,5.3007083,3
68822,-1.3448048,15.211542,4
68823,2.6641703,4.832063,5
68824,11.47553,2.9555857,6
68825,-3.889066,8.942538,7
68826,-0.39998642,6.010017,8
68827,-1.2739688,10.439104,9
68828,11.100246,3.9025276,6
68829,-0.16845863,13.973787,4
68830,4.7447853,-0.86181635,2
68831,11.013305,4.2756453,6
68832,-0.47710943,14.19075,4
68833,-4.921433,9.779202,7
68834,3.3521597,5.5591087,5
68835,3.8645492,5.985528,5
68836,-0.7633054,13.89431,4
68837,-4.8619857,10.171446,7
68838,4.122332,-0.8439361,2
68839,-0.68786746,11.675495,9
68840,6.3331137,4.304522,3
68841,-0.5132293,10.691587,9
68842,6.831194,4.5380707,3
68843,-0.80782604,5.2624946,8
68844,4.7583084,-1.0000196,2
68845,15.389256,6.4382253,0
68846,-0.45354885,11.5588665,9
68847,3.7193081,5.0011096,5
68848,11.027346,4.5783114,6
68849,14.663864,6.216591,0
68850,-2.3249733,-0.85593444,1
68851,16.049248,6.637604,0
68852,11.563845,4.1027637,6
68853,2.9302413,5.354289,5
68854,7.005398,4.8814974,3
68855,3.379723,5.8995,5
68856,6.812438,4.642258,3
68857,-0.5946322,5.5453715,8
68858,15.583171,6.9573183,0
68859,15.495518,6.4728193,0
68860,6.742036,4.6988554,3
68861,-1.0141493,14.533751,4
68862,-3.03281,0.6274428,1
68863,3.8403838,6.491075,5
68864,6.9320188,5.218711,3
68865,15.424859,7.2073092,0
68866,-0.35102195,5.5749636,8
68867,7.06582,4.928176,3
68868,15.045302,7.4677067,0
68869,11.637548,4.400868,6
68870,4.5686445,-0.7879669,2
68871,-4.9746623,10.196012,7
68872,-0.61415786,5.306678,8
68873,-2.816848,0.26118204,1
68874,-4.689066,10.320405,7
68875,-3.058768,0.87139755,1
68876,6.626655,4.3864074,3
68877,-0.40934297,5.487395,8
68878,3.3371005,5.2494063,5
68879,-0.89731294,14.569654,4
68880,4.220402,-1.0276307,2
68881,15.5724535,6.445867,0
68882,-0.042659067,11.5123625,9
68883,-4.6477385,9.104711,7
68884,11.441657,5.090341,6
68885,-3.5632112,8.501109,7
68886,-1.4750532,14.920824,4
68887,-4.167582,2.1504083,1
68888,11.419295,3.7443848,6
68889,4.8186946,-0.7999587,2
68890,11.762531,4.06115,6
68891,-4.093827,8.933477,7
68892,-3.4720886,0.573441,1
68893,-0.46748328,10.501188,9
68894,-0.4098877,5.5254564,8
68895,15.907661,6.524505,0
68896,11.294722,3.6091163,6
68897,-1.0242163,10.084026,9
68898,-1.1656668,14.604643,4
68899,-0.6140076,10.853131,9
68900,-0.8845534,10.762028,9
68901,11.275103,3.1204267,6
68902,3.8094828,-0.9462708,2
68903,6.9563856,5.190703,3
68904,-5.3162518,10.0700655,7
68905,-3.8714318,0.6258559,1
68906,-1.322931,10.241199,9
68907,4.2589335,-1.4846147,2
68908,4.869807,-0.75924534,2
68909,3.4975877,5.6132197,5
68910,6.659924,4.7635226,3
68911,-3.7790825,9.03595,7
68912,-0.50166273,5.0995975,8
68913,15.509942,6.250802,0
68914,-3.6865847,0.684256,1
68915,4.2643194,-1.0351547,2
68916,5.7504654,4.741111,3
68917,-1.7212951,14.789421,4
68918,-4.761521,9.563575,7
68919,-0.33845738,6.305817,8
68920,-0.5799813,10.258106,9
68921,16.076912,6.678247,0
68922,-3.9754293,1.9698539,1
68923,4.5899787,-0.9804329,2
68924,5.8745875,4.2446103,3
68925,-1.2447524,15.113809,4
68926,-4.8048763,8.617722,7
68927,-0.5734306,5.96678,8
68928,-0.5449222,10.108123,9
68929,16.31192,7.4873347,0
68930,-4.079009,1.9237912,1
68931,-5.117775,9.110189,7
68932,-0.72121793,5.838756,8
68933,-0.6479518,10.0916815,9
68934,-0.21555282,6.267101,8
68935,-0.477633,10.641407,9
68936,4.1420336,-0.889511,2
68937,11.176058,3.85981,6
68938,-4.3054457,1.3069494,1
68939,5.891569,4.009407,3
68940,3.5277786,5.794864,5
68941,-1.0042977,15.338297,4
68942,-0.47340003,6.0666647,8
68943,4.326723,-0.99384165,2
68944,10.9635725,2.805723,6
68945,-1.8528574,14.983765,4
68946,6.713143,4.440177,3
68947,-1.2927306,15.302254,4
68948,2.5918393,4.6085773,5
68949,-0.7499265,10.114696,9
68950,4.3011694,-0.9583027,2
68951,15.732743,6.348316,0
68952,5.130463,4.7861586,3
68953,-1.014733,10.135388,9
68954,-1.4035895,15.286454,4
68955,-0.95279795,10.197123,9
68956,-3.8485389,8.336057,7
68957,6.559002,4.2074695,3
68958,-0.098529875,5.926876,8
68959,-4.900646,9.207727,7
68960,-1.0980132,15.301233,4
68961,-1.2923186,15.322187,4
68962,-1.6301736,9.712794,9
68963,-0.47157797,6.000857,8
68964,3.3120823,5.2373953,5
68965,-0.4592717,5.9214497,8
68966,4.3450823,-0.95947045,2
68967,10.614942,3.3137898,6
68968,11.338637,4.160907,6
68969,4.685515,-0.9115225,2
68970,5.7693763,4.143199,3
68971,-4.042816,1.9182136,1
68972,6.3696065,3.8702857,3
68973,4.5673327,-0.84184825,2
68974,-5.1389594,9.288572,7
68975,5.805392,3.9060202,3
68976,-3.974785,1.7605485,1
68977,-1.0502822,10.1799965,9
68978,16.421436,7.709251,0
68979,-4.1000524,2.4476886,1
68980,-4.099949,2.496051,1
68981,5.946924,3.3791301,3
68982,2.76755,4.560888,5
68983,16.56718,7.8456717,0
68984,-4.7005854,9.291328,7
68985,-0.39219007,5.9335933,8
68986,-4.3242855,1.9038976,1
68987,3.5769062,5.5048842,5
68988,-3.937944,1.7884864,1
68989,-1.3100393,15.324413,4
68990,11.378361,4.119159,6
68991,15.57047,8.115039,0
68992,16.152893,7.8859267,0
68993,-1.7556618,14.875923,4
68994,-0.8808378,10.22762,9
68995,-4.1419873,2.0756314,1
68996,11.743521,3.8153512,6
68997,11.391879,3.8460784,6
68998,-1.2722235,9.62988,9
68999,16.5606,7.749322,0
69000,-4.805049,8.761551,7
69001,11.857546,4.8974447,6
69002,-3.9944324,2.527309,1
69003,-3.9891257,2.5688949,1
69004,16.644302,6.9009933,0
69005,-4.0083275,2.5414062,1
69006,2.229224,-0.40956792,2
69007,5.5323553,3.9209807,3
69008,-1.258902,15.134391,4
69009,3.5355892,-0.23323996,7
69010,-0.4138322,5.8941717,2
69011,5.732565,3.6437774,3
69012,-1.9488965,15.261713,4
69013,2.290035,4.443509,5
69014,11.700033,3.416267,6
69015,3.5907202,0.075512104,7
69016,16.88212,7.3247566,0
69017,-4.045115,2.7984645,1
69018,3.5202558,-0.07316861,2
69019,3.584445,0.007645519,7
69020,-0.2845419,6.054083,8
69021,11.612827,3.9473312,6
69022,6.44568,3.9674962,3
69023,-0.29021144,10.582352,9
69024,3.686413,-0.21979141,7
69025,-4.1407275,1.3952982,1
69026,-0.6303461,10.028548,9
69027,5.5150948,3.7712588,3
69028,-1.0233808,10.205274,9
69029,11.635733,3.2444048,6
69030,-4.2685447,0.7632243,1
69031,-3.6761668,9.600173,7
69032,2.1101758,-0.36413428,2
69033,-1.1999745,14.838539,4
69034,-1.1211764,13.920001,4
69035,2.4671288,4.9458666,5
69036,-3.4597945,9.007702,7
69037,16.688871,7.8585706,0
69038,16.649265,8.099509,0
69039,-4.0213766,1.9481012,1
69040,11.261336,2.9184027,6
69041,11.384177,2.6899858,6
69042,-0.56227493,5.9629636,8
69043,1.8428088,-0.12254422,2
69044,-3.5800908,10.377775,7
69045,-3.9451127,10.746617,7
69046,-0.36226162,5.9062004,2
69047,-0.9959254,14.91946,4
69048,2.8598368,-0.14817986,2
69049,-4.1316957,2.2228706,1
69050,11.230325,2.9658172,6
69051,-2.9600048,0.33762422,1
69052,15.9961,8.039352,0
69053,11.432425,3.438636,6
69054,-1.8670185,10.520587,9
69055,-0.19506931,5.687061,8
69056,6.4717236,4.353546,3
69057,-0.93850726,10.134311,9
69058,11.329414,3.2127035,6
69059,5.9334264,5.0788264,3
69060,15.32493,8.445361,0
69061,-1.3044285,-3.144654,1
69062,2.167263,-0.56111753,2
69063,5.327841,5.798195,3
69064,0.15376715,13.898367,4
69065,4.2356725,7.318186,5
69066,11.152936,5.5480933,6
69067,-4.964537,11.649142,7
69068,0.92171365,7.632641,8
69069,0.4366053,12.155058,9
69070,16.187899,8.419479,0
69071,-1.1036023,-3.2898223,1
69072,2.0639951,-0.46474844,2
69073,6.2548866,6.413494,3
69074,0.13617833,13.811469,4
69075,4.915385,7.5607834,5
69076,11.552302,4.460894,6
69077,-5.0183063,11.532788,7
69078,0.92659515,7.1798797,8
69079,2.062499,12.652663,9
69080,16.111568,7.793165,0
69081,-2.1111047,-2.5989323,1
69082,1.9256889,-0.399252,2
69083,6.659469,5.5629044,3
69084,0.05385338,13.846004,4
69085,5.3054523,7.7990003,5
69086,11.606463,5.394251,6
69087,-4.999428,11.511682,7
69088,1.5688505,7.6400175,8
69089,0.24776065,12.347926,9
69090,-1.8678068,-3.131435,1
69091,11.206683,5.0567713,6
69092,1.3879449,7.5576897,8
69093,1.0475346,12.308495,9
69094,1.279901,12.477221,9
69095,15.407385,8.611202,0
69096,-1.3478283,-2.8516645,1
69097,2.5319169,-0.20491804,2
69098,0.36600962,13.877852,4
69099,0.23068535,13.84658,4
69100,5.5036616,5.7884393,3
69101,-4.71952,10.599973,7
69102,-0.45912996,13.801843,4
69103,-0.57476664,13.441429,4
69104,0.060283314,13.7785,4
69105,16.184969,8.30587,0
69106,6.6814985,5.5975103,3
69107,1.4114298,7.6252093,8
69108,-5.216081,12.173324,7
69109,4.0843787,7.3606925,5
69110,1.7519103,7.7973404,8
69111,2.3185465,-0.2974689,2
69112,-1.0194707,-3.344789,1
69113,-5.1112723,11.81604,7
69114,3.4437368,6.9138594,5
69115,6.0898523,5.820413,3
69116,0.45931822,7.2916036,8
69117,3.5207858,5.503257,5
69118,1.9228711,-0.10227061,2
69119,4.126617,7.521489,5
69120,-1.9516563,-1.5582293,1
69121,-2.2058523,-0.9883509,1
69122,11.237192,3.9848418,6
69123,1.8775096,-0.65000206,2
69124,-1.8329779,-1.970704,1
69125,6.767078,5.5548882,3
69126,1.5464187,7.5257964,8
69127,10.393777,4.09213,6
69128,-0.4812602,13.662493,4
69129,1.9767439,-0.5397625,2
69130,11.782713,5.289331,6
69131,1.973437,-0.59112674,2
69132,4.0887957,7.275473,5
69133,3.4477725,6.964998,5
69134,16.216406,8.204748,0
69135,2.2369761,-0.013707922,2
69136,1.0285372,7.7401013,8
69137,15.126094,7.945171,0
69138,11.302501,4.870784,6
69139,1.5953938,7.554597,8
69140,-2.528445,-2.1174388,1
69141,-5.2127953,11.46325,7
69142,-0.18347314,11.579385,9
69143,-2.9350994,-1.9591767,1
69144,0.09317853,11.704827,9
69145,2.1847618,0.028884076,2
69146,11.106368,4.438551,6
69147,-5.0111995,11.051457,7
69148,10.635307,3.4868855,6
69149,10.535724,3.142048,6
69150,1.6877917,7.370549,8
69151,-5.0902686,11.517155,7
69152,-0.72404945,14.130865,4
69153,-1.1169021,11.418043,9
69154,1.9551712,-0.73892003,2
69155,-2.2064483,-2.0961075,1
69156,7.0679564,4.7854924,3
69157,5.5749283,5.4772477,3
69158,16.613386,8.184489,0
69159,4.754254,7.4585133,5
69160,3.4092145,6.861124,5
69161,1.8870453,7.2102556,8
69162,14.655706,6.958713,0
69163,5.6055827,5.6899567,3
69164,-5.0556707,11.433737,7
69165,-0.80225575,11.325496,9
69166,-5.130898,12.001791,7
69167,15.473786,8.2205305,0
69168,1.6393672,-0.6032073,2
69169,-4.9853992,11.504176,7
69170,-0.12234644,11.817355,9
69171,-1.8981708,-2.8338006,1
69172,-5.09365,11.744069,7
69173,0.78584456,7.3406177,8
69174,15.85414,8.491319,0
69175,6.4023976,5.1633534,3
69176,4.1087713,7.5369024,5
69177,6.58992,5.4478784,3
69178,11.572173,5.0545306,6
69179,15.975692,6.995766,0
69180,-3.760403,2.0335503,1
69181,3.0517707,-0.5556703,2
69182,5.477841,4.216864,3
69183,-2.157389,14.645449,4
69184,3.1117663,5.204214,5
69185,11.063066,2.783438,6
69186,-4.3290687,8.532362,7
69187,-0.5930684,5.630151,8
69188,-1.4498216,9.830995,9
69189,15.986828,7.5195217,0
69190,-4.226762,1.8437226,1
69191,2.85288,-0.5100246,2
69192,6.242604,4.230674,3
69193,-2.1442523,15.231759,4
69194,2.8920634,4.5590706,5
69195,11.218875,2.9697595,6
69196,-4.4127655,8.373834,7
69197,-0.77563065,5.3997536,8
69198,-1.6467229,9.402496,9
69199,16.685562,7.2042627,0
69200,-3.8042796,2.4292574,1
69201,3.2049727,-0.6698856,2
69202,5.708142,3.8726845,3
69203,-2.1111455,15.253127,4
69204,-4.8017325,8.625194,7
69205,-0.8554886,5.123602,8
69206,-1.236171,9.568158,9
69207,11.037132,3.1560519,6
69208,-1.9406725,14.348634,4
69209,2.8567166,-0.49146396,2
69210,11.3269615,3.2009752,6
69211,-2.1763928,14.400864,4
69212,-4.823125,8.759399,7
69213,-0.46829244,5.7470927,8
69214,-1.3977087,9.56586,9
69215,3.6479616,-0.21323533,2
69216,-1.9763054,9.31452,9
69217,5.9213276,3.6502857,3
69218,-1.4102149,9.73943,9
69219,5.8768077,3.6453295,3
69220,15.86353,8.070488,0
69221,16.378748,6.858308,0
69222,-4.164193,2.4195833,1
69223,16.41595,7.5300636,0
69224,-1.6671805,15.232333,4
69225,4.1811037,-0.5470572,2
69226,11.4997225,2.9609687,6
69227,5.8972774,3.472928,3
69228,3.0010047,4.790248,5
69229,5.8177915,3.6067905,3
69230,15.502834,8.621075,0
69231,6.201991,4.2259912,3
69232,-1.934818,15.239253,4
69233,-3.9343476,2.4427435,1
69234,2.720634,4.5473466,5
69235,5.9431567,3.6547914,3
69236,16.106009,7.3432164,0
69237,-0.69063896,6.055995,8
69238,5.9429235,3.5658236,3
69239,16.03714,7.95639,0
69240,11.503886,3.355695,6
69241,-4.0722775,2.5004792,1
69242,-4.9881334,9.22146,7
69243,-0.82174355,5.334831,8
69244,16.619417,7.2506495,0
69245,-1.1207676,9.631174,9
69246,2.8689256,-0.6021134,2
69247,11.753001,3.8038058,6
69248,-4.6973844,8.882446,7
69249,-4.1707673,1.983273,1
69250,-1.1071166,9.713501,9
69251,11.31458,2.749072,6
69252,-1.4735497,9.429575,9
69253,-2.2710948,15.192814,4
69254,-1.6863327,9.476549,9
69255,-1.552473,9.444823,9
69256,11.483723,2.9285116,6
69257,-4.25023,8.437485,7
69258,-3.933659,2.3548498,1
69259,2.5706003,-0.18097867,2
69260,2.8802705,5.1052012,5
69261,6.401165,4.3302226,3
69262,-4.4403443,8.379926,7
69263,-0.6319979,6.2110605,8
69264,15.521855,7.866618,0
69265,-1.6538688,-4.192285,1
69266,3.5387511,-1.7441263,2
69267,1.4676055,14.522016,4
69268,3.3459086,6.920903,5
69269,10.563582,4.842647,6
69270,-4.163617,11.089124,7
69271,1.2349817,7.019912,8
69272,0.13984221,12.222205,9
69273,15.685803,8.167514,0
69274,-0.84536606,-3.3687186,1
69275,6.6351023,5.79878,3
69276,1.2067704,14.580567,4
69277,3.2917888,6.9411783,5
69278,10.85268,5.3244357,6
69279,-4.929176,11.554125,7
69280,4.101373,7.50488,8
69281,16.009823,8.381356,0
69282,-2.9355335,-2.6054132,1
69283,5.157048,5.2063823,3
69284,0.74820316,14.019298,4
69285,-4.824041,10.656523,7
69286,0.44661558,6.3321433,8
69287,-1.1467873,11.293711,9
69288,-4.1162167,10.550827,7
69289,3.3034246,6.600827,5
69290,2.7625756,5.9047165,5
69291,-2.6767704,-2.828383,1
69292,-0.38560498,11.888796,9
69293,-1.3162649,11.532744,9
69294,-4.9163737,11.191406,7
69295,-3.2954192,-1.5358135,1
69296,16.469297,8.246938,0
69297,15.938855,8.237521,0
69298,3.99779,6.6476564,5
69299,-1.1216285,11.314533,9
69300,-5.2284975,12.089331,7
69301,-2.7057817,-3.2353477,1
69302,-5.181421,12.170599,7
69303,3.2377098,-1.5829933,2
69304,3.0094655,-1.5624667,2
69305,6.740881,5.638954,3
69306,11.4593525,6.1562333,6
69307,1.5115582,6.772183,8
69308,6.415705,5.0381837,3
69309,3.4479394,-1.5822837,2
69310,15.797129,8.360965,0
69311,15.5792055,8.077781,0
69312,10.8106,4.7560954,6
69313,-1.5257977,-2.27907,1
69314,-4.038056,11.103211,7
69315,3.2264462,6.728312,5
69316,1.7337623,7.0449705,8
69317,10.814474,5.7455387,6
69318,3.2493904,-1.41888,2
69319,-0.04250133,12.300178,9
69320,0.33381498,13.69777,4
69321,1.6731738,6.93962,8
69322,1.2391391,6.6130385,8
69323,-5.080684,12.007865,7
69324,-3.0291717,-2.1408246,1
69325,15.677832,8.440152,0
69326,1.1066213,6.3397117,8
69327,-4.7919736,11.293814,7
69328,-4.6789083,11.568129,7
69329,3.6725428,6.5685883,5
69330,1.2167746,6.5377197,8
69331,4.2451963,6.6504164,5
69332,6.5277863,4.5741515,3
69333,-0.146581,13.932613,4
69334,10.66347,4.14556,6
69335,-1.5944707,-4.2098203,1
69336,-2.0021672,-3.9104402,1
69337,4.132779,6.9969277,5
69338,3.718044,6.4856315,5
69339,15.479382,8.327913,0
69340,-4.0341315,11.092512,7
69341,3.2398179,-1.6537937,2
69342,7.0508194,4.970129,3
69343,10.4643955,4.6745033,6
69344,0.6774356,14.410372,4
69345,-2.8678403,-2.3138256,1
69346,3.7184389,-1.9597428,2
69347,0.52266926,14.493049,4
69348,-1.8272036,-1.5742058,1
69349,2.947538,6.2286,5
69350,0.57586944,13.500948,4
69351,3.0341191,-1.4213337,2
69352,15.517029,8.473911,0
69353,0.8387418,14.139469,4
69354,1.4921856,6.794789,8
69355,10.450788,4.9782085,6
69356,-1.4350324,-2.0677502,1
69357,-1.1354531,11.7095,9
69358,15.660925,8.124187,0
69359,4.3790812,-1.5445545,2
69360,3.744346,6.5944643,5
69361,11.384487,4.7280993,6
69362,-0.88251513,11.239426,9
69363,6.529524,4.6731496,3
69364,11.161395,4.50417,6
69365,6.6732063,4.696357,3
69366,11.140977,4.700534,6
69367,15.277116,8.163951,0
69368,-1.718998,-3.6152089,1
69369,3.7018871,-0.24045493,2
69370,6.1451087,6.235024,3
69371,1.5595583,14.370826,4
69372,4.136741,6.2912245,5
69373,11.466348,5.57002,6
69374,-5.1548414,11.36608,7
69375,1.3066689,6.179068,8
69376,1.087208,11.733777,9
69377,15.994761,8.820964,0
69378,-1.6548814,-3.3995461,1
69379,4.3809776,-1.4756776,2
69380,6.326774,6.56388,3
69381,1.168573,14.422695,4
69382,3.8397129,7.378993,5
69383,11.31608,5.3352566,6
69384,-5.038873,11.2614975,7
69385,0.8575348,6.014759,8
69386,-1.0350848,11.501635,9
69387,15.728959,8.717574,0
69388,-1.1446446,-3.271615,1
69389,3.8799057,-1.2900829,2
69390,6.0136585,6.068179,3
69391,3.7902923,6.598502,5
69392,11.523938,5.6580095,6
69393,-4.946639,10.894061,7
69394,1.2589346,6.720375,8
69395,-1.9028488,-3.771249,1
69396,16.128317,8.650059,0
69397,0.4456864,12.233954,9
69398,4.806244,7.000458,5
69399,-5.000543,12.012179,7
69400,4.209115,6.864241,5
69401,-1.4572357,-3.8974254,1
69402,0.58885527,6.53823,8
69403,11.251185,5.237258,6
69404,1.585433,12.153002,9
69405,14.573917,8.284229,0
69406,0.69510067,13.992558,4
69407,-1.6148934,-3.1568165,1
69408,1.4279844,11.814721,9
69409,6.1582756,4.039805,3
69410,0.88916504,5.958195,8
69411,0.48579213,14.896793,4
69412,0.4115779,14.498287,4
69413,-3.4799285,10.402954,7
69414,14.833063,7.5103908,0
69415,-1.9237722,-3.6981142,1
69416,1.436144,12.64561,9
69417,4.6918917,-1.4366151,2
69418,1.2677777,7.3510695,8
69419,-5.1152105,11.777645,7
69420,0.4774256,6.765972,8
69421,4.5864563,-1.3780302,2
69422,4.582804,6.170956,5
69423,0.2023651,12.01245,9
69424,11.141716,5.124297,6
69425,15.174291,8.870413,0
69426,11.140579,4.5975785,6
69427,4.347184,5.900776,5
69428,3.9463515,6.3853254,5
69429,5.347019,4.891961,3
69430,7.014301,4.537764,3
69431,5.2006474,4.8733125,3
69432,1.0982953,11.768363,9
69433,0.20993276,7.575068,8
69434,-2.2417228,-3.0679705,1
69435,-2.4159951,-2.7582383,1
69436,14.505051,6.8009434,0
69437,11.266901,4.987165,6
69438,-1.5832303,-3.3727133,1
69439,15.046818,8.136376,0
69440,15.661659,8.751876,0
69441,11.104907,5.613222,6
69442,3.6229959,-0.2421768,2
69443,-1.3220729,-3.8431597,1
69444,-1.4192169,-4.200965,1
69445,5.9165087,5.1232834,3
69446,3.5288703,0.6786488,2
69447,-4.3370924,11.043518,7
69448,-4.0100603,11.252301,7
69449,0.05890162,7.013288,8
69450,1.0895351,6.088481,8
69451,-4.8455615,11.628612,7
69452,1.3458025,6.708052,8
69453,1.1535237,14.610777,4
69454,10.845381,5.2877784,6
69455,14.89272,8.457816,0
69456,3.3126562,0.46716475,2
69457,15.12908,7.707513,0
69458,-4.950246,10.693299,7
69459,14.884192,8.339075,0
69460,5.3447294,4.915866,3
69461,11.188818,5.6747346,6
69462,0.2380023,6.929802,8
69463,-4.1275206,11.297981,7
69464,-3.119106,-1.8784956,1
69465,3.8765016,5.46455,5
69466,-0.89387137,11.254111,9
69467,-0.080812015,11.57095,9
69468,6.109744,3.9292789,3
69469,-4.0801616,10.153379,7
69470,4.4432597,-1.2246485,2
69471,1.2259278,14.753684,4
69472,1.3269418,12.117866,9
69473,-0.004128503,14.166338,4
69474,6.6013513,4.7799726,3
69475,11.72191,6.1138988,6
69476,4.6391964,-0.8313978,2
69477,3.7304497,-0.1684589,2
69478,3.2073414,5.156853,5
69479,5.909081,3.6104267,3
69480,3.8782315,-1.2202767,2
69481,2.8605702,5.798387,5
69482,3.0963616,5.6164227,5
69483,-1.4207666,11.151561,9
69484,0.08336304,14.863988,4
69485,-4.065953,1.0308993,1
69486,-4.940064,10.746088,7
69487,4.5469217,-1.4488792,2
69488,16.10759,8.715795,0
69489,-2.4961154,-2.10246,1
69490,2.0770984,-0.50602144,2
69491,5.766058,6.112644,3
69492,1.6182493,14.346401,4
69493,3.8257787,7.3127394,5
69494,11.543583,6.5829105,6
69495,-4.020599,11.617469,7
69496,0.3641871,6.9239693,8
69497,-1.1594894,11.450693,9
69498,15.603367,8.3792305,0
69499,-2.1768506,-2.968661,1
69500,3.5337484,-0.75649035,2
69501,5.3231792,5.148873,3
69502,0.64140886,14.648846,4
69503,2.988888,6.169347,5
69504,11.610103,6.199915,6
69505,-3.7554433,9.687635,7
69506,-0.6203928,6.3596706,8
69507,-1.4620651,11.116005,9
69508,16.538752,6.869049,0
69509,-3.5452158,0.6945208,1
69510,3.537076,-0.46421796,2
69511,6.098519,5.317737,3
69512,-0.3406115,14.961941,4
69513,2.5436084,4.748987,5
69514,10.860011,5.309151,6
69515,-4.257073,10.551216,7
69516,-0.24865307,6.1299067,8
69517,-1.5756786,9.982825,9
69518,-3.2328231,-0.5819414,1
69519,15.383117,7.197834,0
69520,-3.6116507,-1.0013998,1
69521,3.6313858,-1.0070901,2
69522,-5.121174,11.093691,7
69523,3.2599149,6.324656,5
69524,6.4637055,4.727423,3
69525,-0.77245146,14.879025,4
69526,-0.34014016,15.205067,4
69527,15.279024,8.450067,0
69528,16.044947,8.120258,0
69529,10.95833,5.507761,6
69530,-2.086151,9.972588,9
69531,10.992926,4.645155,6
69532,11.758259,5.196545,6
69533,2.5398276,5.4060163,5
69534,-4.3442564,9.796428,7
69535,4.872738,-0.8598337,2
69536,5.3652263,4.3637137,3
69537,-1.6228358,15.089992,4
69538,-1.8974427,14.255658,4
69539,-2.1633954,9.774281,9
69540,-3.7302966,0.3155845,1
69541,-1.5909317,14.495679,4
69542,15.409467,6.0494003,0
69543,-4.667542,9.7781515,7
69544,-1.6845503,9.810529,9
69545,3.5611885,5.9144545,5
69546,-5.066485,10.21961,7
69547,3.741675,-1.1168995,2
69548,6.2397346,4.730439,3
69549,-3.3476698,-1.5579532,1
69550,-0.9749108,14.633156,4
69551,-0.4694798,14.431688,4
69552,14.416189,6.029542,0
69553,-1.6495831,10.492644,9
69554,-2.5298002,9.429453,9
69555,11.063358,5.022728,6
69556,-3.527651,0.7012264,1
69557,-0.47102213,5.3051276,8
69558,5.4709606,4.6342177,3
69559,5.622873,3.8714674,3
69560,-3.3919833,8.372782,7
69561,5.5522375,4.193674,3
69562,-1.9941088,10.01342,9
69563,-0.6317122,5.2306304,8
69564,-0.43409738,5.099979,8
69565,0.33928615,15.068498,4
69566,-4.3254113,8.582045,7
69567,-4.801207,9.675311,7
69568,11.416759,5.2021728,6
69569,2.743757,-0.9888023,2
69570,-2.5147529,-0.5089472,1
69571,-0.5249877,10.689419,9
69572,-0.2599792,6.193954,8
69573,-4.6141176,9.747231,7
69574,-0.17255235,5.5959306,8
69575,0.26306915,5.528356,8
69576,-3.9319532,10.347067,7
69577,2.5016077,-0.76038367,2
69578,4.552149,-0.86521727,2
69579,5.8724446,4.813654,3
69580,-1.6218174,10.844588,9
69581,5.7821774,4.71701,3
69582,6.409056,4.2591906,3
69583,3.6435637,5.9810786,5
69584,2.8922622,5.4724364,5
69585,15.423825,6.862713,0
69586,-4.357597,10.050266,7
69587,-0.7540888,11.159847,9
69588,3.1782746,6.621377,5
69589,11.417532,5.1257877,6
69590,3.401552,6.082339,5
69591,-3.6756077,1.2341396,1
69592,-0.9248816,15.16134,4
69593,-3.3953567,0.5676196,1
69594,-3.00292,0.17819749,1
69595,3.3432322,0.6171028,2
69596,-0.085993044,6.2041354,8
69597,4.4203124,-0.98327917,2
69598,11.31509,5.3270235,6
69599,-2.6261284,-0.28441527,1
69600,2.544437,4.696888,5
69601,16.258703,7.3916955,0
69602,-2.9188843,0.41225308,1
69603,3.153305,-0.35421744,2
69604,7.012672,5.392773,3
69605,-1.5352186,15.273737,4
69606,3.0478606,4.5296793,5
69607,10.723263,2.2308602,6
69608,-4.584175,8.607257,7
69609,-0.5759483,6.223699,8
69610,-1.8211259,9.830045,9
69611,16.156065,7.7868457,0
69612,-3.8438373,2.2035954,1
69613,-3.8542006,2.3416638,2
69614,6.502355,3.8560836,3
69615,0.32747957,14.992444,4
69616,3.0902119,5.2111063,5
69617,11.364458,2.7028825,6
69618,-4.4948125,8.722563,7
69619,-0.5013442,6.13467,8
69620,-1.4735186,10.461084,9
69621,15.296895,7.2658234,0
69622,-3.421877,0.51859623,1
69623,3.7013865,-0.8924595,2
69624,5.4316883,4.0985928,3
69625,-0.2728324,14.633009,4
69626,2.8833098,4.8199196,5
69627,11.108729,2.466382,6
69628,-4.8374133,8.982845,7
69629,-0.8256934,5.0958157,8
69630,0.0018251783,6.133335,8
69631,15.352829,6.057389,0
69632,10.945871,2.4778564,6
69633,16.119024,6.486798,0
69634,-4.0263443,2.040066,0
69635,2.9811146,-0.29438266,2
69636,4.266732,5.2262487,3
69637,-4.874709,10.027931,7
69638,-0.730981,10.332984,9
69639,-0.9973454,14.808489,4
69640,-3.483059,8.592977,7
69641,-3.6789322,0.36749485,1
69642,-5.07353,9.968701,9
69643,-4.1982045,0.76170677,1
69644,-4.120215,9.289736,7
69645,-3.774526,1.5974977,1
69646,-1.9753833,14.343866,4
69647,16.000147,7.0116234,0
69648,15.995153,6.966794,0
69649,-4.0442758,2.7300954,1
69650,-4.846955,8.681494,7
69651,2.7863266,4.7243996,5
69652,-4.674482,8.566074,7
69653,-4.1289406,1.6566476,1
69654,5.879211,3.5940676,3
69655,3.0443418,4.7669177,3
69656,5.9800816,3.3127341,3
69657,-3.3351214,1.128027,1
69658,11.118517,2.5166366,6
69659,-1.7377161,9.779807,9
69660,-4.7022104,8.557807,7
69661,-3.8687897,0.83885074,1
69662,5.841935,3.7136052,3
69663,16.45318,7.190683,0
69664,-3.7900507,8.068466,2
69665,11.118241,2.5166714,6
69666,15.985939,6.0034323,0
69667,-0.18571076,6.2432594,8
69668,-0.4583269,10.763138,9
69669,-4.3373585,9.246859,4
69670,5.5417886,3.8699167,3
69671,2.9922202,5.3198266,5
69672,-1.944103,14.344771,4
69673,-0.47441545,6.2603216,8
69674,-3.4144955,1.1102515,1
69675,3.0624318,4.572683,5
69676,-1.0423594,9.936899,9
69677,16.4028,6.444769,0
69678,11.245332,2.614771,6
69679,10.928566,2.5478244,6
69680,5.0963545,4.3710494,3
69681,0.37942076,6.0263834,8
69682,-2.8498282,-0.54476255,1
69683,-1.025289,14.578012,4
69684,-5.238997,9.938709,7
69685,3.2434623,4.8434286,5
69686,3.9346554,-0.47632164,2
69687,15.388378,6.1293025,0
69688,16.266386,6.601896,0
69689,-4.2465806,1.605947,1
69690,-4.895483,9.369618,7
69691,-0.0366316,5.505889,8
69692,-1.5016245,11.344447,9
69693,10.727776,2.1993654,6
69694,-0.42197484,5.648546,8
69695,0.12814318,6.086251,8
69696,2.5841258,-0.2933719,2
69697,6.468403,4.001486,3
69698,10.885183,2.9015234,6
69699,-3.4657557,1.0051788,1
69700,3.5471356,0.69296926,2
69701,0.19340494,11.284835,9
69702,2.7185435,5.233321,5
69703,2.6271055,-0.21090181,2
69704,15.675542,6.8390093,0
69705,-3.4955833,0.22958966,1
69706,3.4684148,-1.155374,2
69707,6.6676536,4.547771,3
69708,-2.1092877,14.5236225,4
69709,3.154404,4.6488853,5
69710,11.591856,4.434612,6
69711,-4.09737,8.5601015,7
69712,-0.23084955,5.0293846,8
69713,-1.7782631,9.647838,9
69714,15.709546,6.782306,0
69715,-3.8660975,0.72969776,1
69716,4.0747643,-1.1219385,2
69717,6.602782,4.4004564,3
69718,-2.0110223,14.503873,4
69719,15.107978,7.082314,5
69720,11.551446,3.3588653,6
69721,-4.004086,8.479789,7
69722,-0.6755964,5.0911355,8
69723,-1.5288484,9.549435,9
69724,16.541775,7.3048797,0
69725,-4.1748786,1.9932969,1
69726,4.2376256,-1.1357732,2
69727,6.6968684,4.1914988,3
69728,-2.0338478,14.711166,4
69729,10.847721,2.412847,5
69730,11.425393,3.1683226,6
69731,-4.249673,8.408691,7
69732,-0.48473504,5.1147156,8
69733,-1.9394957,9.363547,9
69734,-4.5472016,9.317151,7
69735,-2.188092,13.929077,4
69736,11.518961,3.260414,6
69737,-3.8393946,0.7098241,1
69738,-1.9686638,14.325203,4
69739,16.374666,6.425626,0
69740,-1.504856,9.4621105,9
69741,-4.235019,8.470204,9
69742,6.5196004,3.8891308,3
69743,-4.1344523,8.444923,7
69744,-0.2383877,5.035449,8
69745,-1.9263347,14.384152,4
69746,-4.5847144,8.652979,7
69747,3.6970332,4.9007154,5
69748,-0.54425764,5.1184583,8
69749,4.3915997,5.6862645,5
69750,6.559189,4.007696,3
69751,4.4833603,-1.5421038,2
69752,4.605367,-1.2844177,2
69753,16.72304,7.108222,0
69754,3.1903937,4.5613804,5
69755,-0.8364819,5.080064,8
69756,11.438201,3.64235,6
69757,16.113632,6.590109,0
69758,6.758397,4.509861,3
69759,-0.34952757,5.351375,8
69760,-3.4063275,0.5341985,1
69761,16.44073,6.824179,0
69762,6.431968,4.2112875,3
69763,16.391062,6.7115803,0
69764,-1.9902562,14.297968,4
69765,-4.6737165,9.009061,7
69766,-1.93743,14.770988,4
69767,-1.6901032,9.793703,9
69768,15.974387,6.959289,2
69769,-1.7683271,9.397868,9
69770,15.768624,6.005701,5
69771,-4.701845,8.927919,7
69772,-3.706886,1.9072648,1
69773,-4.7138023,8.8745165,7
69774,-4.0934825,2.0014124,1
69775,11.625084,3.485243,6
69776,11.408693,3.1267161,6
69777,3.3505676,4.6575823,5
69778,11.448827,4.769674,6
69779,15.933542,7.036072,2
69780,-0.6857013,4.9971056,8
69781,-4.161727,8.328344,7
69782,11.092348,2.661726,6
69783,-1.8973942,14.510652,4
69784,-1.8258026,10.221404,9
69785,-1.409178,9.986375,9
69786,3.8645277,5.1758757,5
69787,6.5688977,3.9746683,3
69788,-4.230539,8.363003,7
69789,-1.9855651,14.453147,4
69790,6.6196113,4.5983763,3
69791,16.304192,6.361223,0
69792,-2.1726778,13.999104,4
69793,10.695863,2.3967032,6
69794,11.602237,3.437104,6
69795,-3.8981295,2.3588293,1
69796,-3.8174214,1.9682256,1
69797,6.074956,4.0199976,3
69798,4.584867,-0.87879395,2
69799,-4.109747,2.40489,1
69800,16.839273,7.3949,0
69801,15.981703,7.324216,0
69802,-4.198626,0.47553495,1
69803,2.0126035,-0.47537503,2
69804,6.85193,4.8276854,3
69805,-1.3874629,14.724024,4
69806,-4.013781,10.583627,7
69807,0.8087011,6.40407,8
69808,-0.77684003,11.87059,9
69809,16.014069,6.424361,0
69810,-4.295878,0.5655108,1
69811,-0.26479954,5.640886,2
69812,6.6635513,4.320187,3
69813,-0.90999913,14.536198,4
69814,3.299387,5.7443094,5
69815,10.726695,2.9234085,6
69816,-3.8532405,10.256707,7
69817,-0.05048062,5.2684145,8
69818,16.377989,6.6722107,0
69819,-4.0120435,1.7883362,1
69820,1.9936745,-0.59306586,2
69821,7.043891,4.864465,3
69822,-1.770767,14.5081,4
69823,-3.6989267,9.686472,7
69824,0.40618297,6.2038684,8
69825,-1.112791,10.827575,9
69826,15.701665,5.891269,0
69827,0.8970674,6.7467713,8
69828,6.6282277,4.363885,3
69829,-0.8224603,11.100664,9
69830,2.9934907,5.7835145,5
69831,3.33963,5.746288,5
69832,2.1075084,-0.4351182,2
69833,10.747668,3.7032828,6
69834,0.93697286,6.250857,8
69835,-1.1859651,14.863487,4
69836,-4.105849,0.34434342,1
69837,-3.7216866,10.165569,7
69838,-4.0369954,-0.13556679,1
69839,-3.4102378,9.00701,2
69840,6.898635,4.448636,3
69841,2.9976928,5.841786,5
69842,10.8392,2.5860996,6
69843,-1.7012273,10.497039,9
69844,-3.3339787,0.26833528,1
69845,-4.0551586,-0.06903577,1
69846,-4.1555934,0.7139872,1
69847,2.2600574,-1.2017796,2
69848,-4.140227,1.5155048,1
69849,1.8968108,-0.6330579,2
69850,16.572289,7.310979,0
69851,-4.3409796,10.697357,7
69852,-3.7377791,9.465344,7
69853,3.311505,5.9921293,5
69854,0.50954974,5.7943964,8
69855,1.5314354,-0.5627241,2
69856,-1.7187966,10.416298,9
69857,0.41582224,5.8488774,8
69858,10.372371,2.5384362,6
69859,-4.33329,10.41077,7
69860,7.042407,4.907493,3
69861,-0.8490726,15.049085,4
69862,10.474948,2.5132043,6
69863,0.76662064,5.782041,8
69864,-3.9851332,9.773688,7
69865,16.145657,6.3943567,0
69866,-0.7547905,15.157282,4
69867,-0.47187683,6.2202415,2
69868,-3.9091058,9.184271,7
69869,-4.42565,10.102651,7
69870,3.0145602,6.316742,5
69871,-0.9569648,14.514127,4
69872,6.9968343,5.652357,3
69873,-0.87353957,14.924848,4
69874,1.4197766,-0.45824128,2
69875,0.3421207,6.8822246,8
69876,-4.3010845,1.4802963,1
69877,2.8981252,5.51315,5
69878,-4.2573757,0.9059547,1
69879,10.816059,2.4166253,0
69880,1.9105291,-0.3996592,2
69881,6.4240913,5.157009,3
69882,5.7193975,5.524338,3
69883,9.804693,2.889796,5
69884,-4.352661,10.30455,7
69885,15.962941,6.2838473,0
69886,10.332677,3.0146928,6
69887,0.3275513,5.9934483,8
69888,10.858723,3.828538,6
69889,5.7329364,3.9823575,3
69890,-0.7264125,10.966116,9
69891,-0.81005824,10.966451,9
69892,0.34299174,5.891691,8
69893,2.0238037,-0.6952744,2
69894,-3.9368246,8.888722,7
69895,-4.0497518,9.038904,7
69896,-4.28567,0.83754516,1
69897,16.063711,7.4152822,0
69898,-3.6493685,0.2699699,1
69899,-4.3857493,9.117101,7
69900,0.32324606,5.6549053,8
69901,-1.2210134,10.377346,9
69902,16.726364,7.0197587,0
69903,-4.3671436,2.2703235,1
69904,16.874575,7.1787972,2
69905,-0.9346592,10.566735,3
69906,-2.013693,14.429948,4
69907,2.5741384,4.727403,5
69908,11.23119,2.876318,6
69909,-4.8035164,9.280768,7
69910,-0.66968757,5.0363674,8
69911,16.322676,7.3293757,0
69912,-4.024219,2.6772478,1
69913,4.65577,-0.6053667,2
69914,5.4424477,3.9901147,3
69915,-2.1724734,14.388032,4
69916,-5.097778,9.844299,7
69917,-0.5344505,5.608013,8
69918,0.13121971,10.70616,9
69919,-4.233977,9.462017,7
69920,-0.013658162,6.036683,8
69921,11.682056,3.811606,6
69922,-2.0489845,14.460732,4
69923,-3.9453518,1.7875782,1
69924,-1.2366669,9.634265,9
69925,5.674859,3.3840723,3
69926,-0.23773491,5.1311965,8
69927,-1.9030328,15.219464,4
69928,-1.620475,15.065311,4
69929,-4.43598,9.931926,7
69930,15.214544,6.5215573,0
69931,-3.045591,-0.25691894,1
69932,0.71081483,11.279475,9
69933,4.7077255,-0.87786496,2
69934,0.84526527,6.0640697,8
69935,-4.01394,9.739191,7
69936,0.17664659,5.948999,8
69937,4.7306824,-1.1912947,2
69938,11.040257,2.689425,6
69939,16.694185,7.4999433,0
69940,11.758454,4.4365,6
69941,5.342838,6.595203,5
69942,5.661669,4.105116,3
69943,5.5189967,4.3756104,3
69944,-0.0029741682,6.8369927,3
69945,-0.86796236,10.69824,9
69946,-3.702839,0.48718217,1
69947,-0.8073872,14.419525,4
69948,15.988767,7.904764,0
69949,11.764628,4.053728,6
69950,-4.1840243,1.2956598,1
69951,16.171434,6.5215144,0
69952,16.089523,7.314375,0
69953,11.817477,4.481425,6
69954,4.317211,-1.646024,2
69955,-3.9977212,2.5596473,1
69956,-3.7989385,1.7342668,1
69957,-4.4455256,9.443499,7
69958,-3.3300548,9.140483,7
69959,1.0149729,6.341411,8
69960,-0.7580562,14.2973795,4
69961,10.941857,3.7539887,6
69962,16.148634,7.6806254,0
69963,-4.9759607,9.8085785,7
69964,16.144468,6.559917,0
69965,6.381912,3.7251441,3
69966,11.793657,4.4981303,6
69967,-0.032030653,5.488591,8
69968,-4.1525154,9.038776,7
69969,-4.3149047,1.3242359,1
69970,5.269466,6.05799,5
69971,4.608069,-0.56416667,2
69972,-0.6349197,14.195209,4
69973,-0.8357721,9.978652,9
69974,-1.3911328,14.557181,4
69975,5.808894,3.287306,3
69976,10.977832,2.661705,6
69977,-1.9303007,14.1925335,4
69978,-4.129838,2.2414777,1
69979,-4.9079227,9.427099,7
69980,4.3772492,-1.6485403,2
69981,11.074566,2.4379172,6
69982,7.0943274,4.1795106,5
69983,15.224218,7.7458115,0
69984,-2.912281,-2.1889179,1
69985,2.0047553,-0.846095,2
69986,5.251921,4.653819,3
69987,-0.7217329,14.542668,4
69988,3.056397,5.5345454,5
69989,11.264677,3.1712668,6
69990,-3.707745,9.92147,7
69991,0.8386918,6.328573,8
69992,-0.20443304,10.654557,9
69993,16.201805,7.8229165,0
69994,-2.4717848,-0.5480918,1
69995,2.3405848,-0.8581244,2
69996,6.8303814,5.4574156,3
69997,-1.6331699,14.332642,4
69998,2.650158,4.7933035,5
69999,11.740647,3.8256204,6
